# EIG2DOS: Utility for SIESTA to obtain the electronic density of states
#  E. Artacho, Apr 1999, A. Garcia, Apr 2012
#  Nick R. Papior, Feb 2017
# ------------------------------------------
# Eigenvalues calculated from a non-polarized calculation
# Eigenvalues read from siesta.EIG
# Kpoint weights read from siesta.KP
# Using smearing parameter:   0.0500
# Using 1000 points in the energy range
# Selected bands: 1 to: 2981
# Emin, Emax in file for selected band(s):    -27.2516409    218.3696470
# Nbands, Nspin, Nk   =   2981     1     1
# E_F                 =    -4.2293 eV --> (shifted to ZERO)
# Broadening          =     0.0500 eV
#
#        E            N(up)  (=)   N(down)         Ntot
     -5.000000     32.182847     32.182847     64.365694
     -4.989990     36.704640     36.704640     73.409280
     -4.979980     40.886382     40.886382     81.772765
     -4.969970     44.054772     44.054772     88.109545
     -4.959960     45.638168     45.638168     91.276336
     -4.949950     45.354457     45.354457     90.708915
     -4.939940     43.313616     43.313616     86.627231
     -4.929930     40.005022     40.005022     80.010043
     -4.919920     36.193013     36.193013     72.386025
     -4.909910     32.770179     32.770179     65.540357
     -4.899900     30.604874     30.604874     61.209749
     -4.889890     30.388641     30.388641     60.777282
     -4.879880     32.477406     32.477406     64.954813
     -4.869870     36.745920     36.745920     73.491839
     -4.859860     42.517444     42.517444     85.034889
     -4.849850     48.644601     48.644601     97.289203
     -4.839840     53.771043     53.771043    107.542086
     -4.829830     56.711993     56.711993    113.423986
     -4.819820     56.811231     56.811231    113.622462
     -4.809810     54.121805     54.121805    108.243610
     -4.799800     49.333823     49.333823     98.667647
     -4.789790     43.493164     43.493164     86.986329
     -4.779780     37.647450     37.647450     75.294901
     -4.769770     32.568256     32.568256     65.136513
     -4.759760     28.634367     28.634367     57.268733
     -4.749750     25.870076     25.870076     51.740151
     -4.739740     24.070831     24.070831     48.141662
     -4.729730     22.939384     22.939384     45.878769
     -4.719720     22.184705     22.184705     44.369410
     -4.709710     21.573793     21.573793     43.147587
     -4.699700     20.952152     20.952152     41.904304
     -4.689690     20.255528     20.255528     40.511056
     -4.679680     19.525886     19.525886     39.051772
     -4.669670     18.926288     18.926288     37.852575
     -4.659660     18.735392     18.735392     37.470784
     -4.649650     19.304434     19.304434     38.608869
     -4.639640     20.977456     20.977456     41.954913
     -4.629630     23.994641     23.994641     47.989283
     -4.619620     28.403978     28.403978     56.807955
     -4.609610     33.999010     33.999010     67.998020
     -4.599600     40.295053     40.295053     80.590107
     -4.589590     46.561838     46.561838     93.123675
     -4.579580     51.935360     51.935360    103.870721
     -4.569570     55.613659     55.613659    111.227319
     -4.559560     57.095291     57.095291    114.190582
     -4.549550     56.371550     56.371550    112.743100
     -4.539540     53.974009     53.974009    107.948017
     -4.529530     50.827696     50.827696    101.655392
     -4.519520     47.947592     47.947592     95.895184
     -4.509510     46.094193     46.094193     92.188387
     -4.499499     45.528397     45.528397     91.056794
     -4.489489     45.962774     45.962774     91.925547
     -4.479479     46.718156     46.718156     93.436313
     -4.469469     47.006433     47.006433     94.012866
     -4.459459     46.215013     46.215013     92.430026
     -4.449449     44.084099     44.084099     88.168198
     -4.439439     40.731017     40.731017     81.462033
     -4.429429     36.550219     36.550219     73.100438
     -4.419419     32.064195     32.064195     64.128391
     -4.409409     27.798809     27.798809     55.597619
     -4.399399     24.215016     24.215016     48.430033
     -4.389389     21.679968     21.679968     43.359935
     -4.379379     20.439065     20.439065     40.878130
     -4.369369     20.569386     20.569386     41.138771
     -4.359359     21.934712     21.934712     43.869424
     -4.349349     24.187246     24.187246     48.374493
     -4.339339     26.847319     26.847319     53.694638
     -4.329329     29.447879     29.447879     58.895757
     -4.319319     31.687091     31.687091     63.374182
     -4.309309     33.520068     33.520068     67.040136
     -4.299299     35.145895     35.145895     70.291790
     -4.289289     36.890935     36.890935     73.781870
     -4.279279     39.030045     39.030045     78.060090
     -4.269269     41.610710     41.610710     83.221420
     -4.259259     44.349944     44.349944     88.699888
     -4.249249     46.659193     46.659193     93.318386
     -4.239239     47.813566     47.813566     95.627132
     -4.229229     47.220361     47.220361     94.440723
     -4.219219     44.681577     44.681577     89.363154
     -4.209209     40.525649     40.525649     81.051299
     -4.199199     35.531706     35.531706     71.063411
     -4.189189     30.669193     30.669193     61.338387
     -4.179179     26.770573     26.770573     53.541146
     -4.169169     24.286241     24.286241     48.572481
     -4.159159     23.221365     23.221365     46.442730
     -4.149149     23.257880     23.257880     46.515760
     -4.139139     23.979009     23.979009     47.958019
     -4.129129     25.079164     25.079164     50.158329
     -4.119119     26.464069     26.464069     52.928138
     -4.109109     28.204298     28.204298     56.408595
     -4.099099     30.374165     30.374165     60.748329
     -4.089089     32.864302     32.864302     65.728603
     -4.079079     35.278042     35.278042     70.556084
     -4.069069     36.990711     36.990711     73.981422
     -4.059059     37.369726     37.369726     74.739452
     -4.049049     36.059207     36.059207     72.118415
     -4.039039     33.183519     33.183519     66.367038
     -4.029029     29.358180     29.358180     58.716360
     -4.019019     25.498472     25.498472     50.996943
     -4.009009     22.522427     22.522427     45.044855
     -3.998999     21.089739     21.089739     42.179477
     -3.988989     21.479581     21.479581     42.959161
     -3.978979     23.622428     23.622428     47.244855
     -3.968969     27.223983     27.223983     54.447967
     -3.958959     31.896754     31.896754     63.793507
     -3.948949     37.247101     37.247101     74.494202
     -3.938939     42.916851     42.916851     85.833702
     -3.928929     48.606840     48.606840     97.213681
     -3.918919     54.099144     54.099144    108.198289
     -3.908909     59.264351     59.264351    118.528703
     -3.898899     64.025460     64.025460    128.050921
     -3.888889     68.270420     68.270420    136.540840
     -3.878879     71.748262     71.748262    143.496525
     -3.868869     74.015132     74.015132    148.030264
     -3.858859     74.488240     74.488240    148.976480
     -3.848849     72.616494     72.616494    145.232989
     -3.838839     68.111977     68.111977    136.223953
     -3.828829     61.143257     61.143257    122.286513
     -3.818819     52.395957     52.395957    104.791914
     -3.808809     42.958625     42.958625     85.917251
     -3.798799     34.066641     34.066641     68.133281
     -3.788789     26.795240     26.795240     53.590481
     -3.778779     21.807301     21.807301     43.614602
     -3.768769     19.231096     19.231096     38.462193
     -3.758759     18.690051     18.690051     37.380102
     -3.748749     19.458085     19.458085     38.916169
     -3.738739     20.686457     20.686457     41.372914
     -3.728729     21.641158     21.641158     43.282316
     -3.718719     21.895725     21.895725     43.791449
     -3.708709     21.436213     21.436213     42.872425
     -3.698699     20.651332     20.651332     41.302664
     -3.688689     20.203404     20.203404     40.406807
     -3.678679     20.805574     20.805574     41.611147
     -3.668669     22.963494     22.963494     45.926988
     -3.658659     26.763787     26.763787     53.527575
     -3.648649     31.790670     31.790670     63.581341
     -3.638639     37.214612     37.214612     74.429224
     -3.628629     42.029735     42.029735     84.059471
     -3.618619     45.350032     45.350032     90.700064
     -3.608609     46.647675     46.647675     93.295349
     -3.598599     45.849477     45.849477     91.698953
     -3.588589     43.280417     43.280417     86.560835
     -3.578579     39.509089     39.509089     79.018178
     -3.568569     35.171203     35.171203     70.342407
     -3.558559     30.824418     30.824418     61.648835
     -3.548549     26.853077     26.853077     53.706155
     -3.538539     23.424638     23.424638     46.849277
     -3.528529     20.501232     20.501232     41.002464
     -3.518519     17.908748     17.908748     35.817497
     -3.508509     15.447606     15.447606     30.895213
     -3.498498     13.004737     13.004737     26.009474
     -3.488488     10.619109     10.619109     21.238218
     -3.478478      8.474454      8.474454     16.948907
     -3.468468      6.828842      6.828842     13.657684
     -3.458458      5.916533      5.916533     11.833066
     -3.448448      5.860095      5.860095     11.720191
     -3.438438      6.617681      6.617681     13.235363
     -3.428428      7.977155      7.977155     15.954310
     -3.418418      9.601689      9.601689     19.203379
     -3.408408     11.123410     11.123410     22.246820
     -3.398398     12.264858     12.264858     24.529715
     -3.388388     12.947665     12.947665     25.895329
     -3.378378     13.341252     13.341252     26.682505
     -3.368368     13.824366     13.824366     27.648731
     -3.358358     14.871696     14.871696     29.743393
     -3.348348     16.911177     16.911177     33.822353
     -3.338338     20.201558     20.201558     40.403116
     -3.328328     24.754933     24.754933     49.509867
     -3.318318     30.300076     30.300076     60.600152
     -3.308308     36.277504     36.277504     72.555009
     -3.298298     41.878345     41.878345     83.756691
     -3.288288     46.157838     46.157838     92.315675
     -3.278278     48.237154     48.237154     96.474308
     -3.268268     47.551822     47.551822     95.103645
     -3.258258     44.050588     44.050588     88.101175
     -3.248248     38.245191     38.245191     76.490381
     -3.238238     31.074388     31.074388     62.148777
     -3.228228     23.637567     23.637567     47.275134
     -3.218218     16.913824     16.913824     33.827648
     -3.208208     11.574925     11.574925     23.149850
     -3.198198      7.937562      7.937562     15.875124
     -3.188188      6.027726      6.027726     12.055452
     -3.178178      5.690597      5.690597     11.381194
     -3.168168      6.686301      6.686301     13.372601
     -3.158158      8.747579      8.747579     17.495158
     -3.148148     11.609148     11.609148     23.218296
     -3.138138     15.028209     15.028209     30.056418
     -3.128128     18.800845     18.800845     37.601690
     -3.118118     22.759760     22.759760     45.519521
     -3.108108     26.738662     26.738662     53.477324
     -3.098098     30.514015     30.514015     61.028030
     -3.088088     33.766065     33.766065     67.532129
     -3.078078     36.105991     36.105991     72.211982
     -3.068068     37.180023     37.180023     74.360047
     -3.058058     36.804695     36.804695     73.609391
     -3.048048     35.053974     35.053974     70.107949
     -3.038038     32.239984     32.239984     64.479969
     -3.028028     28.794454     28.794454     57.588908
     -3.018018     25.121397     25.121397     50.242794
     -3.008008     21.506424     21.506424     43.012848
     -2.997998     18.125147     18.125147     36.250294
     -2.987988     15.126263     15.126263     30.252525
     -2.977978     12.721703     12.721703     25.443406
     -2.967968     11.220732     11.220732     22.441465
     -2.957958     10.984073     10.984073     21.968146
     -2.947948     12.316569     12.316569     24.633138
     -2.937938     15.340497     15.340497     30.680994
     -2.927928     19.895241     19.895241     39.790483
     -2.917918     25.501970     25.501970     51.003940
     -2.907908     31.418354     31.418354     62.836708
     -2.897898     36.784964     36.784964     73.569929
     -2.887888     40.831088     40.831088     81.662177
     -2.877878     43.074920     43.074920     86.149841
     -2.867868     43.441563     43.441563     86.883126
     -2.857858     42.246251     42.246251     84.492501
     -2.847848     40.044791     40.044791     80.089581
     -2.837838     37.413450     37.413450     74.826900
     -2.827828     34.754386     34.754386     69.508772
     -2.817818     32.209833     32.209833     64.419667
     -2.807808     29.712982     29.712982     59.425964
     -2.797798     27.134160     27.134160     54.268320
     -2.787788     24.434799     24.434799     48.869599
     -2.777778     21.743853     21.743853     43.487705
     -2.767768     19.320165     19.320165     38.640329
     -2.757758     17.431819     17.431819     34.863638
     -2.747748     16.230775     16.230775     32.461551
     -2.737738     15.700504     15.700504     31.401007
     -2.727728     15.705738     15.705738     31.411476
     -2.717718     16.106233     16.106233     32.212465
     -2.707708     16.853269     16.853269     33.706539
     -2.697698     17.998647     17.998647     35.997294
     -2.687688     19.606741     19.606741     39.213482
     -2.677678     21.631657     21.631657     43.263315
     -2.667668     23.853184     23.853184     47.706368
     -2.657658     25.930956     25.930956     51.861912
     -2.647648     27.555853     27.555853     55.111706
     -2.637638     28.606490     28.606490     57.212981
     -2.627628     29.209213     29.209213     58.418425
     -2.617618     29.661320     29.661320     59.322640
     -2.607608     30.265996     30.265996     60.531991
     -2.597598     31.179275     31.179275     62.358549
     -2.587588     32.349400     32.349400     64.698800
     -2.577578     33.558323     33.558323     67.116646
     -2.567568     34.512456     34.512456     69.024912
     -2.557558     34.920887     34.920887     69.841775
     -2.547548     34.540184     34.540184     69.080367
     -2.537538     33.209876     33.209876     66.419751
     -2.527528     30.908036     30.908036     61.816072
     -2.517518     27.819769     27.819769     55.639539
     -2.507508     24.370902     24.370902     48.741805
     -2.497497     21.175742     21.175742     42.351484
     -2.487487     18.889231     18.889231     37.778463
     -2.477477     18.011093     18.011093     36.022187
     -2.467467     18.723818     18.723818     37.447637
     -2.457457     20.837586     20.837586     41.675171
     -2.447447     23.870040     23.870040     47.740080
     -2.437437     27.230104     27.230104     54.460208
     -2.427427     30.428367     30.428367     60.856734
     -2.417417     33.222375     33.222375     66.444750
     -2.407407     35.632016     35.632016     71.264031
     -2.397397     37.819455     37.819455     75.638910
     -2.387387     39.894078     39.894078     79.788155
     -2.377377     41.743458     41.743458     83.486916
     -2.367367     42.984376     42.984376     85.968752
     -2.357357     43.072951     43.072951     86.145902
     -2.347347     41.533921     41.533921     83.067843
     -2.337337     38.205035     38.205035     76.410070
     -2.327327     33.379286     33.379286     66.758571
     -2.317317     27.775676     27.775676     55.551351
     -2.307307     22.352517     22.352517     44.705034
     -2.297297     18.047791     18.047791     36.095583
     -2.287287     15.550791     15.550791     31.101581
     -2.277277     15.175815     15.175815     30.351630
     -2.267267     16.852228     16.852228     33.704455
     -2.257257     20.201081     20.201081     40.402162
     -2.247247     24.652749     24.652749     49.305498
     -2.237237     29.566130     29.566130     59.132261
     -2.227227     34.323953     34.323953     68.647906
     -2.217217     38.392739     38.392739     76.785479
     -2.207207     41.349908     41.349908     82.699816
     -2.197197     42.893718     42.893718     85.787435
     -2.187187     42.857871     42.857871     85.715741
     -2.177177     41.243224     41.243224     82.486449
     -2.167167     38.254368     38.254368     76.508736
     -2.157157     34.304486     34.304486     68.608973
     -2.147147     29.951064     29.951064     59.902128
     -2.137137     25.758459     25.758459     51.516918
     -2.127127     22.134214     22.134214     44.268429
     -2.117117     19.217025     19.217025     38.434050
     -2.107107     16.876860     16.876860     33.753721
     -2.097097     14.828056     14.828056     29.656112
     -2.087087     12.793314     12.793314     25.586627
     -2.077077     10.633020     10.633020     21.266040
     -2.067067      8.383207      8.383207     16.766414
     -2.057057      6.202948      6.202948     12.405895
     -2.047047      4.278251      4.278251      8.556502
     -2.037037      2.739329      2.739329      5.478658
     -2.027027      1.624820      1.624820      3.249639
     -2.017017      0.893150      0.893150      1.786301
     -2.007007      0.459647      0.459647      0.919295
     -1.996997      0.235715      0.235715      0.471430
     -1.986987      0.156850      0.156850      0.313699
     -1.976977      0.198350      0.198350      0.396701
     -1.966967      0.383875      0.383875      0.767750
     -1.956957      0.791031      0.791031      1.582061
     -1.946947      1.552604      1.552604      3.105207
     -1.936937      2.845961      2.845961      5.691922
     -1.926927      4.860944      4.860944      9.721887
     -1.916917      7.741598      7.741598     15.483195
     -1.906907     11.509736     11.509736     23.019472
     -1.896897     15.994130     15.994130     31.988260
     -1.886887     20.799411     20.799411     41.598823
     -1.876877     25.344673     25.344673     50.689347
     -1.866867     28.980131     28.980131     57.960261
     -1.856857     31.157014     31.157014     62.314028
     -1.846847     31.595107     31.595107     63.190214
     -1.836837     30.380391     30.380391     60.760782
     -1.826827     27.943201     27.943201     55.886401
     -1.816817     24.913291     24.913291     49.826582
     -1.806807     21.904171     21.904171     43.808342
     -1.796797     19.316370     19.316370     38.632741
     -1.786787     17.243993     17.243993     34.487985
     -1.776777     15.519080     15.519080     31.038159
     -1.766767     13.859619     13.859619     27.719237
     -1.756757     12.038972     12.038972     24.077944
     -1.746747      9.994450      9.994450     19.988900
     -1.736737      7.837084      7.837084     15.674168
     -1.726727      5.782277      5.782277     11.564553
     -1.716717      4.056211      4.056211      8.112423
     -1.706707      2.829586      2.829586      5.659172
     -1.696697      2.198889      2.198889      4.397779
     -1.686687      2.201028      2.201028      4.402056
     -1.676677      2.830423      2.830423      5.660845
     -1.666667      4.034868      4.034868      8.069736
     -1.656657      5.689426      5.689426     11.378853
     -1.646647      7.571304      7.571304     15.142608
     -1.636637      9.368086      9.368086     18.736173
     -1.626627     10.739161     10.739161     21.478322
     -1.616617     11.420487     11.420487     22.840973
     -1.606607     11.333236     11.333236     22.666472
     -1.596597     10.646742     10.646742     21.293485
     -1.586587      9.763117      9.763117     19.526233
     -1.576577      9.223737      9.223737     18.447474
     -1.566567      9.566097      9.566097     19.132194
     -1.556557     11.170503     11.170503     22.341006
     -1.546547     14.133404     14.133404     28.266809
     -1.536537     18.198688     18.198688     36.397377
     -1.526527     22.773337     22.773337     45.546675
     -1.516517     27.040729     27.040729     54.081459
     -1.506507     30.155728     30.155728     60.311455
     -1.496496     31.468390     31.468390     62.936780
     -1.486486     30.700481     30.700481     61.400962
     -1.476476     28.010778     28.010778     56.021556
     -1.466466     23.929756     23.929756     47.859513
     -1.456456     19.197692     19.197692     38.395385
     -1.446446     14.573396     14.573396     29.146792
     -1.436436     10.678839     10.678839     21.357677
     -1.426426      7.914596      7.914596     15.829192
     -1.416416      6.443386      6.443386     12.886772
     -1.406406      6.215473      6.215473     12.430946
     -1.396396      7.009997      7.009997     14.019994
     -1.386386      8.483698      8.483698     16.967397
     -1.376376     10.234656     10.234656     20.469311
     -1.366366     11.886959     11.886959     23.773919
     -1.356356     13.181596     13.181596     26.363192
     -1.346346     14.037059     14.037059     28.074118
     -1.336336     14.543908     14.543908     29.087816
     -1.326326     14.888573     14.888573     29.777146
     -1.316316     15.244435     15.244435     30.488870
     -1.306306     15.689575     15.689575     31.379150
     -1.296296     16.191135     16.191135     32.382269
     -1.286286     16.649143     16.649143     33.298286
     -1.276276     16.954895     16.954895     33.909790
     -1.266266     17.020057     17.020057     34.040115
     -1.256256     16.768637     16.768637     33.537273
     -1.246246     16.120996     16.120996     32.241993
     -1.236236     15.004443     15.004443     30.008885
     -1.226226     13.395933     13.395933     26.791865
     -1.216216     11.367633     11.367633     22.735266
     -1.206206      9.097119      9.097119     18.194238
     -1.196196      6.827730      6.827730     13.655461
     -1.186186      4.799502      4.799502      9.599004
     -1.176176      3.189182      3.189182      6.378363
     -1.166166      2.088164      2.088164      4.176327
     -1.156156      1.520783      1.520783      3.041567
     -1.146146      1.481938      1.481938      2.963877
     -1.136136      1.965206      1.965206      3.930412
     -1.126126      2.961325      2.961325      5.922650
     -1.116116      4.425602      4.425602      8.851205
     -1.106106      6.232984      6.232984     12.465969
     -1.096096      8.152422      8.152422     16.304845
     -1.086086      9.869516      9.869516     19.739032
     -1.076076     11.065178     11.065178     22.130356
     -1.066066     11.526056     11.526056     23.052112
     -1.056056     11.237688     11.237688     22.475376
     -1.046046     10.411305     10.411305     20.822610
     -1.036036      9.422862      9.422862     18.845723
     -1.026026      8.683430      8.683430     17.366861
     -1.016016      8.491236      8.491236     16.982472
     -1.006006      8.923008      8.923008     17.846016
     -0.995996      9.805961      9.805961     19.611921
     -0.985986     10.780857     10.780857     21.561714
     -0.975976     11.432490     11.432490     22.864980
     -0.965966     11.437411     11.437411     22.874822
     -0.955956     10.670965     10.670965     21.341930
     -0.945946      9.233171      9.233171     18.466342
     -0.935936      7.390184      7.390184     14.780368
     -0.925926      5.465994      5.465994     10.931987
     -0.915916      3.736628      3.736628      7.473257
     -0.905906      2.368410      2.368410      4.736821
     -0.895896      1.413088      1.413088      2.826177
     -0.885886      0.845324      0.845324      1.690649
     -0.875876      0.615528      0.615528      1.231056
     -0.865866      0.693880      0.693880      1.387760
     -0.855856      1.091252      1.091252      2.182504
     -0.845846      1.851817      1.851817      3.703633
     -0.835836      3.019003      3.019003      6.038007
     -0.825826      4.584186      4.584186      9.168372
     -0.815816      6.437479      6.437479     12.874957
     -0.805806      8.347297      8.347297     16.694595
     -0.795796      9.990891      9.990891     19.981781
     -0.785786     11.037187     11.037187     22.074374
     -0.775776     11.253859     11.253859     22.507718
     -0.765766     10.590879     10.590879     21.181758
     -0.755756      9.199210      9.199210     18.398421
     -0.745746      7.374985      7.374985     14.749970
     -0.735736      5.457385      5.457385     10.914770
     -0.725726      3.728416      3.728416      7.456833
     -0.715716      2.354490      2.354490      4.708981
     -0.705706      1.382478      1.382478      2.764957
     -0.695696      0.776383      0.776383      1.552766
     -0.685686      0.469008      0.469008      0.938017
     -0.675676      0.406861      0.406861      0.813721
     -0.665666      0.577057      0.577057      1.154113
     -0.655656      1.013118      1.013118      2.026235
     -0.645646      1.779387      1.779387      3.558774
     -0.635636      2.935121      2.935121      5.870242
     -0.625626      4.484426      4.484426      8.968852
     -0.615616      6.328251      6.328251     12.656503
     -0.605606      8.243458      8.243458     16.486916
     -0.595596      9.911386      9.911386     19.822772
     -0.585586     10.998886     10.998886     21.997772
     -0.575576     11.265497     11.265497     22.530995
     -0.565566     10.649739     10.649739     21.299479
     -0.555556      9.292113      9.292113     18.584225
     -0.545546      7.483018      7.483018     14.966036
     -0.535536      5.561936      5.561936     11.123872
     -0.525526      3.815593      3.815593      7.631185
     -0.515516      2.415933      2.415933      4.831866
     -0.505506      1.411870      1.411870      2.823740
     -0.495495      0.761537      0.761537      1.523075
     -0.485485      0.379118      0.379118      0.758236
     -0.475475      0.174199      0.174199      0.348397
     -0.465465      0.073876      0.073876      0.147752
     -0.455455      0.028917      0.028917      0.057833
     -0.445445      0.010447      0.010447      0.020894
     -0.435435      0.003484      0.003484      0.006968
     -0.425425      0.001075      0.001075      0.002150
     -0.415415      0.000318      0.000318      0.000636
     -0.405405      0.000137      0.000137      0.000273
     -0.395395      0.000240      0.000240      0.000480
     -0.385385      0.000796      0.000796      0.001593
     -0.375375      0.002626      0.002626      0.005251
     -0.365365      0.008029      0.008029      0.016058
     -0.355355      0.022667      0.022667      0.045335
     -0.345345      0.059066      0.059066      0.118132
     -0.335335      0.142057      0.142057      0.284113
     -0.325325      0.315334      0.315334      0.630668
     -0.315315      0.646052      0.646052      1.292104
     -0.305305      1.221662      1.221662      2.443324
     -0.295295      2.132167      2.132167      4.264334
     -0.285285      3.434617      3.434617      6.869235
     -0.275275      5.106488      5.106488     10.212976
     -0.265265      7.007339      7.007339     14.014678
     -0.255255      8.875049      8.875049     17.750099
     -0.245245     10.374694     10.374694     20.749388
     -0.235235     11.193519     11.193519     22.387038
     -0.225225     11.146662     11.146662     22.293325
     -0.215215     10.244952     10.244952     20.489903
     -0.205205      8.690841      8.690841     17.381682
     -0.195195      6.804568      6.804568     13.609136
     -0.185185      4.917294      4.917294      9.834588
     -0.175175      3.279734      3.279734      6.559468
     -0.165165      2.019008      2.019008      4.038015
     -0.155155      1.147160      1.147160      2.294321
     -0.145145      0.601585      0.601585      1.203170
     -0.135135      0.291177      0.291177      0.582354
     -0.125125      0.130078      0.130078      0.260156
     -0.115115      0.053634      0.053634      0.107267
     -0.105105      0.020411      0.020411      0.040821
     -0.095095      0.007169      0.007169      0.014338
     -0.085085      0.002324      0.002324      0.004648
     -0.075075      0.000695      0.000695      0.001391
     -0.065065      0.000192      0.000192      0.000384
     -0.055055      0.000049      0.000049      0.000098
     -0.045045      0.000012      0.000012      0.000023
     -0.035035      0.000003      0.000003      0.000005
     -0.025025      0.000001      0.000001      0.000001
     -0.015015      0.000000      0.000000      0.000000
     -0.005005      0.000000      0.000000      0.000000
      0.005005      0.000000      0.000000      0.000000
      0.015015      0.000000      0.000000      0.000000
      0.025025      0.000001      0.000001      0.000001
      0.035035      0.000003      0.000003      0.000005
      0.045045      0.000012      0.000012      0.000023
      0.055055      0.000049      0.000049      0.000098
      0.065065      0.000192      0.000192      0.000384
      0.075075      0.000695      0.000695      0.001391
      0.085085      0.002324      0.002324      0.004648
      0.095095      0.007169      0.007169      0.014338
      0.105105      0.020411      0.020411      0.040821
      0.115115      0.053634      0.053634      0.107267
      0.125125      0.130078      0.130078      0.260156
      0.135135      0.291177      0.291177      0.582354
      0.145145      0.601586      0.601586      1.203171
      0.155155      1.147161      1.147161      2.294322
      0.165165      2.019009      2.019009      4.038017
      0.175175      3.279736      3.279736      6.559471
      0.185185      4.917296      4.917296      9.834592
      0.195195      6.804570      6.804570     13.609140
      0.205205      8.690843      8.690843     17.381686
      0.215215     10.244953     10.244953     20.489906
      0.225225     11.146663     11.146663     22.293326
      0.235235     11.193519     11.193519     22.387037
      0.245245     10.374693     10.374693     20.749385
      0.255255      8.875048      8.875048     17.750095
      0.265265      7.007337      7.007337     14.014674
      0.275275      5.106486      5.106486     10.212972
      0.285285      3.434616      3.434616      6.869232
      0.295295      2.132166      2.132166      4.264332
      0.305305      1.221661      1.221661      2.443322
      0.315315      0.646052      0.646052      1.292103
      0.325325      0.315334      0.315334      0.630668
      0.335335      0.142056      0.142056      0.284113
      0.345345      0.059066      0.059066      0.118132
      0.355355      0.022667      0.022667      0.045335
      0.365365      0.008029      0.008029      0.016058
      0.375375      0.002625      0.002625      0.005250
      0.385385      0.000794      0.000794      0.001587
      0.395395      0.000229      0.000229      0.000458
      0.405405      0.000092      0.000092      0.000185
      0.415415      0.000156      0.000156      0.000312
      0.425425      0.000528      0.000528      0.001056
      0.435435      0.001787      0.001787      0.003574
      0.445445      0.005610      0.005610      0.011221
      0.455455      0.016262      0.016262      0.032524
      0.465465      0.043506      0.043506      0.087012
      0.475475      0.107425      0.107425      0.214851
      0.485485      0.244823      0.244823      0.489646
      0.495495      0.514973      0.514973      1.029946
      0.505506      0.999778      0.999778      1.999556
      0.515516      1.791470      1.791470      3.582940
      0.525526      2.962800      2.962800      5.925601
      0.535536      4.522536      4.522536      9.045072
      0.545546      6.371601      6.371601     12.743201
      0.555556      8.285182      8.285182     16.570364
      0.565566      9.943582      9.943582     19.887165
      0.575576     11.014692     11.014692     22.029383
      0.585586     11.261475     11.261475     22.522950
      0.595596     10.627465     10.627465     21.254929
      0.605606      9.258538      9.258538     18.517076
      0.615616      7.450441      7.450441     14.900882
      0.625626      5.549688      5.549688     11.099375
      0.635636      3.856319      3.856319      7.712638
      0.645646      2.568978      2.568978      5.137956
      0.655656      1.784242      1.784242      3.568485
      0.665666      1.532568      1.532568      3.065137
      0.675676      1.818475      1.818475      3.636951
      0.685686      2.636785      2.636785      5.273569
      0.695696      3.954553      3.954553      7.909105
      0.705706      5.670678      5.670678     11.341356
      0.715716      7.582482      7.582482     15.164964
      0.725726      9.391836      9.391836     18.783672
      0.735736     10.767507     10.767507     21.535013
      0.745746     11.449844     11.449844     22.899688
      0.755756     11.354732     11.354732     22.709465
      0.765766     10.624987     10.624987     21.249975
      0.775776      9.597342      9.597342     19.194684
      0.785786      8.691600      8.691600     17.383200
      0.795796      8.263773      8.263773     16.527546
      0.805806      8.479625      8.479625     16.959251
      0.815816      9.255675      9.255675     18.511351
      0.825826     10.288904     10.288904     20.577807
      0.835836     11.164519     11.164519     22.329037
      0.845846     11.502165     11.502165     23.004330
      0.855856     11.084822     11.084822     22.169644
      0.865866      9.920689      9.920689     19.841379
      0.875876      8.217794      8.217794     16.435589
      0.885886      6.290744      6.290744     12.581488
      0.895896      4.447143      4.447143      8.894286
      0.905906      2.902405      2.902405      5.804810
      0.915916      1.748550      1.748550      3.497101
      0.925926      0.972428      0.972428      1.944855
      0.935936      0.499565      0.499565      0.999129
      0.945946      0.238271      0.238271      0.476543
      0.955956      0.109259      0.109259      0.218519
      0.965966      0.058770      0.058770      0.117540
      0.975976      0.061021      0.061021      0.122041
      0.985986      0.117266      0.117266      0.234532
      0.995996      0.255934      0.255934      0.511869
      1.006006      0.533682      0.533682      1.067363
      1.016016      1.032724      1.032724      2.065448
      1.026026      1.847381      1.847381      3.694763
      1.036036      3.054946      3.054946      6.109891
      1.046046      4.674395      4.674395      9.348789
      1.056056      6.628873      6.628873     13.257746
      1.066066      8.736276      8.736276     17.472552
      1.076076     10.746662     10.746662     21.493325
      1.086086     12.422138     12.422138     24.844276
      1.096096     13.625167     13.625167     27.250335
      1.106106     14.366666     14.366666     28.733332
      1.116116     14.782347     14.782347     29.564694
      1.126126     15.048953     15.048953     30.097906
      1.136136     15.292063     15.292063     30.584126
      1.146146     15.542504     15.542504     31.085008
      1.156156     15.762061     15.762061     31.524121
      1.166166     15.908213     15.908213     31.816425
      1.176176     15.982404     15.982404     31.964809
      1.186186     16.026676     16.026676     32.053353
      1.196196     16.080682     16.080682     32.161364
      1.206206     16.143798     16.143798     32.287595
      1.216216     16.177510     16.177510     32.355020
      1.226226     16.142066     16.142066     32.284131
      1.236236     16.027437     16.027437     32.054874
      1.246246     15.843656     15.843656     31.687313
      1.256256     15.575094     15.575094     31.150189
      1.266266     15.140983     15.140983     30.281966
      1.276276     14.405723     14.405723     28.811446
      1.286286     13.245185     13.245185     26.490370
      1.296296     11.631005     11.631005     23.262009
      1.306306      9.680181      9.680181     19.360361
      1.316316      7.642098      7.642098     15.284196
      1.326326      5.836888      5.836888     11.673776
      1.336336      4.584446      4.584446      9.168891
      1.346346      4.156184      4.156184      8.312368
      1.356356      4.752646      4.752646      9.505292
      1.366366      6.485691      6.485691     12.971383
      1.376376      9.343973      9.343973     18.687946
      1.386386     13.144534     13.144534     26.289068
      1.396396     17.501966     17.501966     35.003932
      1.406406     21.854926     21.854926     43.709853
      1.416416     25.566397     25.566397     51.132795
      1.426426     28.071462     28.071462     56.142924
      1.436436     29.014294     29.014294     58.028589
      1.446446     28.318967     28.318967     56.637934
      1.456456     26.174873     26.174873     52.349746
      1.466466     22.960043     22.960043     45.920085
      1.476476     19.145634     19.145634     38.291268
      1.486486     15.215233     15.215233     30.430467
      1.496496     11.609626     11.609626     23.219252
      1.506507      8.691676      8.691676     17.383351
      1.516517      6.723330      6.723330     13.446660
      1.526527      5.850548      5.850548     11.701096
      1.536537      6.094696      6.094696     12.189392
      1.546547      7.350724      7.350724     14.701449
      1.556557      9.396142      9.396142     18.792283
      1.566567     11.918423     11.918423     23.836845
      1.576577     14.565810     14.565810     29.131619
      1.586587     17.015580     17.015580     34.031161
      1.596597     19.041903     19.041903     38.083806
      1.606607     20.562297     20.562297     41.124594
      1.616617     21.649531     21.649531     43.299062
      1.626627     22.506812     22.506812     45.013624
      1.636637     23.410401     23.410401     46.820802
      1.646647     24.626808     24.626808     49.253616
      1.656657     26.319187     26.319187     52.638374
      1.666667     28.471111     28.471111     56.942221
      1.676677     30.864579     30.864579     61.729159
      1.686687     33.137586     33.137586     66.275171
      1.696697     34.911185     34.911185     69.822370
      1.706707     35.933108     35.933108     71.866216
      1.716717     36.163338     36.163338     72.326676
      1.726727     35.749106     35.749106     71.498213
      1.736737     34.898822     34.898822     69.797644
      1.746747     33.731598     33.731598     67.463197
      1.756757     32.203535     32.203535     64.407069
      1.766767     30.168551     30.168551     60.337101
      1.776777     27.543228     27.543228     55.086456
      1.786787     24.471257     24.471257     48.942513
      1.796797     21.375946     21.375946     42.751892
      1.806807     18.853147     18.853147     37.706295
      1.816817     17.447769     17.447769     34.895538
      1.826827     17.419142     17.419142     34.838284
      1.836837     18.605003     18.605003     37.210006
      1.846847     20.448140     20.448140     40.896279
      1.856857     22.180466     22.180466     44.360933
      1.866867     23.094298     23.094298     46.188597
      1.876877     22.792774     22.792774     45.585549
      1.886887     21.317098     21.317098     42.634195
      1.896897     19.099622     19.099622     38.199244
      1.906907     16.768747     16.768747     33.537493
      1.916917     14.897226     14.897226     29.794452
      1.926927     13.806698     13.806698     27.613396
      1.936937     13.508401     13.508401     27.016802
      1.946947     13.791194     13.791194     27.582389
      1.956957     14.396952     14.396952     28.793904
      1.966967     15.183281     15.183281     30.366562
      1.976977     16.183638     16.183638     32.367277
      1.986987     17.532808     17.532808     35.065616
      1.996997     19.304360     19.304360     38.608720
      2.007007     21.363470     21.363470     42.726941
      2.017017     23.336544     23.336544     46.673088
      2.027027     24.732886     24.732886     49.465773
      2.037037     25.159232     25.159232     50.318465
      2.047047     24.504826     24.504826     49.009653
      2.057057     22.987147     22.987147     45.974294
      2.067067     21.031587     21.031587     42.063173
      2.077077     19.058759     19.058759     38.117519
      2.087087     17.304703     17.304703     34.609406
      2.097097     15.770765     15.770765     31.541530
      2.107107     14.315402     14.315402     28.630803
      2.117117     12.818004     12.818004     25.636008
      2.127127     11.314790     11.314790     22.629580
      2.137137     10.037610     10.037610     20.075221
      2.147147      9.347766      9.347766     18.695532
      2.157157      9.607193      9.607193     19.214386
      2.167167     11.045524     11.045524     22.091047
      2.177177     13.667751     13.667751     27.335501
      2.187187     17.222536     17.222536     34.445072
      2.197197     21.231501     21.231501     42.463003
      2.207207     25.069440     25.069440     50.138880
      2.217217     28.080306     28.080306     56.160612
      2.227227     29.708940     29.708940     59.417880
      2.237237     29.622090     29.622090     59.244180
      2.247247     27.787568     27.787568     55.575135
      2.257257     24.483969     24.483969     48.967939
      2.267267     20.230744     20.230744     40.461488
      2.277277     15.656856     15.656856     31.313711
      2.287287     11.352749     11.352749     22.705497
      2.297297      7.758496      7.758496     15.516992
      2.307307      5.123959      5.123959     10.247919
      2.317317      3.543182      3.543182      7.086365
      2.327327      3.033390      3.033390      6.066779
      2.337337      3.613860      3.613860      7.227720
      2.347347      5.345150      5.345150     10.690299
      2.357357      8.308577      8.308577     16.617154
      2.367367     12.530614     12.530614     25.061227
      2.377377     17.879750     17.879750     35.759500
      2.387387     23.979113     23.979113     47.958225
      2.397397     30.181340     30.181340     60.362680
      2.407407     35.638274     35.638274     71.276548
      2.417417     39.466431     39.466431     78.932861
      2.427427     40.967994     40.967994     81.935988
      2.437437     39.833369     39.833369     79.666737
      2.447447     36.245278     36.245278     72.490556
      2.457457     30.836475     30.836475     61.672950
      2.467467     24.512972     24.512972     49.025945
      2.477477     18.212711     18.212711     36.425422
      2.487487     12.693720     12.693720     25.387439
      2.497497      8.423390      8.423390     16.846781
      2.507508      5.586607      5.586607     11.173213
      2.517518      4.176640      4.176640      8.353281
      2.527528      4.105655      4.105655      8.211310
      2.537538      5.278595      5.278595     10.557189
      2.547548      7.604432      7.604432     15.208864
      2.557558     10.953970     10.953970     21.907941
      2.567568     15.098463     15.098463     30.196925
      2.577578     19.670569     19.670569     39.341138
      2.587588     24.178593     24.178593     48.357186
      2.597598     28.082069     28.082069     56.164138
      2.607608     30.910312     30.910312     61.820625
      2.617618     32.384648     32.384648     64.769295
      2.627628     32.497958     32.497958     64.995916
      2.637638     31.517431     31.517431     63.034862
      2.647648     29.906602     29.906602     59.813205
      2.657658     28.198740     28.198740     56.397481
      2.667668     26.874895     26.874895     53.749790
      2.677678     26.291236     26.291236     52.582473
      2.687688     26.665866     26.665866     53.331732
      2.697698     28.098694     28.098694     56.197389
      2.707708     30.584427     30.584427     61.168854
      2.717718     33.995225     33.995225     67.990451
      2.727728     38.041970     38.041970     76.083940
      2.737738     42.249606     42.249606     84.499212
      2.747748     45.988215     45.988215     91.976429
      2.757758     48.583379     48.583379     97.166758
      2.767768     49.491405     49.491405     98.982810
      2.777778     48.481096     48.481096     96.962192
      2.787788     45.738539     45.738539     91.477078
      2.797798     41.828951     41.828951     83.657903
      2.807808     37.512170     37.512170     75.024340
      2.817818     33.484511     33.484511     66.969023
      2.827828     30.161595     30.161595     60.323189
      2.837838     27.595735     27.595735     55.191469
      2.847848     25.551050     25.551050     51.102101
      2.857858     23.683667     23.683667     47.367334
      2.867868     21.734236     21.734236     43.468472
      2.877878     19.648293     19.648293     39.296585
      2.887888     17.582472     17.582472     35.164943
      2.897898     15.807430     15.807430     31.614860
      2.907908     14.561381     14.561381     29.122762
      2.917918     13.927360     13.927360     27.854720
      2.927928     13.794384     13.794384     27.588768
      2.937938     13.919716     13.919716     27.839433
      2.947948     14.054812     14.054812     28.109623
      2.957958     14.061168     14.061168     28.122337
      2.967968     13.948461     13.948461     27.896923
      2.977978     13.815642     13.815642     27.631283
      2.987988     13.737162     13.737162     27.474324
      2.997998     13.670991     13.670991     27.341981
      3.008008     13.449382     13.449382     26.898765
      3.018018     12.858537     12.858537     25.717073
      3.028028     11.757095     11.757095     23.514190
      3.038038     10.163044     10.163044     20.326087
      3.048048      8.264110      8.264110     16.528220
      3.058058      6.356016      6.356016     12.712032
      3.068068      4.750602      4.750602      9.501205
      3.078078      3.699858      3.699858      7.399717
      3.088088      3.357122      3.357122      6.714243
      3.098098      3.767012      3.767012      7.534023
      3.108108      4.863592      4.863592      9.727184
      3.118118      6.467487      6.467487     12.934974
      3.128128      8.293970      8.293970     16.587941
      3.138138      9.994743      9.994743     19.989487
      3.148148     11.243691     11.243691     22.487381
      3.158158     11.846874     11.846874     23.693748
      3.168168     11.830208     11.830208     23.660415
      3.178178     11.455829     11.455829     22.911658
      3.188188     11.145772     11.145772     22.291543
      3.198198     11.334349     11.334349     22.668697
      3.208208     12.304457     12.304457     24.608915
      3.218218     14.070754     14.070754     28.141509
      3.228228     16.353376     16.353376     32.706753
      3.238238     18.651226     18.651226     37.302453
      3.248248     20.388681     20.388681     40.777361
      3.258258     21.085519     21.085519     42.171039
      3.268268     20.493580     20.493580     40.987160
      3.278278     18.656715     18.656715     37.313430
      3.288288     15.878898     15.878898     31.757797
      3.298298     12.618690     12.618690     25.237380
      3.308308      9.353336      9.353336     18.706672
      3.318318      6.462096      6.462096     12.924192
      3.328328      4.164020      4.164020      8.328039
      3.338338      2.518942      2.518942      5.037884
      3.348348      1.475630      1.475630      2.951260
      3.358358      0.938518      0.938518      1.877037
      3.368368      0.826009      0.826009      1.652017
      3.378378      1.102934      1.102934      2.205868
      3.388388      1.780304      1.780304      3.560608
      3.398398      2.884029      2.884029      5.768057
      3.408408      4.402841      4.402841      8.805683
      3.418418      6.235614      6.235614     12.471229
      3.428428      8.165846      8.165846     16.331692
      3.438438      9.887755      9.887755     19.775509
      3.448448     11.088614     11.088614     22.177227
      3.458458     11.561557     11.561557     23.123115
      3.468468     11.299393     11.299393     22.598785
      3.478478     10.520608     10.520608     21.041216
      3.488488      9.607250      9.607250     19.214501
      3.498498      8.975787      8.975787     17.951574
      3.508509      8.933658      8.933658     17.867317
      3.518519      9.580286      9.580286     19.160571
      3.528529     10.790962     10.790962     21.581924
      3.538539     12.285616     12.285616     24.571233
      3.548549     13.747103     13.747103     27.494207
      3.558559     14.931595     14.931595     29.863190
      3.568569     15.719760     15.719760     31.439521
      3.578579     16.092558     16.092558     32.185116
      3.588589     16.061416     16.061416     32.122833
      3.598599     15.609328     15.609328     31.218655
      3.608609     14.686617     14.686617     29.373235
      3.618619     13.261491     13.261491     26.522981
      3.628629     11.383848     11.383848     22.767696
      3.638639      9.212407      9.212407     18.424813
      3.648649      6.983541      6.983541     13.967081
      3.658659      4.940896      4.940896      9.881792
      3.668669      3.267464      3.267464      6.534927
      3.678679      2.054366      2.054366      4.108731
      3.688689      1.314339      1.314339      2.628678
      3.698699      1.023076      1.023076      2.046152
      3.708709      1.161179      1.161179      2.322359
      3.718719      1.733682      1.733682      3.467364
      3.728729      2.756493      2.756493      5.512987
      3.738739      4.214285      4.214285      8.428571
      3.748749      6.009059      6.009059     12.018118
      3.758759      7.928522      7.928522     15.857044
      3.768769      9.661352      9.661352     19.322704
      3.778779     10.867686     10.867686     21.735373
      3.788789     11.283385     11.283385     22.566770
      3.798799     10.812660     10.812660     21.625319
      3.808809      9.563425      9.563425     19.126851
      3.818819      7.806952      7.806952     15.613904
      3.828829      5.882156      5.882156     11.764311
      3.838839      4.090522      4.090522      8.181044
      3.848849      2.625489      2.625489      5.250978
      3.858859      1.555411      1.555411      3.110822
      3.868869      0.850714      0.850714      1.701428
      3.878879      0.430249      0.430249      0.860498
      3.888889      0.203441      0.203441      0.406882
      3.898899      0.096574      0.096574      0.193148
      3.908909      0.063537      0.063537      0.127075
      3.918919      0.087688      0.087688      0.175376
      3.928929      0.181613      0.181613      0.363226
      3.938939      0.387880      0.387880      0.775760
      3.948949      0.778934      0.778934      1.557869
      3.958959      1.450416      1.450416      2.900832
      3.968969      2.501697      2.501697      5.003394
      3.978979      4.002602      4.002602      8.005204
      3.988989      5.955613      5.955613     11.911226
      3.998999      8.272903      8.272903     16.545805
      4.009009     10.787981     10.787981     21.575962
      4.019019     13.306234     13.306234     26.612468
      4.029029     15.672573     15.672573     31.345147
      4.039039     17.815705     17.815705     35.631410
      4.049049     19.735897     19.735897     39.471794
      4.059059     21.438413     21.438413     42.876826
      4.069069     22.856142     22.856142     45.712285
      4.079079     23.820758     23.820758     47.641517
      4.089089     24.116032     24.116032     48.232063
      4.099099     23.593970     23.593970     47.187939
      4.109109     22.289622     22.289622     44.579244
      4.119119     20.464253     20.464253     40.928505
      4.129129     18.544038     18.544038     37.088075
      4.139139     16.979754     16.979754     33.959508
      4.149149     16.097034     16.097034     32.194067
      4.159159     16.010663     16.010663     32.021326
      4.169169     16.637753     16.637753     33.275507
      4.179179     17.786802     17.786802     35.573603
      4.189189     19.258865     19.258865     38.517730
      4.199199     20.899618     20.899618     41.799236
      4.209209     22.584274     22.584274     45.168549
      4.219219     24.169388     24.169388     48.338777
      4.229229     25.467675     25.467675     50.935350
      4.239239     26.278579     26.278579     52.557159
      4.249249     26.458786     26.458786     52.917572
      4.259259     25.983006     25.983006     51.966012
      4.269269     24.952719     24.952719     49.905438
      4.279279     23.550637     23.550637     47.101275
      4.289289     21.976491     21.976491     43.952982
      4.299299     20.404533     20.404533     40.809066
      4.309309     18.974848     18.974848     37.949696
      4.319319     17.798501     17.798501     35.597002
      4.329329     16.951455     16.951455     33.902910
      4.339339     16.456796     16.456796     32.913592
      4.349349     16.281263     16.281263     32.562527
      4.359359     16.369176     16.369176     32.738353
      4.369369     16.701633     16.701633     33.403265
      4.379379     17.332574     17.332574     34.665148
      4.389389     18.353973     18.353973     36.707947
      4.399399     19.789366     19.789366     39.578733
      4.409409     21.476497     21.476497     42.952993
      4.419419     23.026615     23.026615     46.053230
      4.429429     23.912672     23.912672     47.825344
      4.439439     23.660163     23.660163     47.320326
      4.449449     22.045870     22.045870     44.091741
      4.459459     19.199288     19.199288     38.398576
      4.469469     15.556310     15.556310     31.112621
      4.479479     11.696705     11.696705     23.393411
      4.489489      8.152571      8.152571     16.305141
      4.499499      5.274718      5.274718     10.549437
      4.509510      3.198518      3.198518      6.397035
      4.519520      1.896243      1.896243      3.792487
      4.529530      1.270841      1.270841      2.541682
      4.539540      1.244122      1.244122      2.488245
      4.549550      1.808461      1.808461      3.616921
      4.559560      3.029009      3.029009      6.058019
      4.569570      4.996731      4.996731      9.993461
      4.579580      7.744800      7.744800     15.489600
      4.589590     11.156785     11.156785     22.313569
      4.599600     14.910073     14.910073     29.820146
      4.609610     18.498522     18.498522     36.997043
      4.619620     21.351842     21.351842     42.703684
      4.629630     23.020149     23.020149     46.040298
      4.639640     23.346102     23.346102     46.692203
      4.649650     22.537390     22.537390     45.074780
      4.659660     21.093973     21.093973     42.187945
      4.669670     19.618005     19.618005     39.236010
      4.679680     18.595566     18.595566     37.191131
      4.689690     18.249667     18.249667     36.499334
      4.699700     18.519019     18.519019     37.038039
      4.709710     19.148459     19.148459     38.296918
      4.719720     19.828468     19.828468     39.656935
      4.729730     20.316468     20.316468     40.632936
      4.739740     20.502078     20.502078     41.004157
      4.749750     20.413415     20.413415     40.826830
      4.759760     20.180530     20.180530     40.361060
      4.769770     19.975293     19.975293     39.950586
      4.779780     19.946744     19.946744     39.893488
      4.789790     20.173047     20.173047     40.346095
      4.799800     20.648932     20.648932     41.297864
      4.809810     21.313455     21.313455     42.626910
      4.819820     22.101748     22.101748     44.203496
      4.829830     22.990099     22.990099     45.980198
      4.839840     24.006478     24.006478     48.012955
      4.849850     25.196725     25.196725     50.393451
      4.859860     26.560885     26.560885     53.121769
      4.869870     27.994414     27.994414     55.988827
      4.879880     29.275028     29.275028     58.550055
      4.889890     30.118727     30.118727     60.237453
      4.899900     30.289993     30.289993     60.579985
      4.909910     29.712220     29.712220     59.424440
      4.919920     28.515626     28.515626     57.031251
      4.929930     26.993893     26.993893     53.987787
      4.939940     25.495415     25.495415     50.990830
      4.949950     24.308864     24.308864     48.617727
      4.959960     23.592617     23.592617     47.185234
      4.969970     23.358468     23.358468     46.716936
      4.979980     23.488647     23.488647     46.977294
      4.989990     23.763592     23.763592     47.527184
      5.000000     23.896681     23.896681     47.793362
