# EIG2DOS: Utility for SIESTA to obtain the electronic density of states
#  E. Artacho, Apr 1999, A. Garcia, Apr 2012
#  Nick R. Papior, Feb 2017
# ------------------------------------------
# Eigenvalues calculated from a non-polarized calculation
# Eigenvalues read from siesta.EIG
# Kpoint weights read from siesta.KP
# Using smearing parameter:   0.0500
# Using 1000 points in the energy range
# Selected bands: 1 to: 2981
# Emin, Emax in file for selected band(s):    -27.0576008    218.3175030
# Nbands, Nspin, Nk   =   2981     1     1
# E_F                 =    -4.2950 eV --> (shifted to ZERO)
# Broadening          =     0.0500 eV
#
#        E            N(up)  (=)   N(down)         Ntot
     -5.000000     45.481143     45.481143     90.962285
     -4.989990     47.838020     47.838020     95.676041
     -4.979980     48.893684     48.893684     97.787367
     -4.969970     48.657694     48.657694     97.315388
     -4.959960     47.245013     47.245013     94.490025
     -4.949950     44.849299     44.849299     89.698597
     -4.939940     41.734768     41.734768     83.469536
     -4.929930     38.246254     38.246254     76.492509
     -4.919920     34.826070     34.826070     69.652141
     -4.909910     32.018286     32.018286     64.036573
     -4.899900     30.434427     30.434427     60.868854
     -4.889890     30.653878     30.653878     61.307756
     -4.879880     33.051032     33.051032     66.102064
     -4.869870     37.587164     37.587164     75.174329
     -4.859860     43.659892     43.659892     87.319784
     -4.849850     50.122843     50.122843    100.245685
     -4.839840     55.535372     55.535372    111.070744
     -4.829830     58.586411     58.586411    117.172822
     -4.819820     58.523759     58.523759    117.047518
     -4.809810     55.391400     55.391400    110.782800
     -4.799800     49.964914     49.964914     99.929828
     -4.789790     43.429401     43.429401     86.858802
     -4.779780     36.967021     36.967021     73.934042
     -4.769770     31.438196     31.438196     62.876393
     -4.759760     27.255948     27.255948     54.511897
     -4.749750     24.437428     24.437428     48.874857
     -4.739740     22.745540     22.745540     45.491079
     -4.729730     21.832331     21.832331     43.664662
     -4.719720     21.337613     21.337613     42.675226
     -4.709710     20.939384     20.939384     41.878768
     -4.699700     20.375391     20.375391     40.750782
     -4.689690     19.459027     19.459027     38.918053
     -4.679680     18.105722     18.105722     36.211443
     -4.669670     16.372199     16.372199     32.744397
     -4.659660     14.494219     14.494219     28.988438
     -4.649650     12.897084     12.897084     25.794169
     -4.639640     12.154506     12.154506     24.309012
     -4.629630     12.884905     12.884905     25.769811
     -4.619620     15.593259     15.593259     31.186518
     -4.609610     20.487388     20.487388     40.974777
     -4.599600     27.319980     27.319980     54.639961
     -4.589590     35.325525     35.325525     70.651049
     -4.579580     43.316375     43.316375     86.632750
     -4.569570     49.956074     49.956074     99.912147
     -4.559560     54.146833     54.146833    108.293666
     -4.549550     55.391810     55.391810    110.783619
     -4.539540     53.974433     53.974433    107.948866
     -4.529530     50.861877     50.861877    101.723753
     -4.519520     47.361003     47.361003     94.722005
     -4.509510     44.667723     44.667723     89.335447
     -4.499499     43.493586     43.493586     86.987171
     -4.489489     43.907295     43.907295     87.814590
     -4.479479     45.424020     45.424020     90.848039
     -4.469469     47.268613     47.268613     94.537226
     -4.459459     48.680301     48.680301     97.360601
     -4.449449     49.135255     49.135255     98.270509
     -4.439439     48.425152     48.425152     96.850303
     -4.429429     46.607768     46.607768     93.215537
     -4.419419     43.900326     43.900326     87.800652
     -4.409409     40.592602     40.592602     81.185205
     -4.399399     37.016437     37.016437     74.032874
     -4.389389     33.550676     33.550676     67.101352
     -4.379379     30.607280     30.607280     61.214561
     -4.369369     28.560428     28.560428     57.120856
     -4.359359     27.633777     27.633777     55.267554
     -4.349349     27.809141     27.809141     55.618281
     -4.339339     28.822667     28.822667     57.645334
     -4.329329     30.267411     30.267411     60.534821
     -4.319319     31.757803     31.757803     63.515606
     -4.309309     33.076219     33.076219     66.152437
     -4.299299     34.234983     34.234983     68.469966
     -4.289289     35.433197     35.433197     70.866395
     -4.279279     36.933668     36.933668     73.867336
     -4.269269     38.909234     38.909234     77.818468
     -4.259259     41.311435     41.311435     82.622870
     -4.249249     43.809854     43.809854     87.619707
     -4.239239     45.839441     45.839441     91.678881
     -4.229229     46.764080     46.764080     93.528160
     -4.219219     46.112497     46.112497     92.224993
     -4.209209     43.789526     43.789526     87.579053
     -4.199199     40.153772     40.153772     80.307544
     -4.189189     35.907256     35.907256     71.814512
     -4.179179     31.841159     31.841159     63.682317
     -4.169169     28.561921     28.561921     57.123843
     -4.159159     26.329636     26.329636     52.659273
     -4.149149     25.072362     25.072362     50.144724
     -4.139139     24.543401     24.543401     49.086802
     -4.129129     24.521690     24.521690     49.043379
     -4.119119     24.947034     24.947034     49.894068
     -4.109109     25.923966     25.923966     51.847931
     -4.099099     27.594972     27.594972     55.189945
     -4.089089     29.950085     29.950085     59.900169
     -4.079079     32.680881     32.680881     65.361761
     -4.069069     35.178992     35.178992     70.357984
     -4.059059     36.712794     36.712794     73.425588
     -4.049049     36.716117     36.716117     73.432235
     -4.039039     35.047292     35.047292     70.094585
     -4.029029     32.080220     32.080220     64.160440
     -4.019019     28.578036     28.578036     57.156071
     -4.009009     25.419976     25.419976     50.839951
     -3.998999     23.325041     23.325041     46.650082
     -3.988989     22.697370     22.697370     45.394740
     -3.978979     23.628821     23.628821     47.257643
     -3.968969     26.001188     26.001188     52.002376
     -3.958959     29.594980     29.594980     59.189960
     -3.948949     34.146025     34.146025     68.292051
     -3.938939     39.355782     39.355782     78.711565
     -3.928929     44.900707     44.900707     89.801413
     -3.918919     50.473003     50.473003    100.946007
     -3.908909     55.838214     55.838214    111.676427
     -3.898899     60.859485     60.859485    121.718969
     -3.888889     65.447477     65.447477    130.894953
     -3.878879     69.445334     69.445334    138.890668
     -3.868869     72.514542     72.514542    145.029084
     -3.858859     74.108600     74.108600    148.217201
     -3.848849     73.587603     73.587603    147.175206
     -3.838839     70.452219     70.452219    140.904439
     -3.828829     64.601253     64.601253    129.202506
     -3.818819     56.487882     56.487882    112.975763
     -3.808809     47.087070     47.087070     94.174141
     -3.798799     37.672261     37.672261     75.344523
     -3.788789     29.485395     29.485395     58.970790
     -3.778779     23.424529     23.424529     46.849059
     -3.768769     19.852937     19.852937     39.705874
     -3.758759     18.574142     18.574142     37.148283
     -3.748749     18.955925     18.955925     37.911849
     -3.738739     20.148687     20.148687     40.297374
     -3.728729     21.333252     21.333252     42.666504
     -3.718719     21.939355     21.939355     43.878710
     -3.708709     21.787834     21.787834     43.575668
     -3.698699     21.123729     21.123729     42.247458
     -3.688689     20.526994     20.526994     41.053989
     -3.678679     20.715387     20.715387     41.430774
     -3.668669     22.288053     22.288053     44.576105
     -3.658659     25.488065     25.488065     50.976131
     -3.648649     30.070858     30.070858     60.141716
     -3.638639     35.338352     35.338352     70.676703
     -3.628629     40.336461     40.336461     80.672922
     -3.618619     44.141709     44.141709     88.283419
     -3.608609     46.121378     46.121378     92.242755
     -3.598599     46.069224     46.069224     92.138448
     -3.588589     44.186256     44.186256     88.372511
     -3.578579     40.949099     40.949099     81.898198
     -3.568569     36.942053     36.942053     73.884105
     -3.558559     32.712692     32.712692     65.425385
     -3.548549     28.673631     28.673631     57.347262
     -3.538539     25.050324     25.050324     50.100647
     -3.528529     21.875738     21.875738     43.751475
     -3.518519     19.037425     19.037425     38.074850
     -3.508509     16.370506     16.370506     32.741012
     -3.498498     13.764892     13.764892     27.529785
     -3.488488     11.240412     11.240412     22.480823
     -3.478478      8.956523      8.956523     17.913046
     -3.468468      7.156623      7.156623     14.313246
     -3.458458      6.076433      6.076433     12.152866
     -3.448448      5.854346      5.854346     11.708692
     -3.438438      6.471727      6.471727     12.943454
     -3.428428      7.737840      7.737840     15.475680
     -3.418418      9.325930      9.325930     18.651860
     -3.408408     10.859252     10.859252     21.718504
     -3.398398     12.030116     12.030116     24.060231
     -3.388388     12.713937     12.713937     25.427874
     -3.378378     13.029902     13.029902     26.059805
     -3.368368     13.315173     13.315173     26.630346
     -3.358358     14.017548     14.017548     28.035095
     -3.348348     15.549231     15.549231     31.098461
     -3.338338     18.156242     18.156242     36.312484
     -3.328328     21.838256     21.838256     43.676511
     -3.318318     26.322278     26.322278     52.644556
     -3.308308     31.078857     31.078857     62.157713
     -3.298298     35.380718     35.380718     70.761435
     -3.288288     38.420083     38.420083     76.840166
     -3.278278     39.490830     39.490830     78.981661
     -3.268268     38.197692     38.197692     76.395384
     -3.258258     34.608871     34.608871     69.217742
     -3.248248     29.267444     29.267444     58.534888
     -3.238238     23.036958     23.036958     46.073917
     -3.228228     16.842570     16.842570     33.685141
     -3.218218     11.421477     11.421477     22.842954
     -3.208208      7.181214      7.181214     14.362428
     -3.198198      4.198374      4.198374      8.396747
     -3.188188      2.321884      2.321884      4.643768
     -3.178178      1.313254      1.313254      2.626507
     -3.168168      0.966411      0.966411      1.932823
     -3.158158      1.180163      1.180163      2.360326
     -3.148148      1.981553      1.981553      3.963107
     -3.138138      3.507739      3.507739      7.015477
     -3.128128      5.952471      5.952471     11.904943
     -3.118118      9.482970      9.482970     18.965941
     -3.108108     14.141339     14.141339     28.282678
     -3.098098     19.759052     19.759052     39.518104
     -3.088088     25.921700     25.921700     51.843399
     -3.078078     32.012055     32.012055     64.024111
     -3.068068     37.330334     37.330334     74.660669
     -3.058058     41.254250     41.254250     82.508501
     -3.048048     43.380034     43.380034     86.760067
     -3.038038     43.594792     43.594792     87.189583
     -3.028028     42.066293     42.066293     84.132585
     -3.018018     39.175155     39.175155     78.350309
     -3.008008     35.430885     35.430885     70.861771
     -2.997998     31.399847     31.399847     62.799695
     -2.987988     27.646784     27.646784     55.293568
     -2.977978     24.677427     24.677427     49.354853
     -2.967968     22.878530     22.878530     45.757059
     -2.957958     22.469968     22.469968     44.939935
     -2.947948     23.488140     23.488140     46.976279
     -2.937938     25.802779     25.802779     51.605558
     -2.927928     29.146877     29.146877     58.293753
     -2.917918     33.136791     33.136791     66.273582
     -2.907908     37.283308     37.283308     74.566616
     -2.897898     41.022803     41.022803     82.045606
     -2.887888     43.799716     43.799716     87.599433
     -2.877878     45.197271     45.197271     90.394542
     -2.867868     45.066170     45.066170     90.132339
     -2.857858     43.579686     43.579686     87.159371
     -2.847848     41.170104     41.170104     82.340207
     -2.837838     38.362920     38.362920     76.725840
     -2.827828     35.583200     35.583200     71.166400
     -2.817818     33.026392     33.026392     66.052784
     -2.807808     30.652354     30.652354     61.304707
     -2.797798     28.295642     28.295642     56.591283
     -2.787788     25.824381     25.824381     51.648761
     -2.777778     23.257676     23.257676     46.515352
     -2.767768     20.779353     20.779353     41.558706
     -2.757758     18.647680     18.647680     37.295360
     -2.747748     17.061469     17.061469     34.122939
     -2.737738     16.067212     16.067212     32.134423
     -2.727728     15.564734     15.564734     31.129467
     -2.717718     15.405617     15.405617     30.811233
     -2.707708     15.517800     15.517800     31.035600
     -2.697698     15.970526     15.970526     31.941052
     -2.687688     16.930513     16.930513     33.861027
     -2.677678     18.531569     18.531569     37.063138
     -2.667668     20.740301     20.740301     41.480602
     -2.657658     23.309117     23.309117     46.618235
     -2.647648     25.855614     25.855614     51.711228
     -2.637638     28.026528     28.026528     56.053056
     -2.627628     29.648335     29.648335     59.296670
     -2.617618     30.774895     30.774895     61.549791
     -2.607608     31.610794     31.610794     63.221589
     -2.597598     32.368691     32.368691     64.737381
     -2.587588     33.152534     33.152534     66.305068
     -2.577578     33.924733     33.924733     67.849466
     -2.567568     34.547031     34.547031     69.094062
     -2.557558     34.840417     34.840417     69.680834
     -2.547548     34.621600     34.621600     69.243200
     -2.537538     33.721525     33.721525     67.443051
     -2.527528     32.022890     32.022890     64.045780
     -2.517518     29.535588     29.535588     59.071176
     -2.507508     26.478568     26.478568     52.957135
     -2.497497     23.302948     23.302948     46.605895
     -2.487487     20.609334     20.609334     41.218668
     -2.477477     18.972559     18.972559     37.945118
     -2.467467     18.746796     18.746796     37.493593
     -2.457457     19.943205     19.943205     39.886411
     -2.447447     22.240630     22.240630     44.481261
     -2.437437     25.126864     25.126864     50.253728
     -2.427427     28.106182     28.106182     56.212363
     -2.417417     30.877000     30.877000     61.753999
     -2.407407     33.396462     33.396462     66.792923
     -2.397397     35.801946     35.801946     71.603892
     -2.387387     38.229626     38.229626     76.459252
     -2.377377     40.623890     40.623890     81.247781
     -2.367367     42.641281     42.641281     85.282561
     -2.357357     43.711243     43.711243     87.422487
     -2.347347     43.240877     43.240877     86.481754
     -2.337337     40.877418     40.877418     81.754836
     -2.327327     36.708311     36.708311     73.416621
     -2.317317     31.304562     31.304562     62.609123
     -2.307307     25.586639     25.586639     51.173278
     -2.297297     20.572927     20.572927     41.145854
     -2.287287     17.114549     17.114549     34.229098
     -2.277277     15.709065     15.709065     31.418130
     -2.267267     16.436322     16.436322     32.872644
     -2.257257     19.007223     19.007223     38.014445
     -2.247247     22.884818     22.884818     45.769636
     -2.237237     27.429326     27.429326     54.858652
     -2.227227     32.024537     32.024537     64.049073
     -2.217217     36.155955     36.155955     72.311910
     -2.207207     39.431453     39.431453     78.862907
     -2.197197     41.561724     41.561724     83.123448
     -2.187187     42.338739     42.338739     84.677477
     -2.177177     41.648768     41.648768     83.297536
     -2.167167     39.526029     39.526029     79.052058
     -2.157157     36.210151     36.210151     72.420301
     -2.147147     32.147961     32.147961     64.295921
     -2.137137     27.901772     27.901772     55.803544
     -2.127127     23.984617     23.984617     47.969234
     -2.117117     20.698388     20.698388     41.396776
     -2.107107     18.060888     18.060888     36.121776
     -2.097097     15.860832     15.860832     31.721664
     -2.087087     13.806576     13.806576     27.613152
     -2.077077     11.684460     11.684460     23.368919
     -2.067067      9.447250      9.447250     18.894500
     -2.057057      7.203344      7.203344     14.406689
     -2.047047      5.135191      5.135191     10.270383
     -2.037037      3.404603      3.404603      6.809205
     -2.027027      2.092917      2.092917      4.185834
     -2.017017      1.191874      1.191874      2.383749
     -2.007007      0.631746      0.631746      1.263492
     -1.996997      0.321917      0.321917      0.643835
     -1.986987      0.184781      0.184781      0.369561
     -1.976977      0.176121      0.176121      0.352241
     -1.966967      0.294279      0.294279      0.588558
     -1.956957      0.582358      0.582358      1.164715
     -1.946947      1.124223      1.124223      2.248447
     -1.936937      2.030586      2.030586      4.061172
     -1.926927      3.410584      3.410584      6.821167
     -1.916917      5.329596      5.329596     10.659193
     -1.906907      7.763825      7.763825     15.527651
     -1.896897     10.570485     10.570485     21.140970
     -1.886887     13.491945     13.491945     26.983890
     -1.876877     16.200409     16.200409     32.400819
     -1.866867     18.372359     18.372359     36.744717
     -1.856857     19.769299     19.769299     39.538598
     -1.846847     20.299425     20.299425     40.598850
     -1.836837     20.041334     20.041334     40.082669
     -1.826827     19.220055     19.220055     38.440111
     -1.816817     18.136165     18.136165     36.272330
     -1.806807     17.064126     17.064126     34.128252
     -1.796797     16.154763     16.154763     32.309525
     -1.786787     15.386554     15.386554     30.773107
     -1.776777     14.596202     14.596202     29.192405
     -1.766767     13.580819     13.580819     27.161637
     -1.756757     12.223495     12.223495     24.446990
     -1.746747     10.579415     10.579415     21.158831
     -1.736737      8.881881      8.881881     17.763762
     -1.726727      7.470815      7.470815     14.941630
     -1.716717      6.681477      6.681477     13.362955
     -1.706707      6.740050      6.740050     13.480099
     -1.696697      7.699025      7.699025     15.398051
     -1.686687      9.424762      9.424762     18.849523
     -1.676677     11.633410     11.633410     23.266821
     -1.666667     13.960475     13.960475     27.920951
     -1.656657     16.041038     16.041038     32.082075
     -1.646647     17.575461     17.575461     35.150922
     -1.636637     18.364796     18.364796     36.729591
     -1.626627     18.318952     18.318952     36.637903
     -1.616617     17.455739     17.455739     34.911478
     -1.606607     15.906939     15.906939     31.813879
     -1.596597     13.930033     13.930033     27.860065
     -1.586587     11.906818     11.906818     23.813636
     -1.576577     10.308009     10.308009     20.616017
     -1.566567      9.616546      9.616546     19.233092
     -1.556557     10.220474     10.220474     20.440948
     -1.546547     12.299050     12.299050     24.598100
     -1.536537     15.732810     15.732810     31.465619
     -1.526527     20.071460     20.071460     40.142920
     -1.516517     24.588176     24.588176     49.176352
     -1.506507     28.426699     28.426699     56.853399
     -1.496496     30.809999     30.809999     61.619997
     -1.486486     31.244443     31.244443     62.488886
     -1.476476     29.645748     29.645748     59.291496
     -1.466466     26.342221     26.342221     52.684442
     -1.456456     21.962243     21.962243     43.924485
     -1.446446     17.257533     17.257533     34.515066
     -1.436436     12.928961     12.928961     25.857923
     -1.426426      9.504781      9.504781     19.009562
     -1.416416      7.287159      7.287159     14.574319
     -1.406406      6.352804      6.352804     12.705609
     -1.396396      6.582210      6.582210     13.164420
     -1.386386      7.701052      7.701052     15.402104
     -1.376376      9.334478      9.334478     18.668956
     -1.366366     11.082675     11.082675     22.165349
     -1.356356     12.614189     12.614189     25.228379
     -1.346346     13.749942     13.749942     27.499883
     -1.336336     14.497703     14.497703     28.995406
     -1.326326     15.012155     15.012155     30.024311
     -1.316316     15.495024     15.495024     30.990048
     -1.306306     16.086000     16.086000     32.172000
     -1.296296     16.799403     16.799403     33.598806
     -1.286286     17.529354     17.529354     35.058708
     -1.276276     18.103027     18.103027     36.206054
     -1.266266     18.340742     18.340742     36.681483
     -1.256256     18.095175     18.095175     36.190350
     -1.246246     17.271004     17.271004     34.542007
     -1.236236     15.841400     15.841400     31.682799
     -1.226226     13.867636     13.867636     27.735273
     -1.216216     11.508256     11.508256     23.016513
     -1.206206      8.998756      8.998756     17.997513
     -1.196196      6.599145      6.599145     13.198290
     -1.186186      4.530209      4.530209      9.060419
     -1.176176      2.929066      2.929066      5.858132
     -1.166166      1.843240      1.843240      3.686480
     -1.156156      1.260079      1.260079      2.520158
     -1.146146      1.150465      1.150465      2.300930
     -1.136136      1.501255      1.501255      3.002509
     -1.126126      2.318502      2.318502      4.637004
     -1.116116      3.598050      3.598050      7.196100
     -1.106106      5.276624      5.276624     10.553248
     -1.096096      7.190335      7.190335     14.380671
     -1.086086      9.071613      9.071613     18.143226
     -1.076076     10.603156     10.603156     21.206311
     -1.066066     11.519291     11.519291     23.038582
     -1.056056     11.714015     11.714015     23.428030
     -1.046046     11.300985     11.300985     22.601971
     -1.036036     10.586614     10.586614     21.173228
     -1.026026      9.957629      9.957629     19.915258
     -1.016016      9.727427      9.727427     19.454855
     -1.006006     10.007733     10.007733     20.015465
     -0.995996     10.662333     10.662333     21.324666
     -0.985986     11.363448     11.363448     22.726897
     -0.975976     11.725689     11.725689     23.451379
     -0.965966     11.458385     11.458385     22.916771
     -0.955956     10.470596     10.470596     20.941192
     -0.945946      8.888178      8.888178     17.776357
     -0.935936      6.986056      6.986056     13.972111
     -0.925926      5.077261      5.077261     10.154523
     -0.915916      3.413031      3.413031      6.826062
     -0.905906      2.131849      2.131849      4.263699
     -0.895896      1.264497      1.264497      2.528994
     -0.885886      0.776577      0.776577      1.553154
     -0.875876      0.620851      0.620851      1.241703
     -0.865866      0.776776      0.776776      1.553551
     -0.855856      1.264834      1.264834      2.529669
     -0.845846      2.132037      2.132037      4.264073
     -0.835836      3.412047      3.412047      6.824093
     -0.825826      5.072080      5.072080     10.144159
     -0.815816      6.968727      6.968727     13.937455
     -0.805806      8.839780      8.839780     17.679560
     -0.795796     10.350126     10.350126     20.700251
     -0.785786     11.185182     11.185182     22.370365
     -0.775776     11.156522     11.156522     22.313043
     -0.765766     10.270744     10.270744     20.541488
     -0.755756      8.726959      8.726959     17.453919
     -0.745746      6.844097      6.844097     13.688193
     -0.735736      4.954310      4.954310      9.908620
     -0.725726      3.311124      3.311124      6.622247
     -0.715716      2.045797      2.045797      4.091594
     -0.705706      1.176356      1.176356      2.352712
     -0.695696      0.650418      0.650418      1.300837
     -0.685686      0.396121      0.396121      0.792242
     -0.675676      0.362538      0.362538      0.725077
     -0.665666      0.541925      0.541925      1.083851
     -0.655656      0.972785      0.972785      1.945571
     -0.645646      1.723835      1.723835      3.447671
     -0.635636      2.859063      2.859063      5.718126
     -0.625626      4.388703      4.388703      8.777406
     -0.615616      6.221137      6.221137     12.442274
     -0.605606      8.140216      8.140216     16.280432
     -0.595596      9.831003      9.831003     19.662007
     -0.585586     10.958431     10.958431     21.916861
     -0.575576     11.274209     11.274209     22.548418
     -0.565566     10.705592     10.705592     21.411184
     -0.555556      9.382578      9.382578     18.765156
     -0.545546      7.589629      7.589629     15.179257
     -0.535536      5.666380      5.666380     11.332761
     -0.525526      3.904611      3.904611      7.809222
     -0.515516      2.483343      2.483343      4.966685
     -0.505506      1.457748      1.457748      2.915496
     -0.495495      0.789796      0.789796      1.579592
     -0.485485      0.394943      0.394943      0.789886
     -0.475475      0.182281      0.182281      0.364561
     -0.465465      0.077649      0.077649      0.155297
     -0.455455      0.030529      0.030529      0.061058
     -0.445445      0.011079      0.011079      0.022157
     -0.435435      0.003711      0.003711      0.007422
     -0.425425      0.001150      0.001150      0.002299
     -0.415415      0.000339      0.000339      0.000678
     -0.405405      0.000136      0.000136      0.000273
     -0.395395      0.000218      0.000218      0.000435
     -0.385385      0.000716      0.000716      0.001431
     -0.375375      0.002373      0.002373      0.004747
     -0.365365      0.007308      0.007308      0.014616
     -0.355355      0.020776      0.020776      0.041553
     -0.345345      0.054517      0.054517      0.109034
     -0.335335      0.132034      0.132034      0.264068
     -0.325325      0.295137      0.295137      0.590274
     -0.315315      0.608904      0.608904      1.217809
     -0.305305      1.159475      1.159475      2.318950
     -0.295295      2.037795      2.037795      4.075590
     -0.285285      3.305571      3.305571      6.611141
     -0.275275      4.949021      4.949021      9.898041
     -0.265265      6.838784      6.838784     13.677569
     -0.255255      8.722187      8.722187     17.444375
     -0.245245     10.267359     10.267359     20.534719
     -0.235235     11.155241     11.155241     22.310482
     -0.225225     11.186289     11.186289     22.372577
     -0.215215     10.353327     10.353327     20.706653
     -0.205205      8.844243      8.844243     17.688486
     -0.195195      6.973138      6.973138     13.946276
     -0.185185      5.074377      5.074377     10.148754
     -0.175175      3.408192      3.408192      6.816384
     -0.165165      2.112770      2.112770      4.225540
     -0.155155      1.208835      1.208835      2.417671
     -0.145145      0.638365      0.638365      1.276730
     -0.135135      0.311141      0.311141      0.622283
     -0.125125      0.139969      0.139969      0.279939
     -0.115115      0.058116      0.058116      0.116232
     -0.105105      0.022271      0.022271      0.044543
     -0.095095      0.007877      0.007877      0.015755
     -0.085085      0.002572      0.002572      0.005143
     -0.075075      0.000775      0.000775      0.001550
     -0.065065      0.000215      0.000215      0.000431
     -0.055055      0.000055      0.000055      0.000111
     -0.045045      0.000013      0.000013      0.000026
     -0.035035      0.000003      0.000003      0.000006
     -0.025025      0.000001      0.000001      0.000001
     -0.015015      0.000000      0.000000      0.000000
     -0.005005      0.000000      0.000000      0.000000
      0.005005      0.000000      0.000000      0.000000
      0.015015      0.000000      0.000000      0.000000
      0.025025      0.000001      0.000001      0.000001
      0.035035      0.000003      0.000003      0.000006
      0.045045      0.000013      0.000013      0.000026
      0.055055      0.000055      0.000055      0.000111
      0.065065      0.000215      0.000215      0.000431
      0.075075      0.000775      0.000775      0.001550
      0.085085      0.002572      0.002572      0.005143
      0.095095      0.007877      0.007877      0.015755
      0.105105      0.022271      0.022271      0.044543
      0.115115      0.058116      0.058116      0.116232
      0.125125      0.139970      0.139970      0.279939
      0.135135      0.311142      0.311142      0.622283
      0.145145      0.638365      0.638365      1.276731
      0.155155      1.208836      1.208836      2.417672
      0.165165      2.112771      2.112771      4.225542
      0.175175      3.408193      3.408193      6.816387
      0.185185      5.074379      5.074379     10.148758
      0.195195      6.973140      6.973140     13.946280
      0.205205      8.844245      8.844245     17.688490
      0.215215     10.353328     10.353328     20.706656
      0.225225     11.186289     11.186289     22.372578
      0.235235     11.155241     11.155241     22.310481
      0.245245     10.267358     10.267358     20.534716
      0.255255      8.722186      8.722186     17.444371
      0.265265      6.838782      6.838782     13.677565
      0.275275      4.949019      4.949019      9.898037
      0.285285      3.305569      3.305569      6.611138
      0.295295      2.037794      2.037794      4.075588
      0.305305      1.159474      1.159474      2.318949
      0.315315      0.608904      0.608904      1.217808
      0.325325      0.295137      0.295137      0.590274
      0.335335      0.132034      0.132034      0.264067
      0.345345      0.054517      0.054517      0.109034
      0.355355      0.020776      0.020776      0.041553
      0.365365      0.007308      0.007308      0.014616
      0.375375      0.002373      0.002373      0.004745
      0.385385      0.000712      0.000712      0.001424
      0.395395      0.000203      0.000203      0.000405
      0.405405      0.000077      0.000077      0.000154
      0.415415      0.000120      0.000120      0.000240
      0.425425      0.000408      0.000408      0.000817
      0.435435      0.001404      0.001404      0.002808
      0.445445      0.004480      0.004480      0.008959
      0.455455      0.013197      0.013197      0.026394
      0.465465      0.035883      0.035883      0.071766
      0.475475      0.090051      0.090051      0.180102
      0.485485      0.208582      0.208582      0.417165
      0.495495      0.445917      0.445917      0.891834
      0.505506      0.879867      0.879867      1.759733
      0.515516      1.602384      1.602384      3.204768
      0.525526      2.693415      2.693415      5.386830
      0.535536      4.178562      4.178562      8.357124
      0.545546      5.983252      5.983252     11.966503
      0.555556      7.907420      7.907420     15.814840
      0.565566      9.645396      9.645396     19.290791
      0.575576     10.859135     10.859135     21.718269
      0.585586     11.284130     11.284130     22.568259
      0.595596     10.823460     10.823460     21.646920
      0.605606      9.584879      9.584879     19.169758
      0.615616      7.842840      7.842840     15.685681
      0.625626      5.946147      5.946147     11.892295
      0.635636      4.217620      4.217620      8.435240
      0.645646      2.889410      2.889410      5.778821
      0.655656      2.091083      2.091083      4.182165
      0.665666      1.876257      1.876257      3.752515
      0.675676      2.255966      2.255966      4.511932
      0.685686      3.210225      3.210225      6.420451
      0.695696      4.669036      4.669036      9.338071
      0.705706      6.478572      6.478572     12.957143
      0.715716      8.384581      8.384581     16.769161
      0.725726     10.062586     10.062586     20.125173
      0.735736     11.201348     11.201348     22.402696
      0.745746     11.612541     11.612541     23.225081
      0.755756     11.315769     11.315769     22.631539
      0.765766     10.550957     10.550957     21.101914
      0.775776      9.701314      9.701314     19.402627
      0.785786      9.152733      9.152733     18.305466
      0.795796      9.146310      9.146310     18.292620
      0.805806      9.684840      9.684840     19.369681
      0.815816     10.531725     10.531725     21.063449
      0.825826     11.302713     11.302713     22.605427
      0.835836     11.612748     11.612748     23.225496
      0.845846     11.217184     11.217184     22.434369
      0.855856     10.090110     10.090110     20.180220
      0.865866      8.412656      8.412656     16.825312
      0.875876      6.486652      6.486652     12.973304
      0.885886      4.620602      4.620602      9.241205
      0.895896      3.039148      3.039148      6.078296
      0.905906      1.845356      1.845356      3.690712
      0.915916      1.034284      1.034284      2.068568
      0.925926      0.535102      0.535102      1.070203
      0.935936      0.255670      0.255670      0.511341
      0.945946      0.113287      0.113287      0.226574
      0.955956      0.048125      0.048125      0.096250
      0.965966      0.024375      0.024375      0.048750
      0.975976      0.026412      0.026412      0.052824
      0.985986      0.055687      0.055687      0.111374
      0.995996      0.131129      0.131129      0.262259
      1.006006      0.292886      0.292886      0.585771
      1.016016      0.606334      0.606334      1.212668
      1.026026      1.160616      1.160616      2.321232
      1.036036      2.054919      2.054919      4.109839
      1.046046      3.368993      3.368993      6.737987
      1.056056      5.123121      5.123121     10.246242
      1.066066      7.244006      7.244006     14.488012
      1.076076      9.558489      9.558489     19.116978
      1.086086     11.828391     11.828391     23.656782
      1.096096     13.817412     13.817412     27.634823
      1.106106     15.358324     15.358324     30.716648
      1.116116     16.384913     16.384913     32.769827
      1.126126     16.915807     16.915807     33.831614
      1.136136     17.011714     17.011714     34.023429
      1.146146     16.745070     16.745070     33.490140
      1.156156     16.204787     16.204787     32.409575
      1.166166     15.521478     15.521478     31.042956
      1.176176     14.873808     14.873808     29.747617
      1.186186     14.448955     14.448955     28.897911
      1.196196     14.370751     14.370751     28.741503
      1.206206     14.642657     14.642657     29.285314
      1.216216     15.148198     15.148198     30.296397
      1.226226     15.710553     15.710553     31.421107
      1.236236     16.169110     16.169110     32.338220
      1.246246     16.420869     16.420869     32.841739
      1.256256     16.406785     16.406785     32.813569
      1.266266     16.069839     16.069839     32.139679
      1.276276     15.333379     15.333379     30.666759
      1.286286     14.127697     14.127697     28.255395
      1.296296     12.449436     12.449436     24.898872
      1.306306     10.409561     10.409561     20.819123
      1.316316      8.234019      8.234019     16.468037
      1.326326      6.216659      6.216659     12.433319
      1.336336      4.655615      4.655615      9.311229
      1.346346      3.808041      3.808041      7.616082
      1.356356      3.874939      3.874939      7.749877
      1.366366      4.998990      4.998990      9.997980
      1.376376      7.247255      7.247255     14.494511
      1.386386     10.565508     10.565508     21.131015
      1.396396     14.721333     14.721333     29.442666
      1.406406     19.276724     19.276724     38.553449
      1.416416     23.628409     23.628409     47.256818
      1.426426     27.122881     27.122881     54.245761
      1.436436     29.211212     29.211212     58.422424
      1.446446     29.583896     29.583896     59.167792
      1.456456     28.235073     28.235073     56.470146
      1.466466     25.440974     25.440974     50.881947
      1.476476     21.674453     21.674453     43.348906
      1.486486     17.494938     17.494938     34.989876
      1.496496     13.448010     13.448010     26.896019
      1.506507      9.993031      9.993031     19.986062
      1.516517      7.462677      7.462677     14.925353
      1.526527      6.048932      6.048932     12.097864
      1.536537      5.805408      5.805408     11.610816
      1.546547      6.656258      6.656258     13.312517
      1.556557      8.408569      8.408569     16.817137
      1.566567     10.774151     10.774151     21.548301
      1.576577     13.409874     13.409874     26.819747
      1.586587     15.977769     15.977769     31.955538
      1.596597     18.212104     18.212104     36.424208
      1.606607     19.972253     19.972253     39.944506
      1.616617     21.264676     21.264676     42.529352
      1.626627     22.229791     22.229791     44.459582
      1.636637     23.099105     23.099105     46.198210
      1.646647     24.130005     24.130005     48.260011
      1.656657     25.526401     25.526401     51.052803
      1.666667     27.360780     27.360780     54.721560
      1.676677     29.525130     29.525130     59.050259
      1.686687     31.741627     31.741627     63.483254
      1.696697     33.646591     33.646591     67.293181
      1.706707     34.924407     34.924407     69.848814
      1.716717     35.431023     35.431023     70.862045
      1.726727     35.237122     35.237122     70.474244
      1.736737     34.556733     34.556733     69.113466
      1.746747     33.595818     33.595818     67.191635
      1.756757     32.414710     32.414710     64.829421
      1.766767     30.900845     30.900845     61.801689
      1.776777     28.881880     28.881880     57.763760
      1.786787     26.314359     26.314359     52.628718
      1.796797     23.425885     23.425885     46.851770
      1.806807     20.710613     20.710613     41.421227
      1.816817     18.763005     18.763005     37.526010
      1.826827     18.026726     18.026726     36.053451
      1.836837     18.581033     18.581033     37.162066
      1.846847     20.068304     20.068304     40.136608
      1.856857     21.801090     21.801090     43.602181
      1.866867     23.008192     23.008192     46.016384
      1.876877     23.118931     23.118931     46.237863
      1.886887     21.967207     21.967207     43.934414
      1.896897     19.831478     19.831478     39.662956
      1.906907     17.300127     17.300127     34.600253
      1.916917     15.029140     15.029140     30.058280
      1.926927     13.502481     13.502481     27.004962
      1.936937     12.895639     12.895639     25.791278
      1.946947     13.088449     13.088449     26.176899
      1.956957     13.802453     13.802453     27.604907
      1.966967     14.782221     14.782221     29.564441
      1.976977     15.922797     15.922797     31.845594
      1.986987     17.276023     17.276023     34.552046
      1.996997     18.936348     18.936348     37.872695
      2.007007     20.879472     20.879472     41.758944
      2.017017     22.861979     22.861979     45.723959
      2.027027     24.459556     24.459556     48.919113
      2.037037     25.237135     25.237135     50.474270
      2.047047     24.957110     24.957110     49.914220
      2.057057     23.700648     23.700648     47.401295
      2.067067     21.826660     21.826660     43.653319
      2.077077     19.792503     19.792503     39.585005
      2.087087     17.943834     17.943834     35.887667
      2.097097     16.394044     16.394044     32.788088
      2.107107     15.051822     15.051822     30.103643
      2.117117     13.763869     13.763869     27.527737
      2.127127     12.478136     12.478136     24.956271
      2.137137     11.333809     11.333809     22.667617
      2.147147     10.636593     10.636593     21.273186
      2.157157     10.742185     10.742185     21.484370
      2.167167     11.909957     11.909957     23.819915
      2.177177     14.189560     14.189560     28.379120
      2.187187     17.376498     17.376498     34.752996
      2.197197     21.040168     21.040168     42.080335
      2.207207     24.605751     24.605751     49.211501
      2.217217     27.464666     27.464666     54.929331
      2.227227     29.091486     29.091486     58.182973
      2.237237     29.149029     29.149029     58.298058
      2.247247     27.562272     27.562272     55.124544
      2.257257     24.539711     24.539711     49.079421
      2.267267     20.527414     20.527414     41.054828
      2.277277     16.101688     16.101688     32.203376
      2.287287     11.833010     11.833010     23.666020
      2.297297      8.169683      8.169683     16.339367
      2.307307      5.381949      5.381949     10.763898
      2.317317      3.579039      3.579039      7.158077
      2.327327      2.779192      2.779192      5.558385
      2.337337      2.992571      2.992571      5.985143
      2.347347      4.276005      4.276005      8.552009
      2.357357      6.732685      6.732685     13.465369
      2.367367     10.451552     10.451552     20.903103
      2.377377     15.404180     15.404180     30.808360
      2.387387     21.337055     21.337055     42.674110
      2.397397     27.708615     27.708615     55.417230
      2.407407     33.715822     33.715822     67.431643
      2.417417     38.429239     38.429239     76.858477
      2.427427     41.012468     41.012468     82.024935
      2.437437     40.957553     40.957553     81.915106
      2.447447     38.246603     38.246603     76.493206
      2.457457     33.369378     33.369378     66.738756
      2.467467     27.184108     27.184108     54.368216
      2.477477     20.677044     20.677044     41.354088
      2.487487     14.717864     14.717864     29.435728
      2.497497      9.900490      9.900490     19.800980
      2.507508      6.509126      6.509126     13.018252
      2.517518      4.588443      4.588443      9.176886
      2.527528      4.057338      4.057338      8.114676
      2.537538      4.802512      4.802512      9.605024
      2.547548      6.714409      6.714409     13.428818
      2.557558      9.664844      9.664844     19.329687
      2.567568     13.454636     13.454636     26.909272
      2.577578     17.770519     17.770519     35.541039
      2.587588     22.182939     22.182939     44.365878
      2.597598     26.196738     26.196738     52.393476
      2.607608     29.344412     29.344412     58.688824
      2.617618     31.294095     31.294095     62.588189
      2.627628     31.935978     31.935978     63.871955
      2.637638     31.414334     31.414334     62.828668
      2.647648     30.089632     30.089632     60.179264
      2.657658     28.443138     28.443138     56.886277
      2.667668     26.962158     26.962158     53.924316
      2.677678     26.050464     26.050464     52.100927
      2.687688     25.988421     25.988421     51.976842
      2.697698     26.933823     26.933823     53.867645
      2.707708     28.932273     28.932273     57.864545
      2.717718     31.910699     31.910699     63.821398
      2.727728     35.652503     35.652503     71.305006
      2.737738     39.777211     39.777211     79.554423
      2.747748     43.755398     43.755398     87.510796
      2.757758     46.979257     46.979257     93.958514
      2.767768     48.886976     48.886976     97.773952
      2.777778     49.111779     49.111779     98.223558
      2.787788     47.602837     47.602837     95.205674
      2.797798     44.659771     44.659771     89.319542
      2.807808     40.848540     40.848540     81.697080
      2.817818     36.819820     36.819820     73.639640
      2.827828     33.103270     33.103270     66.206540
      2.837838     29.967498     29.967498     59.934997
      2.847848     27.402497     27.402497     54.804995
      2.857858     25.218587     25.218587     50.437174
      2.867868     23.200881     23.200881     46.401763
      2.877878     21.239118     21.239118     42.478235
      2.887888     19.373920     19.373920     38.747839
      2.897898     17.747305     17.747305     35.494609
      2.907908     16.494714     16.494714     32.989429
      2.917918     15.645446     15.645446     31.290891
      2.927928     15.092291     15.092291     30.184581
      2.937938     14.649631     14.649631     29.299262
      2.947948     14.163656     14.163656     28.327313
      2.957958     13.603196     13.603196     27.206392
      2.967968     13.069726     13.069726     26.139453
      2.977978     12.716356     12.716356     25.432713
      2.987988     12.625033     12.625033     25.250067
      2.997998     12.719528     12.719528     25.439057
      3.008008     12.770306     12.770306     25.540612
      3.018018     12.490904     12.490904     24.981808
      3.028028     11.670988     11.670988     23.341975
      3.038038     10.272744     10.272744     20.545488
      3.048048      8.443442      8.443442     16.886884
      3.058058      6.447309      6.447309     12.894617
      3.068068      4.561075      4.561075      9.122150
      3.078078      2.987039      2.987039      5.974077
      3.088088      1.816530      1.816530      3.633060
      3.098098      1.044743      1.044743      2.089485
      3.108108      0.615594      0.615594      1.231187
      3.118118      0.470788      0.470788      0.941576
      3.128128      0.585215      0.585215      1.170431
      3.138138      0.980910      0.980910      1.961819
      3.148148      1.717999      1.717999      3.435998
      3.158158      2.864491      2.864491      5.728981
      3.168168      4.451981      4.451981      8.903962
      3.178178      6.433155      6.433155     12.866311
      3.188188      8.663967      8.663967     17.327934
      3.198198     10.929248     10.929248     21.858495
      3.208208     13.010431     13.010431     26.020862
      3.218218     14.766342     14.766342     29.532685
      3.228228     16.182067     16.182067     32.364134
      3.238238     17.352929     17.352929     34.705859
      3.248248     18.407441     18.407441     36.814881
      3.258258     19.410796     19.410796     38.821593
      3.268268     20.302433     20.302433     40.604866
      3.278278     20.899942     20.899942     41.799883
      3.288288     20.964289     20.964289     41.928578
      3.298298     20.292990     20.292990     40.585979
      3.308308     18.801580     18.801580     37.603161
      3.318318     16.565017     16.565017     33.130035
      3.328328     13.808329     13.808329     27.616658
      3.338338     10.853130     10.853130     21.706261
      3.348348      8.040914      8.040914     16.081829
      3.358358      5.661733      5.661733     11.323466
      3.368368      3.912802      3.912802      7.825603
      3.378378      2.895027      2.895027      5.790055
      3.388388      2.634712      2.634712      5.269423
      3.398398      3.105482      3.105482      6.210964
      3.408408      4.230414      4.230414      8.460827
      3.418418      5.864018      5.864018     11.728036
      3.428428      7.775920      7.775920     15.551840
      3.438438      9.666744      9.666744     19.333488
      3.448448     11.232382     11.232382     22.464763
      3.458458     12.260407     12.260407     24.520813
      3.468468     12.711853     12.711853     25.423707
      3.478478     12.736526     12.736526     25.473051
      3.488488     12.600285     12.600285     25.200569
      3.498498     12.553707     12.553707     25.107413
      3.508509     12.710865     12.710865     25.421729
      3.518519     13.006666     13.006666     26.013332
      3.528529     13.257657     13.257657     26.515315
      3.538539     13.289817     13.289817     26.579633
      3.548549     13.055885     13.055885     26.111770
      3.558559     12.670673     12.670673     25.341345
      3.568569     12.342630     12.342630     24.685261
      3.578579     12.243310     12.243310     24.486620
      3.588589     12.394321     12.394321     24.788642
      3.598599     12.641251     12.641251     25.282502
      3.608609     12.732663     12.732663     25.465327
      3.618619     12.461015     12.461015     24.922030
      3.628629     11.787184     11.787184     23.574368
      3.638639     10.880090     10.880090     21.760180
      3.648649     10.049417     10.049417     20.098834
      3.658659      9.604898      9.604898     19.209795
      3.668669      9.710792      9.710792     19.421584
      3.678679     10.304476     10.304476     20.608952
      3.688689     11.117102     11.117102     22.234205
      3.698699     11.787929     11.787929     23.575858
      3.708709     12.021848     12.021848     24.043696
      3.718719     11.719524     11.719524     23.439049
      3.728729     11.020888     11.020888     22.041777
      3.738739     10.241672     10.241672     20.483344
      3.748749      9.731290      9.731290     19.462580
      3.758759      9.715485      9.715485     19.430969
      3.768769     10.192800     10.192800     20.385599
      3.778779     10.928949     10.928949     21.857898
      3.788789     11.549684     11.549684     23.099367
      3.798799     11.689775     11.689775     23.379549
      3.808809     11.132195     11.132195     22.264390
      3.818819      9.878835      9.878835     19.757670
      3.828829      8.129219      8.129219     16.258438
      3.838839      6.188130      6.188130     12.376261
      3.848849      4.352394      4.352394      8.704788
      3.858859      2.826904      2.826904      5.653808
      3.868869      1.695118      1.695118      3.390237
      3.878879      0.938440      0.938440      1.876881
      3.888889      0.480153      0.480153      0.960306
      3.898899      0.228779      0.228779      0.457557
      3.908909      0.106790      0.106790      0.213580
      3.918919      0.063256      0.063256      0.126512
      3.928929      0.076485      0.076485      0.152970
      3.938939      0.153834      0.153834      0.307669
      3.948949      0.332716      0.332716      0.665431
      3.958959      0.682086      0.682086      1.364171
      3.968969      1.299470      1.299470      2.598939
      3.978979      2.296963      2.296963      4.593926
      3.988989      3.772829      3.772829      7.545659
      3.998999      5.773693      5.773693     11.547387
      4.009009      8.262171      8.262171     16.524343
      4.019019     11.108418     11.108418     22.216837
      4.029029     14.114994     14.114994     28.229987
      4.039039     17.064948     17.064948     34.129895
      4.049049     19.766242     19.766242     39.532483
      4.059059     22.066886     22.066886     44.133772
      4.069069     23.837745     23.837745     47.675490
      4.079079     24.948305     24.948305     49.896611
      4.089089     25.271046     25.271046     50.542092
      4.099099     24.730521     24.730521     49.461042
      4.109109     23.375709     23.375709     46.751419
      4.119119     21.426380     21.426380     42.852760
      4.129129     19.248758     19.248758     38.497515
      4.139139     17.253309     17.253309     34.506619
      4.149149     15.755814     15.755814     31.511627
      4.159159     14.871300     14.871300     29.742601
      4.169169     14.498869     14.498869     28.997739
      4.179179     14.407470     14.407470     28.814941
      4.189189     14.375480     14.375480     28.750961
      4.199199     14.305776     14.305776     28.611552
      4.209209     14.254166     14.254166     28.508332
      4.219219     14.363490     14.363490     28.726981
      4.229229     14.753037     14.753037     29.506074
      4.239239     15.435002     15.435002     30.870004
      4.249249     16.303628     16.303628     32.607255
      4.259259     17.190272     17.190272     34.380544
      4.269269     17.938612     17.938612     35.877224
      4.279279     18.453855     18.453855     36.907710
      4.289289     18.710493     18.710493     37.420985
      4.299299     18.733812     18.733812     37.467624
      4.309309     18.577083     18.577083     37.154166
      4.319319     18.302648     18.302648     36.605296
      4.329329     17.964066     17.964066     35.928133
      4.339339     17.592331     17.592331     35.184661
      4.349349     17.201258     17.201258     34.402517
      4.359359     16.822741     16.822741     33.645482
      4.369369     16.555302     16.555302     33.110604
      4.379379     16.581666     16.581666     33.163331
      4.389389     17.114393     17.114393     34.228786
      4.399399     18.272514     18.272514     36.545028
      4.409409     19.949608     19.949608     39.899217
      4.419419     21.760672     21.760672     43.521343
      4.429429     23.124200     23.124200     46.248401
      4.439439     23.460896     23.460896     46.921793
      4.449449     22.418373     22.418373     44.836746
      4.459459     20.010564     20.010564     40.021128
      4.469469     16.605823     16.605823     33.211646
      4.479479     12.779357     12.779357     25.558713
      4.489489      9.111614      9.111614     18.223227
      4.499499      6.027530      6.027530     12.055060
      4.509510      3.733516      3.733516      7.467032
      4.519520      2.252039      2.252039      4.504078
      4.529530      1.512832      1.512832      3.025663
      4.539540      1.449914      1.449914      2.899828
      4.549550      2.066542      2.066542      4.133084
      4.559560      3.449373      3.449373      6.898746
      4.569570      5.728747      5.728747     11.457494
      4.579580      8.995089      8.995089     17.990177
      4.589590     13.196411     13.196411     26.392823
      4.599600     18.057155     18.057155     36.114310
      4.609610     23.063697     23.063697     46.127393
      4.619620     27.545451     27.545451     55.090902
      4.629630     30.841799     30.841799     61.683598
      4.639640     32.500038     32.500038     65.000075
      4.649650     32.423759     32.423759     64.847518
      4.659660     30.903636     30.903636     61.807271
      4.669670     28.512094     28.512094     57.024189
      4.679680     25.905616     25.905616     51.811232
      4.689690     23.619608     23.619608     47.239216
      4.699700     21.937631     21.937631     43.875263
      4.709710     20.872263     20.872263     41.744526
      4.719720     20.237921     20.237921     40.475842
      4.729730     19.762026     19.762026     39.524051
      4.739740     19.186174     19.186174     38.372347
      4.749750     18.339091     18.339091     36.678182
      4.759760     17.186947     17.186947     34.373894
      4.769770     15.864937     15.864937     31.729875
      4.779780     14.675572     14.675572     29.351143
      4.789790     14.030030     14.030030     28.060060
      4.799800     14.327091     14.327091     28.654181
      4.809810     15.802485     15.802485     31.604971
      4.819820     18.413410     18.413410     36.826820
      4.829830     21.821536     21.821536     43.643072
      4.839840     25.495550     25.495550     50.991101
      4.849850     28.890467     28.890467     57.780934
      4.859860     31.614742     31.614742     63.229483
      4.869870     33.502230     33.502230     67.004461
      4.879880     34.566022     34.566022     69.132043
      4.889890     34.885400     34.885400     69.770800
      4.899900     34.511089     34.511089     69.022178
      4.909910     33.443909     33.443909     66.887818
      4.919920     31.677351     31.677351     63.354701
      4.929930     29.250963     29.250963     58.501925
      4.939940     26.269883     26.269883     52.539765
      4.949950     22.887369     22.887369     45.774738
      4.959960     19.277765     19.277765     38.555530
      4.969970     15.622821     15.622821     31.245641
      4.979980     12.109027     12.109027     24.218054
      4.989990      8.918330      8.918330     17.836660
      5.000000      6.202974      6.202974     12.405948
