# EIG2DOS: Utility for SIESTA to obtain the electronic density of states
#  E. Artacho, Apr 1999, A. Garcia, Apr 2012
#  Nick R. Papior, Feb 2017
# ------------------------------------------
# Eigenvalues calculated from a non-polarized calculation
# Eigenvalues read from siesta.EIG
# Kpoint weights read from siesta.KP
# Using smearing parameter:   0.0500
# Using 1000 points in the energy range
# Selected bands: 1 to: 2981
# Emin, Emax in file for selected band(s):    -27.0649233    218.3286360
# Nbands, Nspin, Nk   =   2981     1     1
# E_F                 =    -4.2779 eV --> (shifted to ZERO)
# Broadening          =     0.0500 eV
#
#        E            N(up)  (=)   N(down)         Ntot
     -5.000000     45.958602     45.958602     91.917203
     -4.989990     47.690947     47.690947     95.381894
     -4.979980     48.218243     48.218243     96.436486
     -4.969970     47.596135     47.596135     95.192270
     -4.959960     45.945318     45.945318     91.890635
     -4.949950     43.442323     43.442323     86.884646
     -4.939940     40.330734     40.330734     80.661469
     -4.929930     36.943181     36.943181     73.886363
     -4.919920     33.720019     33.720019     67.440039
     -4.909910     31.206992     31.206992     62.413984
     -4.899900     30.008618     30.008618     60.017236
     -4.889890     30.674237     30.674237     61.348474
     -4.879880     33.515410     33.515410     67.030820
     -4.869870     38.401890     38.401890     76.803780
     -4.859860     44.634925     44.634925     89.269851
     -4.849850     51.005333     51.005333    102.010666
     -4.839840     56.078244     56.078244    112.156489
     -4.829830     58.626939     58.626939    117.253878
     -4.819820     58.036607     58.036607    116.073214
     -4.809810     54.490613     54.490613    108.981227
     -4.799800     48.854943     48.854943     97.709886
     -4.789790     42.330204     42.330204     84.660409
     -4.779780     36.047092     36.047092     72.094185
     -4.769770     30.778984     30.778984     61.557968
     -4.759760     26.851701     26.851701     53.703402
     -4.749750     24.219553     24.219553     48.439105
     -4.739740     22.616522     22.616522     45.233043
     -4.729730     21.697979     21.697979     43.395959
     -4.719720     21.131254     21.131254     42.262507
     -4.709710     20.634590     20.634590     41.269180
     -4.699700     19.986329     19.986329     39.972658
     -4.689690     19.031247     19.031247     38.062495
     -4.679680     17.703937     17.703937     35.407874
     -4.669670     16.071938     16.071938     32.143877
     -4.659660     14.379838     14.379838     28.759676
     -4.649650     13.061611     13.061611     26.123221
     -4.639640     12.691888     12.691888     25.383776
     -4.629630     13.866376     13.866376     27.732751
     -4.619620     17.028114     17.028114     34.056228
     -4.609610     22.281667     22.281667     44.563334
     -4.599600     29.257210     29.257210     58.514420
     -4.589590     37.092777     37.092777     74.185555
     -4.579580     44.581536     44.581536     89.163072
     -4.569570     50.474285     50.474285    100.948570
     -4.559560     53.851764     53.851764    107.703528
     -4.549550     54.427423     54.427423    108.854846
     -4.539540     52.649087     52.649087    105.298174
     -4.529530     49.544872     49.544872     99.089744
     -4.519520     46.369152     46.369152     92.738304
     -4.509510     44.190559     44.190559     88.381118
     -4.499499     43.581948     43.581948     87.163897
     -4.489489     44.516581     44.516581     89.033162
     -4.479479     46.478178     46.478178     92.956356
     -4.469469     48.704847     48.704847     97.409694
     -4.459459     50.448453     50.448453    100.896907
     -4.449449     51.153438     51.153438    102.306875
     -4.439439     50.522140     50.522140    101.044279
     -4.429429     48.497814     48.497814     96.995628
     -4.419419     45.225142     45.225142     90.450284
     -4.409409     41.028775     41.028775     82.057550
     -4.399399     36.403093     36.403093     72.806186
     -4.389389     31.970578     31.970578     63.941155
     -4.379379     28.373287     28.373287     56.746574
     -4.369369     26.109843     26.109843     52.219686
     -4.359359     25.383203     25.383203     50.766407
     -4.349349     26.039578     26.039578     52.079156
     -4.339339     27.640318     27.640318     55.280636
     -4.329329     29.639855     29.639855     59.279710
     -4.319319     31.588412     31.588412     63.176825
     -4.309309     33.270876     33.270876     66.541753
     -4.299299     34.732030     34.732030     69.464060
     -4.289289     36.193750     36.193750     72.387500
     -4.279279     37.908925     37.908925     75.817850
     -4.269269     40.007517     40.007517     80.015034
     -4.259259     42.383418     42.383418     84.766836
     -4.249249     44.661631     44.661631     89.323262
     -4.239239     46.273115     46.273115     92.546231
     -4.229229     46.634853     46.634853     93.269705
     -4.219219     45.381603     45.381603     90.763206
     -4.209209     42.549117     42.549117     85.098234
     -4.199199     38.608359     38.608359     77.216719
     -4.189189     34.315365     34.315365     68.630730
     -4.179179     30.440357     30.440357     60.880714
     -4.169169     27.508342     27.508342     55.016684
     -4.159159     25.674624     25.674624     51.349248
     -4.149149     24.780048     24.780048     49.560096
     -4.139139     24.534943     24.534943     49.069886
     -4.129129     24.722775     24.722775     49.445551
     -4.119119     25.316712     25.316712     50.633424
     -4.109109     26.452695     26.452695     52.905389
     -4.099099     28.274616     28.274616     56.549233
     -4.089089     30.733767     30.733767     61.467533
     -4.079079     33.458903     33.458903     66.917806
     -4.069069     35.791503     35.791503     71.583006
     -4.059059     37.000181     37.000181     74.000363
     -4.049049     36.584385     36.584385     73.168771
     -4.039039     34.513569     34.513569     69.027139
     -4.029029     31.272785     31.272785     62.545570
     -4.019019     27.690806     27.690806     55.381613
     -4.009009     24.646349     24.646349     49.292697
     -3.998999     22.804026     22.804026     45.608051
     -3.988989     22.492643     22.492643     44.985286
     -3.978979     23.739509     23.739509     47.479017
     -3.968969     26.387602     26.387602     52.775204
     -3.958959     30.201768     30.201768     60.403536
     -3.948949     34.915621     34.915621     69.831242
     -3.938939     40.235657     40.235657     80.471314
     -3.928929     45.850120     45.850120     91.700240
     -3.918919     51.468898     51.468898    102.937796
     -3.908909     56.873388     56.873388    113.746775
     -3.898899     61.926926     61.926926    123.853853
     -3.888889     66.513763     66.513763    133.027527
     -3.878879     70.426678     70.426678    140.853356
     -3.868869     73.272741     73.272741    146.545483
     -3.858859     74.476828     74.476828    148.953656
     -3.848849     73.421080     73.421080    146.842159
     -3.838839     69.684784     69.684784    139.369567
     -3.828829     63.283559     63.283559    126.567118
     -3.818819     54.789407     54.789407    109.578814
     -3.808809     45.258987     45.258987     90.517974
     -3.798799     35.984032     35.984032     71.968064
     -3.788789     28.157332     28.157332     56.314665
     -3.778779     22.578042     22.578042     45.156084
     -3.768769     19.491628     19.491628     38.983257
     -3.758759     18.597549     18.597549     37.195097
     -3.748749     19.198391     19.198391     38.396782
     -3.738739     20.430896     20.430896     40.861792
     -3.728729     21.512859     21.512859     43.025717
     -3.718719     21.948583     21.948583     43.897167
     -3.708709     21.649007     21.649007     43.298014
     -3.698699     20.938308     20.938308     41.876616
     -3.688689     20.439934     20.439934     40.879869
     -3.678679     20.863852     20.863852     41.727703
     -3.668669     22.750005     22.750005     45.500009
     -3.658659     26.248836     26.248836     52.497671
     -3.648649     31.021428     31.021428     62.042856
     -3.638639     36.307341     36.307341     72.614682
     -3.628629     41.143088     41.143088     82.286177
     -3.618619     44.647407     44.647407     89.294815
     -3.608609     46.259753     46.259753     92.519507
     -3.598599     45.847005     45.847005     91.694009
     -3.588589     43.663055     43.663055     87.326109
     -3.578579     40.211233     40.211233     80.422467
     -3.568569     36.081821     36.081821     72.163642
     -3.558559     31.815267     31.815267     63.630534
     -3.548549     27.807864     27.807864     55.615728
     -3.538539     24.261172     24.261172     48.522345
     -3.528529     21.180757     21.180757     42.361513
     -3.518519     18.431349     18.431349     36.862699
     -3.508509     15.838031     15.838031     31.676062
     -3.498498     13.296032     13.296032     26.592063
     -3.488488     10.840635     10.840635     21.681270
     -3.478478      8.646994      8.646994     17.293989
     -3.468468      6.965384      6.965384     13.930769
     -3.458458      6.025195      6.025195     12.050390
     -3.448448      5.946114      5.946114     11.892228
     -3.438438      6.683279      6.683279     13.366558
     -3.428428      8.019898      8.019898     16.039795
     -3.418418      9.612733      9.612733     19.225467
     -3.408408     11.086840     11.086840     22.173679
     -3.398398     12.158616     12.158616     24.317232
     -3.388388     12.745798     12.745798     25.491595
     -3.378378     13.016189     13.016189     26.032378
     -3.368368     13.346615     13.346615     26.693230
     -3.358358     14.203091     14.203091     28.406182
     -3.348348     15.988325     15.988325     31.976650
     -3.338338     18.910406     18.910406     37.820812
     -3.328328     22.905398     22.905398     45.810797
     -3.318318     27.617977     27.617977     55.235955
     -3.308308     32.432926     32.432926     64.865851
     -3.298298     36.559677     36.559677     73.119354
     -3.288288     39.179782     39.179782     78.359563
     -3.278278     39.647749     39.647749     79.295497
     -3.268268     37.691626     37.691626     75.383253
     -3.258258     33.526982     33.526982     67.053965
     -3.248248     27.815736     27.815736     55.631472
     -3.238238     21.471532     21.471532     42.943063
     -3.228228     15.392428     15.392428     30.784855
     -3.218218     10.235115     10.235115     20.470230
     -3.208208      6.312620      6.312620     12.625240
     -3.198198      3.627230      3.627230      7.254461
     -3.188188      1.990568      1.990568      3.981136
     -3.178178      1.163778      1.163778      2.327556
     -3.168168      0.969036      0.969036      1.938072
     -3.158158      1.354031      1.354031      2.708062
     -3.148148      2.410802      2.410802      4.821604
     -3.138138      4.352784      4.352784      8.705569
     -3.128128      7.448079      7.448079     14.896158
     -3.118118     11.907689     11.907689     23.815379
     -3.108108     17.744252     17.744252     35.488504
     -3.098098     24.645551     24.645551     49.291101
     -3.088088     31.929114     31.929114     63.858228
     -3.078078     38.634927     38.634927     77.269854
     -3.068068     43.761066     43.761066     87.522131
     -3.058058     46.569607     46.569607     93.139214
     -3.048048     46.832798     46.832798     93.665597
     -3.038038     44.897624     44.897624     89.795249
     -3.028028     41.529386     41.529386     83.058772
     -3.018018     37.608305     37.608305     75.216611
     -3.008008     33.827949     33.827949     67.655899
     -2.997998     30.534097     30.534097     61.068194
     -2.987988     27.757945     27.757945     55.515889
     -2.977978     25.393878     25.393878     50.787756
     -2.967968     23.408168     23.408168     46.816336
     -2.957958     21.966002     21.966002     43.932004
     -2.947948     21.416770     21.416770     42.833540
     -2.937938     22.148614     22.148614     44.297228
     -2.927928     24.381932     24.381932     48.763865
     -2.917918     27.998047     27.998047     55.996094
     -2.907908     32.486186     32.486186     64.972372
     -2.897898     37.044116     37.044116     74.088233
     -2.887888     40.802740     40.802740     81.605479
     -2.877878     43.089339     43.089339     86.178678
     -2.867868     43.623579     43.623579     87.247158
     -2.857858     42.566697     42.566697     85.133395
     -2.847848     40.407747     40.407747     80.815495
     -2.837838     37.742449     37.742449     75.484898
     -2.827828     35.045945     35.045945     70.091889
     -2.817818     32.538034     32.538034     65.076069
     -2.807808     30.189712     30.189712     60.379424
     -2.797798     27.848300     27.848300     55.696600
     -2.787788     25.401712     25.401712     50.803424
     -2.777778     22.889396     22.889396     45.778793
     -2.767768     20.504242     20.504242     41.008485
     -2.757758     18.495392     18.495392     36.990784
     -2.747748     17.039337     17.039337     34.078675
     -2.737738     16.162632     16.162632     32.325264
     -2.727728     15.764006     15.764006     31.528013
     -2.717718     15.717645     15.717645     31.435290
     -2.707708     15.984258     15.984258     31.968517
     -2.697698     16.649142     16.649142     33.298285
     -2.687688     17.854145     17.854145     35.708290
     -2.677678     19.663944     19.663944     39.327889
     -2.667668     21.957266     21.957266     43.914531
     -2.657658     24.424200     24.424200     48.848399
     -2.647648     26.684099     26.684099     53.368197
     -2.637638     28.457606     28.457606     56.915213
     -2.627628     29.687256     29.687256     59.374512
     -2.617618     30.533171     30.533171     61.066343
     -2.607608     31.252446     31.252446     62.504893
     -2.597598     32.043768     32.043768     64.087535
     -2.587588     32.950387     32.950387     65.900775
     -2.577578     33.860829     33.860829     67.721658
     -2.567568     34.575351     34.575351     69.150703
     -2.557558     34.875296     34.875296     69.750592
     -2.547548     34.560278     34.560278     69.120557
     -2.537538     33.469618     33.469618     66.939235
     -2.527528     31.526048     31.526048     63.052097
     -2.517518     28.810682     28.810682     57.621364
     -2.507508     25.627729     25.627729     51.255459
     -2.497497     22.495697     22.495697     44.991393
     -2.487487     20.032924     20.032924     40.065848
     -2.477477     18.768749     18.768749     37.537498
     -2.467467     18.962158     18.962158     37.924316
     -2.457457     20.514579     20.514579     41.029159
     -2.447447     23.021192     23.021192     46.042385
     -2.437437     25.940225     25.940225     51.880451
     -2.427427     28.804510     28.804510     57.609021
     -2.417417     31.379133     31.379133     62.758266
     -2.407407     33.692822     33.692822     67.385643
     -2.397397     35.929156     35.929156     71.858312
     -2.387387     38.230902     38.230902     76.461803
     -2.377377     40.515556     40.515556     81.031111
     -2.367367     42.400434     42.400434     84.800869
     -2.357357     43.288570     43.288570     86.577139
     -2.347347     42.591159     42.591159     85.182317
     -2.337337     39.992736     39.992736     79.985473
     -2.327327     35.637921     35.637921     71.275842
     -2.317317     30.151716     30.151716     60.303432
     -2.307307     24.483774     24.483774     48.967548
     -2.297297     19.646920     19.646920     39.293839
     -2.287287     16.457425     16.457425     32.914851
     -2.277277     15.364818     15.364818     30.729636
     -2.267267     16.405019     16.405019     32.810039
     -2.257257     19.259352     19.259352     38.518704
     -2.247247     23.375880     23.375880     46.751761
     -2.237237     28.107257     28.107257     56.214514
     -2.227227     32.828202     32.828202     65.656404
     -2.217217     37.008784     37.008784     74.017567
     -2.207207     40.237919     40.237919     80.475837
     -2.197197     42.214198     42.214198     84.428397
     -2.187187     42.737596     42.737596     85.475192
     -2.177177     41.730813     41.730813     83.461627
     -2.167167     39.289072     39.289072     78.578144
     -2.157157     35.719674     35.719674     71.439348
     -2.147147     31.518249     31.518249     63.036497
     -2.137137     27.256542     27.256542     54.513084
     -2.127127     23.414142     23.414142     46.828283
     -2.117117     20.233378     20.233378     40.466757
     -2.107107     17.674968     17.674968     35.349936
     -2.097097     15.497970     15.497970     30.995940
     -2.087087     13.416980     13.416980     26.833959
     -2.077077     11.250012     11.250012     22.500023
     -2.067067      8.986065      8.986065     17.972131
     -2.057057      6.755892      6.755892     13.511784
     -2.047047      4.743278      4.743278      9.486555
     -2.037037      3.095066      3.095066      6.190131
     -2.027027      1.872018      1.872018      3.744035
     -2.017017      1.049299      1.049299      2.098599
     -2.007007      0.549202      0.549202      1.098404
     -1.996997      0.281429      0.281429      0.562858
     -1.986987      0.174279      0.174279      0.348557
     -1.976977      0.192275      0.192275      0.384550
     -1.966967      0.343501      0.343501      0.687002
     -1.956957      0.680383      0.680383      1.360766
     -1.946947      1.293602      1.293602      2.587205
     -1.936937      2.294879      2.294879      4.589757
     -1.926927      3.784940      3.784940      7.569880
     -1.916917      5.809746      5.809746     11.619492
     -1.906907      8.318088      8.318088     16.636176
     -1.896897     11.140125     11.140125     22.280250
     -1.886887     14.002606     14.002606     28.005212
     -1.876877     16.582146     16.582146     33.164291
     -1.866867     18.580977     18.580977     37.161954
     -1.856857     19.800441     19.800441     39.600883
     -1.846847     20.189828     20.189828     40.379656
     -1.836837     19.856810     19.856810     39.713619
     -1.826827     19.034181     19.034181     38.068363
     -1.816817     18.006327     18.006327     36.012655
     -1.806807     17.012883     17.012883     34.025766
     -1.796797     16.164510     16.164510     32.329019
     -1.786787     15.412678     15.412678     30.825356
     -1.776777     14.597387     14.597387     29.194773
     -1.766767     13.556712     13.556712     27.113424
     -1.756757     12.244014     12.244014     24.488028
     -1.746747     10.789953     10.789953     21.579906
     -1.736737      9.474980      9.474980     18.949961
     -1.726727      8.625265      8.625265     17.250529
     -1.716717      8.482343      8.482343     16.964686
     -1.706707      9.105937      9.105937     18.211874
     -1.696697     10.350766     10.350766     20.701531
     -1.686687     11.923849     11.923849     23.847697
     -1.676677     13.493132     13.493132     26.986265
     -1.666667     14.795191     14.795191     29.590382
     -1.656657     15.691437     15.691437     31.382873
     -1.646647     16.152229     16.152229     32.304459
     -1.636637     16.192563     16.192563     32.385127
     -1.626627     15.813295     15.813295     31.626591
     -1.616617     14.995380     14.995380     29.990761
     -1.606607     13.754349     13.754349     27.508698
     -1.596597     12.217612     12.217612     24.435224
     -1.586587     10.669930     10.669930     21.339860
     -1.576577      9.531000      9.531000     19.062001
     -1.566567      9.265219      9.265219     18.530439
     -1.556557     10.251934     10.251934     20.503868
     -1.546547     12.654650     12.654650     25.309300
     -1.536537     16.326515     16.326515     32.653030
     -1.526527     20.785376     20.785376     41.570753
     -1.516517     25.281970     25.281970     50.563940
     -1.506507     28.960575     28.960575     57.921149
     -1.496496     31.074110     31.074110     62.148220
     -1.486486     31.183987     31.183987     62.367975
     -1.476476     29.272286     29.272286     58.544573
     -1.466466     25.727370     25.727370     51.454740
     -1.456456     21.216775     21.216775     42.433550
     -1.446446     16.503786     16.503786     33.007573
     -1.436436     12.275406     12.275406     24.550812
     -1.426426      9.028876      9.028876     18.057752
     -1.416416      7.028150      7.028150     14.056300
     -1.406406      6.312509      6.312509     12.625019
     -1.396396      6.730906      6.730906     13.461813
     -1.386386      7.987049      7.987049     15.974099
     -1.376376      9.697445      9.697445     19.394890
     -1.366366     11.469692     11.469692     22.939385
     -1.356356     12.993828     12.993828     25.987656
     -1.346346     14.116854     14.116854     28.233707
     -1.336336     14.862579     14.862579     29.725158
     -1.326326     15.380126     15.380126     30.760252
     -1.316316     15.844690     15.844690     31.689380
     -1.306306     16.363615     16.363615     32.727230
     -1.296296     16.934677     16.934677     33.869354
     -1.286286     17.465447     17.465447     34.930895
     -1.276276     17.823530     17.823530     35.647061
     -1.266266     17.878263     17.878263     35.756526
     -1.256256     17.518106     17.518106     35.036212
     -1.246246     16.657998     16.657998     33.315997
     -1.236236     15.258074     15.258074     30.516148
     -1.226226     13.355153     13.355153     26.710306
     -1.216216     11.084304     11.084304     22.168608
     -1.206206      8.665128      8.665128     17.330255
     -1.196196      6.349688      6.349688     12.699375
     -1.186186      4.356307      4.356307      8.712615
     -1.176176      2.823129      2.823129      5.646257
     -1.166166      1.801650      1.801650      3.603301
     -1.156156      1.285941      1.285941      2.571883
     -1.146146      1.254799      1.254799      2.509598
     -1.136136      1.700366      1.700366      3.400733
     -1.126126      2.625986      2.625986      5.251972
     -1.116116      4.012390      4.012390      8.024779
     -1.106106      5.768937      5.768937     11.537874
     -1.096096      7.699464      7.699464     15.398929
     -1.086086      9.512806      9.512806     19.025612
     -1.076076     10.890906     10.890906     21.781813
     -1.066066     11.596686     11.596686     23.193373
     -1.056056     11.575318     11.575318     23.150635
     -1.046046     10.995668     10.995668     21.991337
     -1.036036     10.201744     10.201744     20.403488
     -1.026026      9.586339      9.586339     19.172677
     -1.016016      9.437668      9.437668     18.875336
     -1.006006      9.824201      9.824201     19.648401
     -0.995996     10.567090     10.567090     21.134180
     -0.985986     11.312027     11.312027     22.624054
     -0.975976     11.669684     11.669684     23.339367
     -0.965966     11.364582     11.364582     22.729163
     -0.955956     10.329975     10.329975     20.659950
     -0.945946      8.713555      8.713555     17.427110
     -0.935936      6.802061      6.802061     13.604122
     -0.925926      4.908714      4.908714      9.817428
     -0.915916      3.276869      3.276869      6.553737
     -0.905906      2.034817      2.034817      4.069634
     -0.895896      1.205706      1.205706      2.411412
     -0.885886      0.752377      0.752377      1.504754
     -0.875876      0.629407      0.629407      1.258813
     -0.865866      0.820573      0.820573      1.641146
     -0.855856      1.350237      1.350237      2.700474
     -0.845846      2.265724      2.265724      4.531448
     -0.835836      3.595114      3.595114      7.190228
     -0.825826      5.293843      5.293843     10.587686
     -0.815816      7.203420      7.203420     14.406840
     -0.805806      9.049157      9.049157     18.098315
     -0.795796     10.492757     10.492757     20.985515
     -0.785786     11.229580     11.229580     22.459161
     -0.775776     11.092401     11.092401     22.184802
     -0.765766     10.112884     10.112884     20.225767
     -0.755756      8.509674      8.509674     17.019349
     -0.745746      6.609151      6.609151     13.218302
     -0.735736      4.738114      4.738114      9.476227
     -0.725726      3.136573      3.136573      6.273145
     -0.715716      1.920958      1.920958      3.841916
     -0.705706      1.098756      1.098756      2.197512
     -0.695696      0.613933      0.613933      1.227866
     -0.685686      0.397673      0.397673      0.795345
     -0.675676      0.406898      0.406898      0.813797
     -0.665666      0.643641      0.643641      1.287282
     -0.655656      1.154183      1.154183      2.308367
     -0.645646      2.007995      2.007995      4.015991
     -0.635636      3.257780      3.257780      6.515560
     -0.625626      4.888352      4.888352      9.776704
     -0.615616      6.772784      6.772784     13.545569
     -0.605606      8.661517      8.661517     17.323033
     -0.595596     10.223849     10.223849     20.447698
     -0.585586     11.138408     11.138408     22.276816
     -0.575576     11.200023     11.200023     22.400047
     -0.565566     10.394453     10.394453     20.788906
     -0.555556      8.903715      8.903715     17.807429
     -0.545546      7.039271      7.039271     14.078541
     -0.535536      5.136543      5.136543     10.273086
     -0.525526      3.459402      3.459402      6.918805
     -0.515516      2.150394      2.150394      4.300788
     -0.505506      1.233735      1.233735      2.467470
     -0.495495      0.653300      0.653300      1.306600
     -0.485485      0.319294      0.319294      0.638587
     -0.475475      0.144031      0.144031      0.288061
     -0.465465      0.059966      0.059966      0.119932
     -0.455455      0.023043      0.023043      0.046087
     -0.445445      0.008173      0.008173      0.016346
     -0.435435      0.002676      0.002676      0.005352
     -0.425425      0.000811      0.000811      0.001622
     -0.415415      0.000238      0.000238      0.000476
     -0.405405      0.000111      0.000111      0.000223
     -0.395395      0.000222      0.000222      0.000445
     -0.385385      0.000755      0.000755      0.001510
     -0.375375      0.002501      0.002501      0.005001
     -0.365365      0.007673      0.007673      0.015346
     -0.355355      0.021735      0.021735      0.043471
     -0.345345      0.056828      0.056828      0.113656
     -0.335335      0.137135      0.137135      0.274271
     -0.325325      0.305437      0.305437      0.610874
     -0.315315      0.627886      0.627886      1.255773
     -0.305305      1.191316      1.191316      2.382632
     -0.295295      2.086219      2.086219      4.172438
     -0.285285      3.371939      3.371939      6.743877
     -0.275275      5.030212      5.030212     10.060423
     -0.265265      6.925956      6.925956     13.851911
     -0.255255      8.801567      8.801567     17.603134
     -0.245245     10.323504     10.323504     20.647009
     -0.235235     11.175865     11.175865     22.351730
     -0.225225     11.166626     11.166626     22.333253
     -0.215215     10.297924     10.297924     20.595848
     -0.205205      8.765248      8.765248     17.530497
     -0.195195      6.885978      6.885978     13.771956
     -0.185185      4.992911      4.992911      9.985823
     -0.175175      3.341404      3.341404      6.682808
     -0.165165      2.063911      2.063911      4.127821
     -0.155155      1.176629      1.176629      2.353259
     -0.145145      0.619121      0.619121      1.238241
     -0.135135      0.300675      0.300675      0.601351
     -0.125125      0.134774      0.134774      0.269549
     -0.115115      0.055758      0.055758      0.111515
     -0.105105      0.021291      0.021291      0.042581
     -0.095095      0.007503      0.007503      0.015007
     -0.085085      0.002441      0.002441      0.004881
     -0.075075      0.000733      0.000733      0.001466
     -0.065065      0.000203      0.000203      0.000406
     -0.055055      0.000052      0.000052      0.000104
     -0.045045      0.000012      0.000012      0.000025
     -0.035035      0.000003      0.000003      0.000005
     -0.025025      0.000001      0.000001      0.000001
     -0.015015      0.000000      0.000000      0.000000
     -0.005005      0.000000      0.000000      0.000000
      0.005005      0.000000      0.000000      0.000000
      0.015015      0.000000      0.000000      0.000000
      0.025025      0.000001      0.000001      0.000001
      0.035035      0.000003      0.000003      0.000005
      0.045045      0.000012      0.000012      0.000025
      0.055055      0.000052      0.000052      0.000104
      0.065065      0.000203      0.000203      0.000406
      0.075075      0.000733      0.000733      0.001466
      0.085085      0.002441      0.002441      0.004881
      0.095095      0.007503      0.007503      0.015007
      0.105105      0.021291      0.021291      0.042581
      0.115115      0.055758      0.055758      0.111515
      0.125125      0.134775      0.134775      0.269549
      0.135135      0.300676      0.300676      0.601352
      0.145145      0.619122      0.619122      1.238243
      0.155155      1.176631      1.176631      2.353262
      0.165165      2.063913      2.063913      4.127826
      0.175175      3.341407      3.341407      6.682813
      0.185185      4.992915      4.992915      9.985830
      0.195195      6.885982      6.885982     13.771963
      0.205205      8.765252      8.765252     17.530504
      0.215215     10.297926     10.297926     20.595853
      0.225225     11.166627     11.166627     22.333255
      0.235235     11.175864     11.175864     22.351728
      0.245245     10.323502     10.323502     20.647004
      0.255255      8.801564      8.801564     17.603127
      0.265265      6.925952      6.925952     13.851904
      0.275275      5.030208      5.030208     10.060416
      0.285285      3.371936      3.371936      6.743871
      0.295295      2.086217      2.086217      4.172434
      0.305305      1.191315      1.191315      2.382629
      0.315315      0.627885      0.627885      1.255771
      0.325325      0.305437      0.305437      0.610873
      0.335335      0.137135      0.137135      0.274270
      0.345345      0.056828      0.056828      0.113656
      0.355355      0.021735      0.021735      0.043471
      0.365365      0.007673      0.007673      0.015346
      0.375375      0.002500      0.002500      0.005001
      0.385385      0.000754      0.000754      0.001508
      0.395395      0.000219      0.000219      0.000438
      0.405405      0.000097      0.000097      0.000194
      0.415415      0.000184      0.000184      0.000368
      0.425425      0.000628      0.000628      0.001256
      0.435435      0.002104      0.002104      0.004208
      0.445445      0.006533      0.006533      0.013067
      0.455455      0.018728      0.018728      0.037456
      0.465465      0.049549      0.049549      0.099098
      0.475475      0.120996      0.120996      0.241991
      0.485485      0.272703      0.272703      0.545406
      0.495495      0.567279      0.567279      1.134559
      0.505506      1.089158      1.089158      2.178316
      0.515516      1.930064      1.930064      3.860127
      0.525526      3.156743      3.156743      6.313485
      0.535536      4.765337      4.765337      9.530674
      0.545546      6.639494      6.639494     13.278988
      0.555556      8.538143      8.538143     17.076287
      0.565566     10.133971     10.133971     20.267942
      0.575576     11.101612     11.101612     22.203224
      0.585586     11.225126     11.225126     22.450251
      0.595596     10.476747     10.476747     20.953494
      0.605606      9.028279      9.028279     18.056558
      0.615616      7.190112      7.190112     14.380224
      0.625626      5.309926      5.309926     10.619852
      0.635636      3.680071      3.680071      7.360143
      0.645646      2.490552      2.490552      4.981104
      0.655656      1.834245      1.834245      3.668490
      0.665666      1.742648      1.742648      3.485296
      0.675676      2.218986      2.218986      4.437971
      0.685686      3.243779      3.243779      6.487558
      0.695696      4.749133      4.749133      9.498266
      0.705706      6.581101      6.581101     13.162202
      0.715716      8.483091      8.483091     16.966183
      0.725726     10.128562     10.128562     20.257124
      0.735736     11.207009     11.207009     22.414018
      0.745746     11.534337     11.534337     23.068673
      0.755756     11.136661     11.136661     22.273322
      0.765766     10.261407     10.261407     20.522814
      0.775776      9.301020      9.301020     18.602041
      0.785786      8.655279      8.655279     17.310558
      0.795796      8.586044      8.586044     17.172089
      0.805806      9.121175      9.121175     18.242349
      0.815816     10.044282     10.044282     20.088563
      0.825826     10.974178     10.974178     21.948356
      0.835836     11.503801     11.503801     23.007602
      0.845846     11.344536     11.344536     22.689073
      0.855856     10.419093     10.419093     20.838187
      0.865866      8.868854      8.868854     17.737708
      0.875876      6.981027      6.981027     13.962054
      0.885886      5.076157      5.076157     10.152315
      0.895896      3.408076      3.408076      6.816152
      0.905906      2.112268      2.112268      4.224535
      0.915916      1.208416      1.208416      2.416831
      0.925926      0.638160      0.638160      1.276320
      0.935936      0.311295      0.311295      0.622589
      0.945946      0.140996      0.140996      0.281991
      0.955956      0.061671      0.061671      0.123343
      0.965966      0.033010      0.033010      0.066020
      0.975976      0.037585      0.037585      0.075171
      0.985986      0.078362      0.078362      0.156723
      0.995996      0.179265      0.179265      0.358529
      1.006006      0.388382      0.388382      0.776764
      1.016016      0.779821      0.779821      1.559642
      1.026026      1.447650      1.447650      2.895301
      1.036036      2.485592      2.485592      4.971183
      1.046046      3.951648      3.951648      7.903296
      1.056056      5.827551      5.827551     11.655102
      1.066066      7.993479      7.993479     15.986957
      1.076076     10.239461     10.239461     20.478922
      1.086086     12.319683     12.319683     24.639367
      1.096096     14.029573     14.029573     28.059147
      1.106106     15.266044     15.266044     30.532088
      1.116116     16.037054     16.037054     32.074109
      1.126126     16.419058     16.419058     32.838115
      1.136136     16.497376     16.497376     32.994751
      1.146146     16.334772     16.334772     32.669544
      1.156156     15.986515     15.986515     31.973030
      1.166166     15.537469     15.537469     31.074937
      1.176176     15.115624     15.115624     30.231249
      1.186186     14.856772     14.856772     29.713544
      1.196196     14.840060     14.840060     29.680120
      1.206206     15.044149     15.044149     30.088297
      1.216216     15.361042     15.361042     30.722084
      1.226226     15.659036     15.659036     31.318072
      1.236236     15.846335     15.846335     31.692669
      1.246246     15.887358     15.887358     31.774716
      1.256256     15.764586     15.764586     31.529171
      1.266266     15.425436     15.425436     30.850872
      1.276276     14.766829     14.766829     29.533659
      1.286286     13.679327     13.679327     27.358653
      1.296296     12.124585     12.124585     24.249171
      1.306306     10.193833     10.193833     20.387666
      1.316316      8.109941      8.109941     16.219882
      1.326326      6.176038      6.176038     12.352076
      1.336336      4.705938      4.705938      9.411876
      1.346346      3.973087      3.973087      7.946173
      1.356356      4.189183      4.189183      8.378367
      1.366366      5.494809      5.494809     10.989619
      1.376376      7.935610      7.935610     15.871221
      1.386386     11.415269     11.415269     22.830537
      1.396396     15.647048     15.647048     31.294096
      1.406406     20.145135     20.145135     40.290271
      1.416416     24.287500     24.287500     48.574999
      1.426426     27.445647     27.445647     54.891294
      1.436436     29.136445     29.136445     58.272890
      1.446446     29.135439     29.135439     58.270878
      1.456456     27.510978     27.510978     55.021956
      1.466466     24.578899     24.578899     49.157797
      1.476476     20.810138     20.810138     41.620276
      1.486486     16.730846     16.730846     33.461691
      1.496496     12.840866     12.840866     25.681732
      1.506507      9.558640      9.558640     19.117280
      1.516517      7.190056      7.190056     14.380111
      1.526527      5.915307      5.915307     11.830614
      1.536537      5.786874      5.786874     11.573748
      1.546547      6.732812      6.732812     13.465625
      1.556557      8.564756      8.564756     17.129513
      1.566567     10.997386     10.997386     21.994773
      1.576577     13.688177     13.688177     27.376355
      1.586587     16.298120     16.298120     32.596239
      1.596597     18.560296     18.560296     37.120592
      1.606607     20.334889     20.334889     40.669778
      1.616617     21.633088     21.633088     43.266175
      1.626627     22.604103     22.604103     45.208205
      1.636637     23.489283     23.489283     46.978565
      1.646647     24.551222     24.551222     49.102443
      1.656657     25.989041     25.989041     51.978082
      1.666667     27.859522     27.859522     55.719045
      1.676677     30.033907     30.033907     60.067815
      1.686687     32.219511     32.219511     64.439021
      1.696697     34.053790     34.053790     68.107581
      1.706707     35.240360     35.240360     70.480720
      1.716717     35.662643     35.662643     71.325286
      1.726727     35.408839     35.408839     70.817678
      1.736737     34.685011     34.685011     69.370023
      1.746747     33.663330     33.663330     67.326661
      1.756757     32.363573     32.363573     64.727147
      1.766767     30.654720     30.654720     61.309440
      1.776777     28.387939     28.387939     56.775877
      1.786787     25.581267     25.581267     51.162535
      1.796797     22.534551     22.534551     45.069102
      1.806807     19.790430     19.790430     39.580861
      1.816817     17.946288     17.946288     35.892575
      1.826827     17.404650     17.404650     34.809300
      1.836837     18.180605     18.180605     36.361210
      1.846847     19.856836     19.856836     39.713672
      1.856857     21.711612     21.711612     43.423224
      1.866867     22.972342     22.972342     45.944683
      1.876877     23.093904     23.093904     46.187807
      1.886887     21.947864     21.947864     43.895729
      1.896897     19.845056     19.845056     39.690112
      1.906907     17.387347     17.387347     34.774694
      1.916917     15.220565     15.220565     30.441130
      1.926927     13.801142     13.801142     27.602283
      1.936937     13.274893     13.274893     26.549786
      1.946947     13.507248     13.507248     27.014496
      1.956957     14.230610     14.230610     28.461221
      1.966967     15.220551     15.220551     30.441102
      1.976977     16.402880     16.402880     32.805761
      1.986987     17.834607     17.834607     35.669215
      1.996997     19.575999     19.575999     39.151997
      2.007007     21.539727     21.539727     43.079453
      2.017017     23.423613     23.423613     46.847226
      2.027027     24.786670     24.786670     49.573340
      2.037037     25.237578     25.237578     50.475156
      2.047047     24.627586     24.627586     49.255172
      2.057057     23.129705     23.129705     46.259411
      2.067067     21.153202     21.153202     42.306405
      2.077077     19.143451     19.143451     38.286902
      2.087087     17.385059     17.385059     34.770117
      2.097097     15.917812     15.917812     31.835624
      2.107107     14.600710     14.600710     29.201420
      2.117117     13.271450     13.271450     26.542900
      2.127127     11.902256     11.902256     23.804513
      2.137137     10.668860     10.668860     21.337721
      2.147147      9.907084      9.907084     19.814169
      2.157157      9.989832      9.989832     19.979664
      2.167167     11.185368     11.185368     22.370737
      2.177177     13.550745     13.550745     27.101489
      2.187187     16.887914     16.887914     33.775829
      2.197197     20.764331     20.764331     41.528662
      2.207207     24.585340     24.585340     49.170680
      2.217217     27.701883     27.701883     55.403765
      2.227227     29.536568     29.536568     59.073135
      2.237237     29.707210     29.707210     59.414419
      2.247247     28.119294     28.119294     56.238588
      2.257257     24.995741     24.995741     49.991483
      2.267267     20.824515     20.824515     41.649031
      2.277277     16.233770     16.233770     32.467541
      2.287287     11.836903     11.836903     23.673806
      2.297297      8.105283      8.105283     16.210566
      2.307307      5.312865      5.312865     10.625729
      2.317317      3.561760      3.561760      7.123520
      2.327327      2.861734      2.861734      5.723469
      2.337337      3.217547      3.217547      6.435095
      2.347347      4.681083      4.681083      9.362167
      2.357357      7.343696      7.343696     14.687392
      2.367367     11.268501     11.268501     22.537002
      2.377377     16.385683     16.385683     32.771367
      2.387387     22.391836     22.391836     44.783673
      2.397397     28.701918     28.701918     57.403836
      2.407407     34.493530     34.493530     68.987061
      2.417417     38.854832     38.854832     77.709664
      2.427427     41.004995     41.004995     82.009990
      2.437437     40.516375     40.516375     81.032751
      2.447447     37.452655     37.452655     74.905311
      2.457457     32.362008     32.362008     64.724016
      2.467467     26.122756     26.122756     52.245511
      2.477477     19.702864     19.702864     39.405728
      2.487487     13.928928     13.928928     27.857855
      2.497497      9.346449      9.346449     18.692898
      2.507508      6.201776      6.201776     12.403552
      2.517518      4.518295      4.518295      9.036590
      2.527528      4.205794      4.205794      8.411587
      2.537538      5.143996      5.143996     10.287992
      2.547548      7.210023      7.210023     14.420045
      2.557558     10.255015     10.255015     20.510030
      2.567568     14.059617     14.059617     28.119234
      2.577578     18.303241     18.303241     36.606482
      2.587588     22.570896     22.570896     45.141792
      2.597598     26.403061     26.403061     52.806123
      2.607608     29.377686     29.377686     58.755373
      2.617618     31.202349     31.202349     62.404699
      2.627628     31.788557     31.788557     63.577114
      2.637638     31.280562     31.280562     62.561125
      2.647648     30.022746     30.022746     60.045492
      2.657658     28.473521     28.473521     56.947041
      2.667668     27.099014     27.099014     54.198028
      2.677678     26.288201     26.288201     52.576402
      2.687688     26.313602     26.313602     52.627203
      2.697698     27.329909     27.329909     54.659818
      2.707708     29.381334     29.381334     58.762667
      2.717718     32.392544     32.392544     64.785089
      2.727728     36.141897     36.141897     72.283795
      2.737738     40.239843     40.239843     80.479686
      2.747748     44.144596     44.144596     88.289193
      2.757758     47.237636     47.237636     94.475271
      2.767768     48.957252     48.957252     97.914504
      2.777778     48.956372     48.956372     97.912743
      2.787788     47.224270     47.224270     94.448539
      2.797798     44.109438     44.109438     88.218875
      2.807808     40.215238     40.215238     80.430476
      2.817818     36.200413     36.200413     72.400826
      2.827828     32.568641     32.568641     65.137282
      2.837838     29.540024     29.540024     59.080047
      2.847848     27.054892     27.054892     54.109784
      2.857858     24.892859     24.892859     49.785717
      2.867868     22.837088     22.837088     45.674176
      2.877878     20.800922     20.800922     41.601844
      2.887888     18.861450     18.861450     37.722900
      2.897898     17.194678     17.194678     34.389357
      2.907908     15.956127     15.956127     31.912254
      2.917918     15.177228     15.177228     30.354457
      2.927928     14.737982     14.737982     29.475963
      2.937938     14.431949     14.431949     28.863899
      2.947948     14.083492     14.083492     28.166984
      2.957958     13.643236     13.643236     27.286472
      2.967968     13.199840     13.199840     26.399680
      2.977978     12.898900     12.898900     25.797800
      2.987988     12.819748     12.819748     25.639497
      2.997998     12.888628     12.888628     25.777256
      3.008008     12.884069     12.884069     25.768138
      3.018018     12.532888     12.532888     25.065776
      3.028028     11.640887     11.640887     23.281775
      3.038038     10.185114     10.185114     20.370229
      3.048048      8.322172      8.322172     16.644344
      3.058058      6.317795      6.317795     12.635590
      3.068068      4.443010      4.443010      8.886021
      3.078078      2.889846      2.889846      5.779693
      3.088088      1.737291      1.737291      3.474582
      3.098098      0.966319      0.966319      1.932637
      3.108108      0.501746      0.501746      1.003491
      3.118118      0.256182      0.256182      0.512365
      3.128128      0.161673      0.161673      0.323345
      3.138138      0.187020      0.187020      0.374040
      3.148148      0.345591      0.345591      0.691183
      3.158158      0.697935      0.697935      1.395870
      3.168168      1.348528      1.348528      2.697056
      3.178178      2.430929      2.430929      4.861858
      3.188188      4.074908      4.074908      8.149815
      3.198198      6.355504      6.355504     12.711007
      3.208208      9.236183      9.236183     18.472366
      3.218218     12.530131     12.530131     25.060262
      3.228228     15.906104     15.906104     31.812209
      3.238238     18.952001     18.952001     37.904001
      3.248248     21.283030     21.283030     42.566060
      3.258258     22.654759     22.654759     45.309519
      3.268268     23.030713     23.030713     46.061426
      3.278278     22.569867     22.569867     45.139735
      3.288288     21.537091     21.537091     43.074182
      3.298298     20.180430     20.180430     40.360861
      3.308308     18.638460     18.638460     37.276921
      3.318318     16.924116     16.924116     33.848233
      3.328328     14.986351     14.986351     29.972702
      3.338338     12.805880     12.805880     25.611759
      3.348348     10.465799     10.465799     20.931597
      3.358358      8.160400      8.160400     16.320800
      3.368368      6.146893      6.146893     12.293787
      3.378378      4.674289      4.674289      9.348578
      3.388388      3.924067      3.924067      7.848133
      3.398398      3.976034      3.976034      7.952069
      3.408408      4.792473      4.792473      9.584946
      3.418418      6.211291      6.211291     12.422582
      3.428428      7.952567      7.952567     15.905133
      3.438438      9.655348      9.655348     19.310697
      3.448448     10.956158     10.956158     21.912316
      3.458458     11.595925     11.595925     23.191851
      3.468468     11.514759     11.514759     23.029517
      3.478478     10.886169     10.886169     21.772338
      3.488488     10.064136     10.064136     20.128273
      3.498498      9.457209      9.457209     18.914419
      3.508509      9.380240      9.380240     18.760479
      3.518519      9.946349      9.946349     19.892697
      3.528529     11.043731     11.043731     22.087463
      3.538539     12.403060     12.403060     24.806120
      3.548549     13.719151     13.719151     27.438302
      3.558559     14.765143     14.765143     29.530286
      3.568569     15.443651     15.443651     30.887302
      3.578579     15.757402     15.757402     31.514804
      3.588589     15.731356     15.731356     31.462712
      3.598599     15.347088     15.347088     30.694176
      3.608609     14.537085     14.537085     29.074169
      3.618619     13.240415     13.240415     26.480830
      3.628629     11.476291     11.476291     22.952582
      3.638639      9.381154      9.381154     18.762308
      3.648649      7.183278      7.183278     14.366556
      3.658659      5.131893      5.131893     10.263786
      3.668669      3.423753      3.423753      6.847505
      3.678679      2.164812      2.164812      4.329625
      3.688689      1.378377      1.378377      2.756754
      3.698699      1.044563      1.044563      2.089126
      3.708709      1.143586      1.143586      2.287171
      3.718719      1.678432      1.678432      3.356864
      3.728729      2.664673      2.664673      5.329345
      3.738739      4.090533      4.090533      8.181067
      3.748749      5.865490      5.865490     11.730981
      3.758759      7.786307      7.786307     15.572614
      3.768769      9.548622      9.548622     19.097244
      3.778779     10.814859     10.814859     21.629718
      3.788789     11.319910     11.319910     22.639819
      3.798799     10.970887     10.970887     21.941774
      3.808809      9.894165      9.894165     19.788331
      3.818819      8.406671      8.406671     16.813343
      3.828829      6.924519      6.924519     13.849039
      3.838839      5.847219      5.847219     11.694438
      3.848849      5.456663      5.456663     10.913327
      3.858859      5.853324      5.853324     11.706647
      3.868869      6.935195      6.935195     13.870390
      3.878879      8.419260      8.419260     16.838519
      3.888889      9.905794      9.905794     19.811589
      3.898899     10.980051     10.980051     21.960102
      3.908909     11.329056     11.329056     22.658112
      3.918919     10.834767     10.834767     21.669535
      3.928929      9.606057      9.606057     19.212114
      3.938939      7.936927      7.936927     15.873855
      3.948949      6.213131      6.213131     12.426261
      3.958959      4.810583      4.810583      9.621167
      3.968969      4.023118      4.023118      8.046235
      3.978979      4.031555      4.031555      8.063111
      3.988989      4.901673      4.901673      9.803345
      3.998999      6.592094      6.592094     13.184189
      4.009009      8.964320      8.964320     17.928640
      4.019019     11.801112     11.801112     23.602225
      4.029029     14.840924     14.840924     29.681849
      4.039039     17.822939     17.822939     35.645878
      4.049049     20.523047     20.523047     41.046093
      4.059059     22.762379     22.762379     45.524758
      4.069069     24.390088     24.390088     48.780176
      4.079079     25.265649     25.265649     50.531299
      4.089089     25.271358     25.271358     50.542717
      4.099099     24.364369     24.364369     48.728739
      4.109109     22.643163     22.643163     45.286326
      4.119119     20.381347     20.381347     40.762693
      4.129129     17.990425     17.990425     35.980851
      4.139139     15.910031     15.910031     31.820062
      4.149149     14.467745     14.467745     28.935489
      4.159159     13.774565     13.774565     27.549130
      4.169169     13.710013     13.710013     27.420025
      4.179179     14.006625     14.006625     28.013250
      4.189189     14.390390     14.390390     28.780780
      4.199199     14.702858     14.702858     29.405716
      4.209209     14.942823     14.942823     29.885647
      4.219219     15.215043     15.215043     30.430085
      4.229229     15.628982     15.628982     31.257964
      4.239239     16.214983     16.214983     32.429966
      4.249249     16.903569     16.903569     33.807138
      4.259259     17.565323     17.565323     35.130646
      4.269269     18.072048     18.072048     36.144095
      4.279279     18.339651     18.339651     36.679302
      4.289289     18.340986     18.340986     36.681971
      4.299299     18.102017     18.102017     36.204034
      4.309309     17.695449     17.695449     35.390899
      4.319319     17.229621     17.229621     34.459243
      4.329329     16.822639     16.822639     33.645277
      4.339339     16.565693     16.565693     33.131386
      4.349349     16.500290     16.500290     33.000580
      4.359359     16.633635     16.633635     33.267271
      4.369369     16.985694     16.985694     33.971388
      4.379379     17.624573     17.624573     35.249146
      4.389389     18.641447     18.641447     37.282893
      4.399399     20.057001     20.057001     40.114002
      4.409409     21.712077     21.712077     43.424154
      4.419419     23.226760     23.226760     46.453519
      4.429429     24.083003     24.083003     48.166005
      4.439439     23.810203     23.810203     47.620407
      4.449449     22.182834     22.182834     44.365668
      4.459459     19.324821     19.324821     38.649643
      4.469469     15.667429     15.667429     31.334859
      4.479479     11.789323     11.789323     23.578646
      4.489489      8.225101      8.225101     16.450203
      4.499499      5.330186      5.330186     10.660373
      4.509510      3.245139      3.245139      6.490279
      4.519520      1.947218      1.947218      3.894437
      4.529530      1.343673      1.343673      2.687346
      4.539540      1.358663      1.358663      2.717326
      4.549550      1.982118      1.982118      3.964236
      4.559560      3.268268      3.268268      6.536536
      4.569570      5.286720      5.286720     10.573440
      4.579580      8.041993      8.041993     16.083985
      4.589590     11.391370     11.391370     22.782741
      4.599600     15.001452     15.001452     30.002904
      4.609610     18.379888     18.379888     36.759776
      4.619620     20.992417     20.992417     41.984835
      4.629630     22.432664     22.432664     44.865327
      4.639640     22.575249     22.575249     45.150497
      4.649650     21.637429     21.637429     43.274858
      4.659660     20.110882     20.110882     40.221764
      4.669670     18.587460     18.587460     37.174919
      4.679680     17.555828     17.555828     35.111655
      4.689690     17.258265     17.258265     34.516531
      4.699700     17.661531     17.661531     35.323061
      4.709710     18.535011     18.535011     37.070023
      4.719720     19.580294     19.580294     39.160587
      4.729730     20.545090     20.545090     41.090181
      4.739740     21.280457     21.280457     42.560914
      4.749750     21.739742     21.739742     43.479484
      4.759760     21.944585     21.944585     43.889171
      4.769770     21.947413     21.947413     43.894825
      4.779780     21.808792     21.808792     43.617584
      4.789790     21.594284     21.594284     43.188567
      4.799800     21.385618     21.385618     42.771235
      4.809810     21.295908     21.295908     42.591816
      4.819820     21.477957     21.477957     42.955914
      4.829830     22.117623     22.117623     44.235246
      4.839840     23.407416     23.407416     46.814832
      4.849850     25.496841     25.496841     50.993682
      4.859860     28.420768     28.420768     56.841536
      4.869870     32.023602     32.023602     64.047205
      4.879880     35.920617     35.920617     71.841234
      4.889890     39.544356     39.544356     79.088712
      4.899900     42.289773     42.289773     84.579546
      4.909910     43.706214     43.706214     87.412428
      4.919920     43.636260     43.636260     87.272519
      4.929930     42.219681     42.219681     84.439362
      4.939940     39.763997     39.763997     79.527993
      4.949950     36.570915     36.570915     73.141829
      4.959960     32.830656     32.830656     65.661312
      4.969970     28.636911     28.636911     57.273822
      4.979980     24.084173     24.084173     48.168346
      4.989990     19.357724     19.357724     38.715449
      5.000000     14.746656     14.746656     29.493311
