# EIG2DOS: Utility for SIESTA to obtain the electronic density of states
#  E. Artacho, Apr 1999, A. Garcia, Apr 2012
#  Nick R. Papior, Feb 2017
# ------------------------------------------
# Eigenvalues calculated from a non-polarized calculation
# Eigenvalues read from siesta.EIG
# Kpoint weights read from siesta.KP
# Using smearing parameter:   0.0500
# Using 1000 points in the energy range
# Selected bands: 1 to: 2981
# Emin, Emax in file for selected band(s):    -27.0406684    218.3166110
# Nbands, Nspin, Nk   =   2981     1     1
# E_F                 =    -4.2936 eV --> (shifted to ZERO)
# Broadening          =     0.0500 eV
#
#        E            N(up)  (=)   N(down)         Ntot
     -5.000000     44.446100     44.446100     88.892200
     -4.989990     45.777643     45.777643     91.555285
     -4.979980     46.230651     46.230651     92.461302
     -4.969970     45.816627     45.816627     91.633255
     -4.959960     44.552957     44.552957     89.105914
     -4.949950     42.499074     42.499074     84.998147
     -4.939940     39.803138     39.803138     79.606276
     -4.929930     36.739300     36.739300     73.478600
     -4.919920     33.724362     33.724362     67.448724
     -4.909910     31.305634     31.305634     62.611267
     -4.899900     30.105279     30.105279     60.210558
     -4.889890     30.701534     30.701534     61.403068
     -4.879880     33.443629     33.443629     66.887257
     -4.869870     38.243267     38.243267     76.486533
     -4.859860     44.438706     44.438706     88.877413
     -4.849850     50.840894     50.840894    101.681789
     -4.839840     56.009756     56.009756    112.019512
     -4.829830     58.689238     58.689238    117.378475
     -4.819820     58.223047     58.223047    116.446094
     -4.809810     54.758130     54.758130    109.516261
     -4.799800     49.142725     49.142725     98.285449
     -4.789790     42.582070     42.582070     85.164140
     -4.779780     36.227709     36.227709     72.455417
     -4.769770     30.879330     30.879330     61.758660
     -4.759760     26.885308     26.885308     53.770616
     -4.749750     24.214046     24.214046     48.428091
     -4.739740     22.604372     22.604372     45.208744
     -4.729730     21.708389     21.708389     43.416779
     -4.719720     21.183996     21.183996     42.367993
     -4.709710     20.736582     20.736582     41.473164
     -4.699700     20.131365     20.131365     40.262730
     -4.689690     19.202039     19.202039     38.404079
     -4.679680     17.874335     17.874335     35.748670
     -4.669670     16.207522     16.207522     32.415044
     -4.659660     14.437274     14.437274     28.874548
     -4.649650     12.989915     12.989915     25.979831
     -4.639640     12.439866     12.439866     24.879732
     -4.629630     13.398625     13.398625     26.797251
     -4.619620     16.346983     16.346983     32.693967
     -4.609610     21.446341     21.446341     42.892682
     -4.599600     28.387392     28.387392     56.774784
     -4.589590     36.347300     36.347300     72.694599
     -4.579580     44.112908     44.112908     88.225816
     -4.569570     50.374267     50.374267    100.748534
     -4.559560     54.111761     54.111761    108.223522
     -4.549550     54.933676     54.933676    109.867352
     -4.539540     53.216831     53.216831    106.433663
     -4.529530     49.976766     49.976766     99.953533
     -4.519520     46.512414     46.512414     93.024829
     -4.509510     43.969841     43.969841     87.939683
     -4.499499     42.998201     42.998201     85.996402
     -4.489489     43.618375     43.618375     87.236749
     -4.479479     45.323996     45.323996     90.647993
     -4.469469     47.338592     47.338592     94.677184
     -4.459459     48.904018     48.904018     97.808035
     -4.449449     49.488453     49.488453     98.976906
     -4.439439     48.861161     48.861161     97.722322
     -4.429429     47.052149     47.052149     94.104298
     -4.419419     44.262131     44.262131     88.524263
     -4.409409     40.790064     40.790064     81.580128
     -4.399399     37.005848     37.005848     74.011695
     -4.389389     33.343954     33.343954     66.687907
     -4.379379     30.268550     30.268550     60.537100
     -4.369369     28.182703     28.182703     56.365405
     -4.359359     27.307271     27.307271     54.614541
     -4.349349     27.596508     27.596508     55.193017
     -4.339339     28.751338     28.751338     57.502677
     -4.329329     30.338655     30.338655     60.677310
     -4.319319     31.962918     31.962918     63.925836
     -4.309309     33.407745     33.407745     66.815490
     -4.299299     34.685889     34.685889     69.371778
     -4.289289     35.985753     35.985753     71.971505
     -4.279279     37.546554     37.546554     75.093108
     -4.269269     39.512488     39.512488     79.024975
     -4.259259     41.814271     41.814271     83.628542
     -4.249249     44.119763     44.119763     88.239527
     -4.239239     45.886082     45.886082     91.772163
     -4.229229     46.520024     46.520024     93.040049
     -4.219219     45.604159     45.604159     91.208318
     -4.209209     43.094280     43.094280     86.188560
     -4.199199     39.382947     39.382947     78.765894
     -4.189189     35.179226     35.179226     70.358452
     -4.179179     31.252731     31.252731     62.505462
     -4.169169     28.167564     28.167564     56.335128
     -4.159159     26.135430     26.135430     52.270859
     -4.149149     25.046034     25.046034     50.092068
     -4.139139     24.635782     24.635782     49.271564
     -4.129129     24.690633     24.690633     49.381266
     -4.119119     25.173496     25.173496     50.346991
     -4.109109     26.212377     26.212377     52.424754
     -4.099099     27.956695     27.956695     55.913389
     -4.089089     30.377961     30.377961     60.755921
     -4.079079     33.130011     33.130011     66.260023
     -4.069069     35.568153     35.568153     71.136306
     -4.059059     36.950358     36.950358     73.900715
     -4.049049     36.739101     36.739101     73.478202
     -4.039039     34.852249     34.852249     69.704498
     -4.029029     31.727912     31.727912     63.455823
     -4.019019     28.168961     28.168961     56.337922
     -4.009009     25.054839     25.054839     50.109678
     -3.998999     23.071623     23.071623     46.143246
     -3.988989     22.578745     22.578745     45.157490
     -3.978979     23.633251     23.633251     47.266502
     -3.968969     26.102058     26.102058     52.204116
     -3.958959     29.767159     29.767159     59.534318
     -3.948949     34.372081     34.372081     68.744163
     -3.938939     39.624422     39.624422     79.248844
     -3.928929     45.203674     45.203674     90.407349
     -3.918919     50.804079     50.804079    101.608158
     -3.908909     56.192951     56.192951    112.385902
     -3.898899     61.232140     61.232140    122.464280
     -3.888889     65.823926     65.823926    131.647852
     -3.878879     69.795158     69.795158    139.590316
     -3.868869     72.788040     72.788040    145.576079
     -3.858859     74.243239     74.243239    148.486478
     -3.848849     73.524170     73.524170    147.048340
     -3.838839     70.156012     70.156012    140.312025
     -3.828829     64.080332     64.080332    128.160665
     -3.818819     55.800216     55.800216    111.600432
     -3.808809     46.331835     46.331835     92.663671
     -3.798799     36.966528     36.966528     73.933056
     -3.788789     28.933468     28.933468     57.866937
     -3.778779     23.090354     23.090354     46.180707
     -3.768769     19.744789     19.744789     39.489578
     -3.758759     18.646166     18.646166     37.292332
     -3.748749     19.125273     19.125273     38.250546
     -3.738739     20.322391     20.322391     40.644782
     -3.728729     21.436648     21.436648     42.873295
     -3.718719     21.937945     21.937945     43.875889
     -3.708709     21.696471     21.696471     43.392942
     -3.698699     21.000368     21.000368     42.000735
     -3.688689     20.452400     20.452400     40.904800
     -3.678679     20.764490     20.764490     41.528980
     -3.668669     22.502028     22.502028     45.004055
     -3.658659     25.857169     25.857169     51.714338
     -3.648649     30.535146     30.535146     61.070292
     -3.638639     35.806599     35.806599     71.613197
     -3.628629     40.715570     40.715570     81.431141
     -3.618619     44.364083     44.364083     88.728165
     -3.608609     46.159433     46.159433     92.318866
     -3.598599     45.933780     45.933780     91.867560
     -3.588589     43.913813     43.913813     87.827626
     -3.578579     40.586722     40.586722     81.173444
     -3.568569     36.536051     36.536051     73.072102
     -3.558559     32.302055     32.302055     64.604110
     -3.548549     28.286058     28.286058     56.572117
     -3.538539     24.699595     24.699595     49.399190
     -3.528529     21.561700     21.561700     43.123399
     -3.518519     18.750497     18.750497     37.500994
     -3.508509     16.100197     16.100197     32.200395
     -3.498498     13.508678     13.508678     27.017356
     -3.488488     11.008444     11.008444     22.016888
     -3.478478      8.769867      8.769867     17.539733
     -3.468468      7.040071      7.040071     14.080142
     -3.458458      6.049078      6.049078     12.098157
     -3.448448      5.921166      5.921166     11.842331
     -3.438438      6.618574      6.618574     13.237147
     -3.428428      7.931568      7.931568     15.863137
     -3.418418      9.520813      9.520813     19.041626
     -3.408408     11.009353     11.009353     22.018706
     -3.398398     12.104641     12.104641     24.209281
     -3.388388     12.710248     12.710248     25.420497
     -3.378378     12.978856     12.978856     25.957712
     -3.368368     13.276285     13.276285     26.552569
     -3.358358     14.065432     14.065432     28.130864
     -3.348348     15.755084     15.755084     31.510169
     -3.338338     18.567975     18.567975     37.135950
     -3.328328     22.461970     22.461970     44.923940
     -3.318318     27.108621     27.108621     54.217242
     -3.308308     31.920371     31.920371     63.840741
     -3.298298     36.127145     36.127145     72.254289
     -3.288288     38.913614     38.913614     77.827229
     -3.278278     39.612809     39.612809     79.225618
     -3.268268     37.908584     37.908584     75.817167
     -3.258258     33.962588     33.962588     67.925176
     -3.248248     28.392153     28.392153     56.784305
     -3.238238     22.091178     22.091178     44.182356
     -3.228228     15.966965     15.966965     31.933931
     -3.218218     10.706185     10.706185     21.412371
     -3.208208      6.657674      6.657674     13.315347
     -3.198198      3.851604      3.851604      7.703208
     -3.188188      2.111780      2.111780      4.223560
     -3.178178      1.193877      1.193877      2.387755
     -3.168168      0.897524      0.897524      1.795048
     -3.158158      1.130727      1.130727      2.261453
     -3.148148      1.927896      1.927896      3.855792
     -3.138138      3.429237      3.429237      6.858474
     -3.128128      5.826342      5.826342     11.652683
     -3.118118      9.278752      9.278752     18.557505
     -3.108108     13.816122     13.816122     27.632245
     -3.098098     19.256595     19.256595     38.513190
     -3.088088     25.180805     25.180805     50.361611
     -3.078078     30.988703     30.988703     61.977406
     -3.068068     36.031343     36.031343     72.062685
     -3.058058     39.768769     39.768769     79.537537
     -3.048048     41.886178     41.886178     83.772356
     -3.038038     42.322281     42.322281     84.644562
     -3.028028     41.216437     41.216437     82.432874
     -3.018018     38.828471     38.828471     77.656943
     -3.008008     35.491012     35.491012     70.982025
     -2.997998     31.613883     31.613883     63.227766
     -2.987988     27.706550     27.706550     55.413099
     -2.977978     24.362045     24.362045     48.724089
     -2.967968     22.171759     22.171759     44.343518
     -2.957958     21.592501     21.592501     43.185003
     -2.947948     22.823540     22.823540     45.647080
     -2.937938     25.746934     25.746934     51.493869
     -2.927928     29.948520     29.948520     59.897040
     -2.917918     34.800483     34.800483     69.600965
     -2.907908     39.573892     39.573892     79.147783
     -2.897898     43.559934     43.559934     87.119868
     -2.887888     46.191268     46.191268     92.382536
     -2.877878     47.151721     47.151721     94.303443
     -2.867868     46.446062     46.446062     92.892123
     -2.857858     44.392732     44.392732     88.785465
     -2.847848     41.520557     41.520557     83.041115
     -2.837838     38.393359     38.393359     76.786718
     -2.827828     35.429152     35.429152     70.858304
     -2.817818     32.792782     32.792782     65.585564
     -2.807808     30.409536     30.409536     60.819072
     -2.797798     28.086918     28.086918     56.173836
     -2.787788     25.676057     25.676057     51.352113
     -2.777778     23.185350     23.185350     46.370701
     -2.767768     20.788590     20.788590     41.577181
     -2.757758     18.731669     18.731669     37.463337
     -2.747748     17.200741     17.200741     34.401482
     -2.737738     16.235595     16.235595     32.471190
     -2.727728     15.741485     15.741485     31.482970
     -2.717718     15.588305     15.588305     31.176609
     -2.707708     15.727561     15.727561     31.455122
     -2.697698     16.243595     16.243595     32.487189
     -2.687688     17.297303     17.297303     34.594606
     -2.677678     18.993200     18.993200     37.986399
     -2.667668     21.256509     21.256509     42.513018
     -2.657658     23.807147     23.807147     47.614293
     -2.647648     26.258223     26.258223     52.516447
     -2.637638     28.285290     28.285290     56.570580
     -2.627628     29.764051     29.764051     59.528101
     -2.617618     30.793924     30.793924     61.587849
     -2.607608     31.600305     31.600305     63.200610
     -2.597598     32.385622     32.385622     64.771243
     -2.587588     33.222462     33.222462     66.444923
     -2.577578     34.037917     34.037917     68.075835
     -2.567568     34.667560     34.667560     69.335120
     -2.557558     34.919428     34.919428     69.838857
     -2.547548     34.609133     34.609133     69.218266
     -2.537538     33.577920     33.577920     67.155840
     -2.527528     31.732359     31.732359     63.464718
     -2.517518     29.119846     29.119846     58.239692
     -2.507508     26.002522     26.002522     52.005045
     -2.497497     22.864282     22.864282     45.728563
     -2.487487     20.311105     20.311105     40.622209
     -2.477477     18.888045     18.888045     37.776090
     -2.467467     18.891661     18.891661     37.783323
     -2.457457     20.267839     20.267839     40.535677
     -2.447447     22.646543     22.646543     45.293086
     -2.437437     25.500203     25.500203     51.000407
     -2.427427     28.354157     28.354157     56.708315
     -2.417417     30.952710     30.952710     61.905421
     -2.407407     33.303994     33.303994     66.607987
     -2.397397     35.583016     35.583016     71.166032
     -2.387387     37.940343     37.940343     75.880686
     -2.377377     40.312241     40.312241     80.624481
     -2.367367     42.333146     42.333146     84.666292
     -2.357357     43.407965     43.407965     86.815931
     -2.347347     42.927077     42.927077     85.854154
     -2.337337     40.534707     40.534707     81.069414
     -2.327327     36.328828     36.328828     72.657656
     -2.317317     30.898547     30.898547     61.797094
     -2.307307     25.181130     25.181130     50.362261
     -2.297297     20.203179     20.203179     40.406358
     -2.287287     16.813302     16.813302     33.626604
     -2.277277     15.499046     15.499046     30.998092
     -2.267267     16.328491     16.328491     32.656982
     -2.257257     19.003522     19.003522     38.007043
     -2.247247     22.982017     22.982017     45.964034
     -2.237237     27.620841     27.620841     55.241681
     -2.227227     32.298939     32.298939     64.597878
     -2.217217     36.493120     36.493120     72.986239
     -2.207207     39.799001     39.799001     79.598003
     -2.197197     41.915170     41.915170     83.830341
     -2.187187     42.627908     42.627908     85.255816
     -2.177177     41.830219     41.830219     83.660438
     -2.167167     39.577219     39.577219     79.154438
     -2.157157     36.138297     36.138297     72.276594
     -2.147147     31.987682     31.987682     63.975365
     -2.137137     27.701016     27.701016     55.402031
     -2.127127     23.785202     23.785202     47.570405
     -2.117117     20.521068     20.521068     41.042136
     -2.107107     17.902334     17.902334     35.804669
     -2.097097     15.702903     15.702903     31.405807
     -2.087087     13.631317     13.631317     27.262634
     -2.077077     11.485973     11.485973     22.971946
     -2.067067      9.234800      9.234800     18.469601
     -2.057057      6.995967      6.995967     13.991934
     -2.047047      4.952558      4.952558      9.905116
     -2.037037      3.259601      3.259601      6.519202
     -2.027027      1.988938      1.988938      3.977875
     -2.017017      1.124547      1.124547      2.249095
     -2.007007      0.592942      0.592942      1.185885
     -1.996997      0.303788      0.303788      0.607576
     -1.986987      0.182700      0.182700      0.365400
     -1.976977      0.190479      0.190479      0.380958
     -1.966967      0.331432      0.331432      0.662864
     -1.956957      0.654669      0.654669      1.309339
     -1.946947      1.248457      1.248457      2.496913
     -1.936937      2.223648      2.223648      4.447296
     -1.926927      3.682424      3.682424      7.364847
     -1.916917      5.674905      5.674905     11.349811
     -1.906907      8.156249      8.156249     16.312497
     -1.896897     10.963615     10.963615     21.927229
     -1.886887     13.829243     13.829243     27.658485
     -1.876877     16.431872     16.431872     32.863744
     -1.866867     18.471655     18.471655     36.943310
     -1.856857     19.743972     19.743972     39.487944
     -1.846847     20.189489     20.189489     40.378978
     -1.836837     19.906417     19.906417     39.812834
     -1.826827     19.119487     19.119487     38.238974
     -1.816817     18.108559     18.108559     36.217118
     -1.806807     17.113107     17.113107     34.226214
     -1.796797     16.245980     16.245980     32.491960
     -1.786787     15.457608     15.457608     30.915216
     -1.776777     14.575658     14.575658     29.151315
     -1.766767     13.407041     13.407041     26.814082
     -1.756757     11.852562     11.852562     23.705125
     -1.746747      9.976629      9.976629     19.953258
     -1.736737      8.002278      8.002278     16.004557
     -1.726727      6.244836      6.244836     12.489671
     -1.716717      5.025112      5.025112     10.050224
     -1.706707      4.599553      4.599553      9.199107
     -1.696697      5.119809      5.119809     10.239617
     -1.686687      6.611538      6.611538     13.223075
     -1.676677      8.958828      8.958828     17.917656
     -1.666667     11.894584     11.894584     23.789168
     -1.656657     15.012875     15.012875     30.025749
     -1.646647     17.820932     17.820932     35.641863
     -1.636637     19.832992     19.832992     39.665984
     -1.626627     20.685388     20.685388     41.370777
     -1.616617     20.236976     20.236976     40.473952
     -1.606607     18.620406     18.620406     37.240812
     -1.596597     16.226860     16.226860     32.453719
     -1.586587     13.630053     13.630053     27.260106
     -1.576577     11.472744     11.472744     22.945488
     -1.566567     10.343082     10.343082     20.686165
     -1.556557     10.660737     10.660737     21.321474
     -1.546547     12.583906     12.583906     25.167811
     -1.536537     15.948337     15.948337     31.896673
     -1.526527     20.258197     20.258197     40.516394
     -1.516517     24.752694     24.752694     49.505387
     -1.506507     28.556698     28.556698     57.113395
     -1.496496     30.887898     30.887898     61.775796
     -1.486486     31.257374     31.257374     62.514748
     -1.476476     29.591379     29.591379     59.182758
     -1.466466     26.230509     26.230509     52.461017
     -1.456456     21.813630     21.813630     43.627260
     -1.446446     17.098590     17.098590     34.197179
     -1.436436     12.786925     12.786925     25.573850
     -1.426426      9.402547      9.402547     18.805093
     -1.416416      7.239841      7.239841     14.479682
     -1.406406      6.366323      6.366323     12.732646
     -1.396396      6.653928      6.653928     13.307856
     -1.386386      7.822427      7.822427     15.644853
     -1.376376      9.495570      9.495570     18.991141
     -1.366366     11.277448     11.277448     22.554897
     -1.356356     12.844069     12.844069     25.688138
     -1.346346     14.022425     14.022425     28.044851
     -1.336336     14.818569     14.818569     29.637139
     -1.326326     15.373926     15.373926     30.747852
     -1.316316     15.868370     15.868370     31.736740
     -1.306306     16.421048     16.421048     32.842096
     -1.296296     17.038921     17.038921     34.077842
     -1.286286     17.628262     17.628262     35.256523
     -1.276276     18.044047     18.044047     36.088094
     -1.266266     18.138120     18.138120     36.276240
     -1.256256     17.785873     17.785873     35.571747
     -1.246246     16.899967     16.899967     33.799935
     -1.236236     15.449295     15.449295     30.898590
     -1.226226     13.485527     13.485527     26.971054
     -1.216216     11.158081     11.158081     22.316161
     -1.206206      8.695643      8.695643     17.391287
     -1.196196      6.352706      6.352706     12.705411
     -1.186186      4.344715      4.344715      8.689429
     -1.176176      2.804105      2.804105      5.608211
     -1.166166      1.776011      1.776011      3.552021
     -1.156156      1.248830      1.248830      2.497661
     -1.146146      1.197269      1.197269      2.394538
     -1.136136      1.611973      1.611973      3.223947
     -1.126126      2.498743      2.498743      4.997486
     -1.116116      3.845780      3.845780      7.691560
     -1.106106      5.574420      5.574420     11.148841
     -1.096096      7.501885      7.501885     15.003769
     -1.086086      9.346516      9.346516     18.693032
     -1.076076     10.790647     10.790647     21.581294
     -1.066066     11.586342     11.586342     23.172684
     -1.056056     11.659555     11.659555     23.319110
     -1.046046     11.158506     11.158506     22.317012
     -1.036036     10.412603     10.412603     20.825207
     -1.026026      9.810292      9.810292     19.620585
     -1.016016      9.644969      9.644969     19.289939
     -1.006006      9.995529      9.995529     19.991058
     -0.995996     10.693953     10.693953     21.387907
     -0.985986     11.394198     11.394198     22.788396
     -0.975976     11.712081     11.712081     23.424162
     -0.965966     11.374970     11.374970     22.749940
     -0.955956     10.317523     10.317523     20.635047
     -0.945946      8.687685      8.687685     17.375371
     -0.935936      6.771242      6.771242     13.542484
     -0.925926      4.879379      4.879379      9.758758
     -0.915916      3.252852      3.252852      6.505704
     -0.905906      2.017526      2.017526      4.035051
     -0.895896      1.194873      1.194873      2.389747
     -0.885886      0.747028      0.747028      1.494056
     -0.875876      0.628666      0.628666      1.257333
     -0.865866      0.824104      0.824104      1.648209
     -0.855856      1.358244      1.358244      2.716488
     -0.845846      2.278579      2.278579      4.557158
     -0.835836      3.612734      3.612734      7.225468
     -0.825826      5.315063      5.315063     10.630126
     -0.815816      7.225672      7.225672     14.451345
     -0.805806      9.068745      9.068745     18.137490
     -0.795796     10.505763     10.505763     21.011526
     -0.785786     11.233117     11.233117     22.466235
     -0.775776     11.085648     11.085648     22.171296
     -0.765766     10.097394     10.097394     20.194787
     -0.755756      8.488791      8.488791     16.977582
     -0.745746      6.586833      6.586833     13.173667
     -0.735736      4.717720      4.717720      9.435439
     -0.725726      3.120084      3.120084      6.240168
     -0.715716      1.908804      1.908804      3.817607
     -0.705706      1.090050      1.090050      2.180099
     -0.695696      0.606791      0.606791      1.213581
     -0.685686      0.389337      0.389337      0.778675
     -0.675676      0.393640      0.393640      0.787280
     -0.665666      0.620665      0.620665      1.241331
     -0.655656      1.116001      1.116001      2.232001
     -0.645646      1.949680      1.949680      3.899361
     -0.635636      3.177209      3.177209      6.354418
     -0.625626      4.788809      4.788809      9.577618
     -0.615616      6.664626      6.664626     13.329253
     -0.605606      8.561430      8.561430     17.122860
     -0.595596     10.151042     10.151042     20.302084
     -0.585586     11.108698     11.108698     22.217396
     -0.575576     11.220257     11.220257     22.440514
     -0.565566     10.459944     10.459944     20.919887
     -0.555556      9.000005      9.000005     18.000010
     -0.545546      7.147317      7.147317     14.294633
     -0.535536      5.238780      5.238780     10.477559
     -0.525526      3.544085      3.544085      7.088169
     -0.515516      2.212916      2.212916      4.425832
     -0.505506      1.275301      1.275301      2.550601
     -0.495495      0.678339      0.678339      1.356679
     -0.485485      0.333019      0.333019      0.666037
     -0.475475      0.150896      0.150896      0.301791
     -0.465465      0.063106      0.063106      0.126212
     -0.455455      0.024359      0.024359      0.048717
     -0.445445      0.008678      0.008678      0.017356
     -0.435435      0.002854      0.002854      0.005708
     -0.425425      0.000869      0.000869      0.001737
     -0.415415      0.000255      0.000255      0.000509
     -0.405405      0.000114      0.000114      0.000228
     -0.395395      0.000217      0.000217      0.000433
     -0.385385      0.000731      0.000731      0.001462
     -0.375375      0.002426      0.002426      0.004852
     -0.365365      0.007460      0.007460      0.014919
     -0.355355      0.021175      0.021175      0.042351
     -0.345345      0.055480      0.055480      0.110959
     -0.335335      0.134161      0.134161      0.268322
     -0.325325      0.299437      0.299437      0.598874
     -0.315315      0.616839      0.616839      1.233677
     -0.305305      1.172801      1.172801      2.345602
     -0.295295      2.058088      2.058088      4.116175
     -0.285285      3.333422      3.333422      6.666844
     -0.275275      4.983146      4.983146      9.966292
     -0.265265      6.875492      6.875492     13.750984
     -0.255255      8.755698      8.755698     17.511396
     -0.245245     10.291167     10.291167     20.582334
     -0.235235     11.164142     11.164142     22.328283
     -0.225225     11.178226     11.178226     22.356452
     -0.215215     10.330166     10.330166     20.660331
     -0.205205      8.811068      8.811068     17.622135
     -0.195195      6.936440      6.936440     13.872880
     -0.185185      5.040012      5.040012     10.080024
     -0.175175      3.379974      3.379974      6.759948
     -0.165165      2.092098      2.092098      4.184196
     -0.155155      1.195192      1.195192      2.390383
     -0.145145      0.630202      0.630202      1.260404
     -0.135135      0.306697      0.306697      0.613393
     -0.125125      0.137761      0.137761      0.275521
     -0.115115      0.057112      0.057112      0.114224
     -0.105105      0.021853      0.021853      0.043707
     -0.095095      0.007718      0.007718      0.015436
     -0.085085      0.002516      0.002516      0.005031
     -0.075075      0.000757      0.000757      0.001514
     -0.065065      0.000210      0.000210      0.000420
     -0.055055      0.000054      0.000054      0.000108
     -0.045045      0.000013      0.000013      0.000025
     -0.035035      0.000003      0.000003      0.000006
     -0.025025      0.000001      0.000001      0.000001
     -0.015015      0.000000      0.000000      0.000000
     -0.005005      0.000000      0.000000      0.000000
      0.005005      0.000000      0.000000      0.000000
      0.015015      0.000000      0.000000      0.000000
      0.025025      0.000001      0.000001      0.000001
      0.035035      0.000003      0.000003      0.000006
      0.045045      0.000013      0.000013      0.000025
      0.055055      0.000054      0.000054      0.000108
      0.065065      0.000210      0.000210      0.000420
      0.075075      0.000757      0.000757      0.001514
      0.085085      0.002516      0.002516      0.005031
      0.095095      0.007718      0.007718      0.015436
      0.105105      0.021853      0.021853      0.043707
      0.115115      0.057112      0.057112      0.114224
      0.125125      0.137761      0.137761      0.275522
      0.135135      0.306697      0.306697      0.613394
      0.145145      0.630203      0.630203      1.260405
      0.155155      1.195192      1.195192      2.390385
      0.165165      2.092099      2.092099      4.184198
      0.175175      3.379976      3.379976      6.759951
      0.185185      5.040014      5.040014     10.080028
      0.195195      6.936442      6.936442     13.872884
      0.205205      8.811069      8.811069     17.622139
      0.215215     10.330167     10.330167     20.660334
      0.225225     11.178226     11.178226     22.356453
      0.235235     11.164141     11.164141     22.328282
      0.245245     10.291166     10.291166     20.582332
      0.255255      8.755696      8.755696     17.511393
      0.265265      6.875490      6.875490     13.750980
      0.275275      4.983144      4.983144      9.966289
      0.285285      3.333421      3.333421      6.666842
      0.295295      2.058087      2.058087      4.116173
      0.305305      1.172800      1.172800      2.345600
      0.315315      0.616838      0.616838      1.233676
      0.325325      0.299437      0.299437      0.598874
      0.335335      0.134161      0.134161      0.268322
      0.345345      0.055480      0.055480      0.110959
      0.355355      0.021175      0.021175      0.042351
      0.365365      0.007460      0.007460      0.014919
      0.375375      0.002426      0.002426      0.004851
      0.385385      0.000730      0.000730      0.001459
      0.395395      0.000210      0.000210      0.000420
      0.405405      0.000088      0.000088      0.000176
      0.415415      0.000158      0.000158      0.000316
      0.425425      0.000539      0.000539      0.001079
      0.435435      0.001824      0.001824      0.003648
      0.445445      0.005718      0.005718      0.011437
      0.455455      0.016552      0.016552      0.033104
      0.465465      0.044221      0.044221      0.088441
      0.475475      0.109039      0.109039      0.218078
      0.485485      0.248157      0.248157      0.496314
      0.495495      0.521263      0.521263      1.042527
      0.505506      1.010590      1.010590      2.021180
      0.515516      1.808338      1.808338      3.616675
      0.525526      2.986558      2.986558      5.973115
      0.535536      4.552492      4.552492      9.104983
      0.545546      6.404929      6.404929     12.809859
      0.555556      8.316999      8.316999     16.633998
      0.565566      9.967970      9.967970     19.935941
      0.575576     11.026483     11.026483     22.052966
      0.585586     11.258126     11.258126     22.516252
      0.595596     10.610233     10.610233     21.220466
      0.605606      9.232599      9.232599     18.465199
      0.615616      7.424353      7.424353     14.848706
      0.625626      5.535223      5.535223     11.070446
      0.635636      3.869673      3.869673      7.739347
      0.645646      2.633435      2.633435      5.266870
      0.655656      1.932732      1.932732      3.865463
      0.665666      1.806858      1.806858      3.613717
      0.675676      2.261178      2.261178      4.522356
      0.685686      3.274415      3.274415      6.548829
      0.695696      4.775088      4.775088      9.550176
      0.705706      6.605674      6.605674     13.211348
      0.715716      8.507341      8.507341     17.014683
      0.725726     10.153632     10.153632     20.307263
      0.735736     11.237008     11.237008     22.474017
      0.745746     11.578976     11.578976     23.157951
      0.755756     11.212299     11.212299     22.424598
      0.765766     10.388979     10.388979     20.777958
      0.775776      9.499837      9.499837     18.999675
      0.785786      8.933365      8.933365     17.866730
      0.795796      8.930125      8.930125     17.860249
      0.805806      9.491480      9.491480     18.982960
      0.815816     10.379070     10.379070     20.758141
      0.825826     11.205234     11.205234     22.410467
      0.835836     11.578251     11.578251     23.156501
      0.845846     11.243711     11.243711     22.487423
      0.855856     10.165347     10.165347     20.330695
      0.865866      8.516960      8.516960     17.033920
      0.875876      6.598619      6.598619     13.197237
      0.885886      4.722667      4.722667      9.445334
      0.895896      3.120926      3.120926      6.241852
      0.905906      1.903916      1.903916      3.807832
      0.915916      1.072114      1.072114      2.144228
      0.925926      0.557283      0.557283      1.114566
      0.935936      0.267552      0.267552      0.535104
      0.945946      0.119225      0.119225      0.238449
      0.955956      0.051230      0.051230      0.102461
      0.965966      0.026950      0.026950      0.053901
      0.975976      0.030798      0.030798      0.061596
      0.985986      0.065410      0.065410      0.130820
      0.995996      0.152274      0.152274      0.304547
      1.006006      0.335416      0.335416      0.670832
      1.016016      0.684655      0.684655      1.369311
      1.026026      1.292272      1.292272      2.584545
      1.036036      2.256470      2.256470      4.512939
      1.046046      3.649246      3.649246      7.298491
      1.056056      5.475905      5.475905     10.951810
      1.066066      7.644367      7.644367     15.288733
      1.076076      9.965864      9.965864     19.931729
      1.086086     12.197152     12.197152     24.394304
      1.096096     14.110490     14.110490     28.220980
      1.106106     15.556987     15.556987     31.113973
      1.116116     16.489783     16.489783     32.979566
      1.126126     16.940165     16.940165     33.880330
      1.136136     16.973357     16.973357     33.946713
      1.146146     16.662908     16.662908     33.325816
      1.156156     16.100745     16.100745     32.201491
      1.166166     15.422084     15.422084     30.844168
      1.176176     14.805080     14.805080     29.610160
      1.186186     14.424088     14.424088     28.848176
      1.196196     14.377913     14.377913     28.755826
      1.206206     14.642948     14.642948     29.285897
      1.216216     15.088569     15.088569     30.177137
      1.226226     15.546719     15.546719     31.093438
      1.236236     15.886492     15.886492     31.772985
      1.246246     16.042362     16.042362     32.084725
      1.256256     15.983939     15.983939     31.967878
      1.266266     15.663185     15.663185     31.326370
      1.276276     14.992265     14.992265     29.984531
      1.286286     13.878261     13.878261     27.756523
      1.296296     12.293587     12.293587     24.587174
      1.306306     10.332371     10.332371     20.664743
      1.316316      8.214406      8.214406     16.428812
      1.326326      6.236831      6.236831     12.473662
      1.336336      4.706799      4.706799      9.413597
      1.346346      3.891868      3.891868      7.783736
      1.356356      4.000728      4.000728      8.001456
      1.366366      5.177516      5.177516     10.355031
      1.376376      7.482158      7.482158     14.964317
      1.386386     10.844810     10.844810     21.689619
      1.396396     15.012869     15.012869     30.025737
      1.406406     19.531298     19.531298     39.062597
      1.416416     23.791902     23.791902     47.583803
      1.426426     27.153949     27.153949     54.307898
      1.436436     29.097174     29.097174     58.194349
      1.446446     29.346965     29.346965     58.693931
      1.456456     27.925327     27.925327     55.850655
      1.466466     25.119138     25.119138     50.238276
      1.476476     21.392564     21.392564     42.785128
      1.486486     17.283205     17.283205     34.566410
      1.496496     13.312008     13.312008     26.624016
      1.506507      9.919820      9.919820     19.839641
      1.516517      7.430956      7.430956     14.861912
      1.526527      6.038243      6.038243     12.076487
      1.536537      5.801669      5.801669     11.603338
      1.546547      6.653460      6.653460     13.306921
      1.556557      8.407893      8.407893     16.815787
      1.566567     10.781905     10.781905     21.563809
      1.576577     13.435161     13.435161     26.870322
      1.586587     16.030397     16.030397     32.060795
      1.596597     18.300975     18.300975     36.601949
      1.606607     20.104237     20.104237     40.208474
      1.616617     21.443616     21.443616     42.887232
      1.626627     22.455123     22.455123     44.910247
      1.636637     23.364027     23.364027     46.728054
      1.646647     24.420088     24.420088     48.840177
      1.656657     25.820248     25.820248     51.640495
      1.666667     27.633898     27.633898     55.267797
      1.676677     29.756556     29.756556     59.513113
      1.686687     31.920936     31.920936     63.841872
      1.696697     33.778099     33.778099     67.556197
      1.706707     35.026055     35.026055     70.052110
      1.716717     35.527177     35.527177     71.054355
      1.726727     35.346829     35.346829     70.693658
      1.736737     34.681373     34.681373     69.362745
      1.746747     33.711876     33.711876     67.423752
      1.756757     32.476832     32.476832     64.953664
      1.766767     30.856270     30.856270     61.712540
      1.776777     28.691088     28.691088     57.382176
      1.786787     25.968318     25.968318     51.936635
      1.796797     22.951481     22.951481     45.902961
      1.806807     20.162386     20.162386     40.324771
      1.816817     18.206657     18.206657     36.413315
      1.826827     17.522863     17.522863     35.045726
      1.836837     18.174868     18.174868     36.349737
      1.846847     19.785933     19.785933     39.571865
      1.856857     21.649741     21.649741     43.299482
      1.866867     22.978269     22.978269     45.956537
      1.876877     23.187674     23.187674     46.375347
      1.886887     22.104587     22.104587     44.209174
      1.896897     20.007616     20.007616     40.015232
      1.906907     17.491833     17.491833     34.983665
      1.916917     15.223249     15.223249     30.446498
      1.926927     13.695800     13.695800     27.391600
      1.936937     13.093627     13.093627     26.187255
      1.946947     13.304932     13.304932     26.609864
      1.956957     14.060145     14.060145     28.120291
      1.966967     15.110591     15.110591     30.221182
      1.976977     16.349003     16.349003     32.698005
      1.986987     17.808349     17.808349     35.616697
      1.996997     19.546401     19.546401     39.092802
      2.007007     21.494583     21.494583     42.989166
      2.017017     23.377608     23.377608     46.755216
      2.027027     24.771721     24.771721     49.543442
      2.037037     25.281985     25.281985     50.563970
      2.047047     24.737641     24.737641     49.475281
      2.057057     23.285434     23.285434     46.570869
      2.067067     21.320410     21.320410     42.640820
      2.077077     19.293731     19.293731     38.587462
      2.087087     17.510939     17.510939     35.021878
      2.097097     16.034223     16.034223     32.068445
      2.107107     14.733140     14.733140     29.466280
      2.117117     13.439126     13.439126     26.878252
      2.127127     12.106531     12.106531     24.213061
      2.137137     10.892517     10.892517     21.785034
      2.147147     10.123223     10.123223     20.246446
      2.157157     10.174036     10.174036     20.348071
      2.167167     11.324435     11.324435     22.648870
      2.177177     13.644524     13.644524     27.289047
      2.187187     16.945103     16.945103     33.890205
      2.197197     20.795913     20.795913     41.591826
      2.207207     24.599681     24.599681     49.199363
      2.217217     27.703631     27.703631     55.407263
      2.227227     29.528809     29.528809     59.057618
      2.237237     29.694371     29.694371     59.388742
      2.247247     28.108190     28.108190     56.216380
      2.257257     24.993835     24.993835     49.987669
      2.267267     20.836622     20.836622     41.673243
      2.277277     16.259419     16.259419     32.518838
      2.287287     11.869802     11.869802     23.739604
      2.297297      8.134609      8.134609     16.269219
      2.307307      5.324879      5.324879     10.649758
      2.317317      3.540428      3.540428      7.080855
      2.327327      2.788356      2.788356      5.576713
      2.337337      3.070835      3.070835      6.141670
      2.347347      4.439619      4.439619      8.879237
      2.357357      6.991877      6.991877     13.983754
      2.367367     10.805156     10.805156     21.610313
      2.377377     15.832433     15.832433     31.664867
      2.387387     21.797136     21.797136     43.594271
      2.397397     28.137361     28.137361     56.274722
      2.407407     34.041489     34.041489     68.082978
      2.417417     38.589910     38.589910     77.179820
      2.427427     40.974731     40.974731     81.949462
      2.437437     40.727716     40.727716     81.455432
      2.447447     37.869277     37.869277     75.738554
      2.457457     32.913826     32.913826     65.827651
      2.467467     26.724330     26.724330     53.448660
      2.477477     20.273990     20.273990     40.547980
      2.487487     14.410205     14.410205     28.820410
      2.497497      9.705418      9.705418     19.410835
      2.507508      6.429698      6.429698     12.859397
      2.517518      4.621477      4.621477      9.242954
      2.527528      4.196645      4.196645      8.393290
      2.537538      5.035662      5.035662     10.071323
      2.547548      7.015549      7.015549     14.031099
      2.557558      9.989454      9.989454     19.978907
      2.567568     13.742396     13.742396     27.484792
      2.577578     17.958828     17.958828     35.917656
      2.587588     22.227231     22.227231     44.454463
      2.597598     26.088389     26.088389     52.176777
      2.607608     29.116570     29.116570     58.233140
      2.617618     31.011411     31.011411     62.022822
      2.627628     31.672611     31.672611     63.345222
      2.637638     31.230471     31.230471     62.460941
      2.647648     30.016475     30.016475     60.032950
      2.657658     28.480721     28.480721     56.961443
      2.667668     27.087537     27.087537     54.175073
      2.677678     26.229889     26.229889     52.459779
      2.687688     26.187512     26.187512     52.375023
      2.697698     27.123049     27.123049     54.246098
      2.707708     29.088572     29.088572     58.177145
      2.717718     32.017602     32.017602     64.035205
      2.727728     35.700481     35.700481     71.400961
      2.737738     39.764399     39.764399     79.528798
      2.747748     43.687978     43.687978     87.375957
      2.757758     46.871084     46.871084     93.742169
      2.767768     48.758565     48.758565     97.517130
      2.777778     48.988614     48.988614     97.977228
      2.787788     47.512272     47.512272     95.024545
      2.797798     44.625797     44.625797     89.251595
      2.807808     40.885006     40.885006     81.770013
      2.817818     36.924461     36.924461     73.848921
      2.827828     33.255578     33.255578     66.511156
      2.837838     30.132342     30.132342     60.264685
      2.847848     27.539071     27.539071     55.078142
      2.857858     25.292047     25.292047     50.584094
      2.867868     23.192720     23.192720     46.385440
      2.877878     21.152345     21.152345     42.304689
      2.887888     19.230660     19.230660     38.461319
      2.897898     17.579403     17.579403     35.158806
      2.907908     16.331304     16.331304     32.662609
      2.917918     15.503250     15.503250     31.006501
      2.927928     14.973128     14.973128     29.946256
      2.937938     14.545543     14.545543     29.091087
      2.947948     14.065761     14.065761     28.131522
      2.957958     13.508582     13.508582     27.017164
      2.967968     12.982619     12.982619     25.965238
      2.977978     12.643809     12.643809     25.287618
      2.987988     12.570791     12.570791     25.141581
      2.997998     12.680337     12.680337     25.360675
      3.008008     12.736841     12.736841     25.473683
      3.018018     12.452342     12.452342     24.904684
      3.028028     11.620204     11.620204     23.240409
      3.038038     10.209200     10.209200     20.418400
      3.048048      8.372569      8.372569     16.745139
      3.058058      6.377267      6.377267     12.754534
      3.068068      4.498766      4.498766      8.997531
      3.078078      2.934811      2.934811      5.869621
      3.088088      1.769576      1.769576      3.539152
      3.098098      0.987680      0.987680      1.975359
      3.108108      0.516050      0.516050      1.032099
      3.118118      0.268688      0.268688      0.537375
      3.128128      0.179469      0.179469      0.358937
      3.138138      0.220446      0.220446      0.440892
      3.148148      0.409850      0.409850      0.819701
      3.158158      0.813438      0.813438      1.626877
      3.168168      1.538028      1.538028      3.076056
      3.178178      2.711844      2.711844      5.423688
      3.188188      4.447065      4.447065      8.894131
      3.198198      6.787484      6.787484     13.574967
      3.208208      9.655869      9.655869     19.311738
      3.218218     12.824567     12.824567     25.649134
      3.228228     15.931543     15.931543     31.863086
      3.238238     18.549839     18.549839     37.099678
      3.248248     20.296317     20.296317     40.592633
      3.258258     20.945943     20.945943     41.891886
      3.268268     20.509915     20.509915     41.019829
      3.278278     19.243594     19.243594     38.487189
      3.288288     17.572117     17.572117     35.144234
      3.298298     15.952047     15.952047     31.904094
      3.308308     14.716728     14.716728     29.433457
      3.318318     13.967159     13.967159     27.934317
      3.328328     13.557460     13.557460     27.114920
      3.338338     13.184397     13.184397     26.368793
      3.348348     12.541398     12.541398     25.082796
      3.358358     11.466384     11.466384     22.932769
      3.368368     10.018303     10.018303     20.036606
      3.378378      8.455680      8.455680     16.911359
      3.388388      7.137078      7.137078     14.274155
      3.398398      6.391496      6.391496     12.782993
      3.408408      6.406782      6.406782     12.813564
      3.418418      7.166732      7.166732     14.333465
      3.428428      8.449417      8.449417     16.898834
      3.438438      9.887102      9.887102     19.774203
      3.448448     11.076433     11.076433     22.152866
      3.458458     11.710431     11.710431     23.420863
      3.468468     11.687077     11.687077     23.374154
      3.478478     11.147782     11.147782     22.295563
      3.488488     10.422434     10.422434     20.844868
      3.498498      9.898490      9.898490     19.796980
      3.508509      9.868437      9.868437     19.736874
      3.518519     10.422007     10.422007     20.844014
      3.528529     11.429465     11.429465     22.858930
      3.538539     12.619206     12.619206     25.238412
      3.548549     13.707052     13.707052     27.414105
      3.558559     14.509241     14.509241     29.018482
      3.568569     14.981847     14.981847     29.963694
      3.578579     15.173651     15.173651     30.347302
      3.588589     15.132596     15.132596     30.265192
      3.598599     14.833537     14.833537     29.667074
      3.608609     14.177074     14.177074     28.354149
      3.618619     13.057927     13.057927     26.115855
      3.628629     11.453469     11.453469     22.906938
      3.638639      9.472289      9.472289     18.944578
      3.648649      7.333339      7.333339     14.666678
      3.658659      5.292464      5.292464     10.584928
      3.668669      3.561809      3.561809      7.123618
      3.678679      2.263518      2.263518      4.527036
      3.688689      1.432239      1.432239      2.864478
      3.698699      1.052709      1.052709      2.105418
      3.708709      1.104622      1.104622      2.209244
      3.718719      1.589020      1.589020      3.178040
      3.728729      2.522273      2.522273      5.044546
      3.738739      3.899021      3.899021      7.798042
      3.748749      5.640711      5.640711     11.281421
      3.758759      7.557756      7.557756     15.115512
      3.768769      9.354166      9.354166     18.708331
      3.778779     10.687933     10.687933     21.375866
      3.788789     11.271747     11.271747     22.543493
      3.798799     10.971888     10.971888     21.943776
      3.808809      9.857384      9.857384     19.714769
      3.818819      8.174074      8.174074     16.348147
      3.828829      6.256703      6.256703     12.513406
      3.838839      4.422204      4.422204      8.844407
      3.848849      2.890929      2.890929      5.781858
      3.858859      1.761266      1.761266      3.522533
      3.868869      1.033744      1.033744      2.067489
      3.878879      0.661379      0.661379      1.322758
      3.888889      0.600101      0.600101      1.200202
      3.898899      0.841083      0.841083      1.682166
      3.908909      1.416608      1.416608      2.833215
      3.918919      2.378335      2.378335      4.756670
      3.928929      3.753365      3.753365      7.506730
      3.938939      5.492581      5.492581     10.985161
      3.948949      7.435845      7.435845     14.871690
      3.958959      9.321565      9.321565     18.643131
      3.968969     10.855243     10.855243     21.710486
      3.978979     11.822991     11.822991     23.645983
      3.988989     12.205138     12.205138     24.410276
      3.998999     12.232067     12.232067     24.464134
      4.009009     12.341699     12.341699     24.683397
      4.019019     13.039725     13.039725     26.079450
      4.029029     14.709263     14.709263     29.418527
      4.039039     17.443451     17.443451     34.886901
      4.049049     20.970206     20.970206     41.940413
      4.059059     24.704490     24.704490     49.408979
      4.069069     27.913409     27.913409     55.826818
      4.079079     29.934573     29.934573     59.869145
      4.089089     30.368725     30.368725     60.737449
      4.099099     29.182849     29.182849     58.365698
      4.109109     26.699376     26.699376     53.398752
      4.119119     23.488331     23.488331     46.976662
      4.129129     20.204014     20.204014     40.408028
      4.139139     17.414017     17.414017     34.828035
      4.149149     15.465025     15.465025     30.930051
      4.159159     14.422178     14.422178     28.844355
      4.169169     14.102233     14.102233     28.204466
      4.179179     14.189911     14.189911     28.379822
      4.189189     14.389662     14.389662     28.779324
      4.199199     14.543929     14.543929     29.087858
      4.209209     14.663758     14.663758     29.327516
      4.219219     14.865948     14.865948     29.731897
      4.229229     15.263993     15.263993     30.527986
      4.239239     15.881985     15.881985     31.763971
      4.249249     16.636812     16.636812     33.273624
      4.259259     17.383961     17.383961     34.767923
      4.269269     17.984518     17.984518     35.969036
      4.279279     18.350675     18.350675     36.701350
      4.289289     18.456343     18.456343     36.912686
      4.299299     18.327233     18.327233     36.654466
      4.309309     18.028032     18.028032     36.056065
      4.319319     17.648764     17.648764     35.297529
      4.329329     17.282842     17.282842     34.565684
      4.339339     17.000111     17.000111     34.000222
      4.349349     16.836080     16.836080     33.672160
      4.359359     16.817209     16.817209     33.634417
      4.369369     17.012849     17.012849     34.025699
      4.379379     17.570015     17.570015     35.140030
      4.389389     18.682910     18.682910     37.365820
      4.399399     20.488406     20.488406     40.976813
      4.409409     22.936454     22.936454     45.872908
      4.419419     25.715941     25.715941     51.431881
      4.429429     28.294080     28.294080     56.588160
      4.439439     30.063934     30.063934     60.127868
      4.449449     30.533774     30.533774     61.067549
      4.459459     29.473469     29.473469     58.946937
      4.469469     26.963666     26.963666     53.927332
      4.479479     23.346271     23.346271     46.692541
      4.489489     19.114452     19.114452     38.228904
      4.499499     14.790656     14.790656     29.581311
      4.509510     10.829080     10.829080     21.658160
      4.519520      7.561029      7.561029     15.122057
      4.529530      5.186533      5.186533     10.373065
      4.539540      3.803064      3.803064      7.606127
      4.549550      3.450323      3.450323      6.900645
      4.559560      4.142606      4.142606      8.285212
      4.569570      5.864334      5.864334     11.728668
      4.579580      8.523546      8.523546     17.047092
      4.589590     11.886836     11.886836     23.773673
      4.599600     15.542410     15.542410     31.084820
      4.609610     18.938303     18.938303     37.876606
      4.619620     21.511977     21.511977     43.023954
      4.629630     22.876117     22.876117     45.752235
      4.639640     22.981680     22.981680     45.963361
      4.649650     22.173003     22.173003     44.346006
      4.659660     21.091263     21.091263     42.182525
      4.669670     20.452552     20.452552     40.905103
      4.679680     20.787489     20.787489     41.574978
      4.689690     22.248158     22.248158     44.496316
      4.699700     24.557155     24.557155     49.114311
      4.709710     27.111078     27.111078     54.222157
      4.719720     29.189042     29.189042     58.378084
      4.729730     30.183632     30.183632     60.367265
      4.739740     29.777266     29.777266     59.554532
      4.749750     28.020526     28.020526     56.041053
      4.759760     25.308060     25.308060     50.616120
      4.769770     22.273171     22.273171     44.546342
      4.779780     19.630825     19.630825     39.261650
      4.789790     18.000568     18.000568     36.001136
      4.799800     17.746596     17.746596     35.493192
      4.809810     18.880374     18.880374     37.760748
      4.819820     21.067688     21.067688     42.135377
      4.829830     23.752883     23.752883     47.505767
      4.839840     26.361577     26.361577     52.723154
      4.849850     28.495934     28.495934     56.991869
      4.859860     30.029448     30.029448     60.058895
      4.869870     31.057777     31.057777     62.115554
      4.879880     31.744910     31.744910     63.489821
      4.889890     32.165168     32.165168     64.330335
      4.899900     32.236327     32.236327     64.472655
      4.909910     31.770630     31.770630     63.541261
      4.919920     30.591098     30.591098     61.182196
      4.929930     28.629198     28.629198     57.258397
      4.939940     25.952284     25.952284     51.904567
      4.949950     22.729004     22.729004     45.458009
      4.959960     19.176499     19.176499     38.352998
      4.969970     15.524118     15.524118     31.048237
      4.979980     11.996350     11.996350     23.992701
      4.989990      8.797556      8.797556     17.595113
      5.000000      6.087272      6.087272     12.174543
