# EIG2DOS: Utility for SIESTA to obtain the electronic density of states
#  E. Artacho, Apr 1999, A. Garcia, Apr 2012
#  Nick R. Papior, Feb 2017
# ------------------------------------------
# Eigenvalues calculated from a non-polarized calculation
# Eigenvalues read from siesta.EIG
# Kpoint weights read from siesta.KP
# Using smearing parameter:   0.0500
# Using 1000 points in the energy range
# Selected bands: 1 to: 2981
# Emin, Emax in file for selected band(s):    -27.2740407    218.3730750
# Nbands, Nspin, Nk   =   2981     1     1
# E_F                 =    -4.2273 eV --> (shifted to ZERO)
# Broadening          =     0.0500 eV
#
#        E            N(up)  (=)   N(down)         Ntot
     -5.000000     35.757312     35.757312     71.514624
     -4.989990     39.850188     39.850188     79.700376
     -4.979980     43.045322     43.045322     86.090644
     -4.969970     44.820498     44.820498     89.640996
     -4.959960     44.889705     44.889705     89.779410
     -4.949950     43.296149     43.296149     86.592298
     -4.939940     40.408242     40.408242     80.816484
     -4.929930     36.840455     36.840455     73.680909
     -4.919920     33.344873     33.344873     66.689746
     -4.909910     30.705602     30.705602     61.411204
     -4.899900     29.633682     29.633682     59.267365
     -4.889890     30.639224     30.639224     61.278447
     -4.879880     33.875613     33.875613     67.751225
     -4.869870     39.000932     39.000932     78.001863
     -4.859860     45.143461     45.143461     90.286923
     -4.849850     51.046081     51.046081    102.092163
     -4.839840     55.387413     55.387413    110.774826
     -4.829830     57.175615     57.175615    114.351230
     -4.819820     56.051300     56.051300    112.102599
     -4.809810     52.365306     52.365306    104.730612
     -4.799800     47.003683     47.003683     94.007366
     -4.789790     41.052617     41.052617     82.105234
     -4.779780     35.459016     35.459016     70.918033
     -4.769770     30.818195     30.818195     61.636391
     -4.759760     27.336217     27.336217     54.672434
     -4.749750     24.928879     24.928879     49.857758
     -4.739740     23.376150     23.376150     46.752299
     -4.729730     22.456162     22.456162     44.912325
     -4.719720     22.015345     22.015345     44.030690
     -4.709710     21.967757     21.967757     43.935515
     -4.699700     22.246414     22.246414     44.492828
     -4.689690     22.748262     22.748262     45.496525
     -4.679680     23.316984     23.316984     46.633967
     -4.669670     23.789017     23.789017     47.578034
     -4.659660     24.092385     24.092385     48.184770
     -4.649650     24.350692     24.350692     48.701384
     -4.639640     24.925568     24.925568     49.851136
     -4.629630     26.343704     26.343704     52.687408
     -4.619620     29.101411     29.101411     58.202821
     -4.609610     33.406327     33.406327     66.812654
     -4.599600     38.971548     38.971548     77.943095
     -4.589590     44.984039     44.984039     89.968079
     -4.579580     50.305980     50.305980    100.611961
     -4.569570     53.854850     53.854850    107.709701
     -4.559560     55.005924     55.005924    110.011847
     -4.549550     53.833739     53.833739    107.667477
     -4.539540     51.079538     51.079538    102.159076
     -4.529530     47.861112     47.861112     95.722225
     -4.519520     45.256990     45.256990     90.513979
     -4.509510     43.940183     43.940183     87.880366
     -4.499499     43.996478     43.996478     87.992956
     -4.489489     44.970903     44.970903     89.941805
     -4.479479     46.092188     46.092188     92.184376
     -4.469469     46.567134     46.567134     93.134268
     -4.459459     45.830632     45.830632     91.661264
     -4.449449     43.675868     43.675868     87.351736
     -4.439439     40.250270     40.250270     80.500541
     -4.429429     35.957369     35.957369     71.914738
     -4.419419     31.329336     31.329336     62.658671
     -4.409409     26.922038     26.922038     53.844076
     -4.399399     23.247382     23.247382     46.494763
     -4.389389     20.724316     20.724316     41.448633
     -4.379379     19.624187     19.624187     39.248373
     -4.369369     20.010149     20.010149     40.020297
     -4.359359     21.701483     21.701483     43.402966
     -4.349349     24.302147     24.302147     48.604295
     -4.339339     27.306774     27.306774     54.613547
     -4.329329     30.252728     30.252728     60.505457
     -4.319319     32.855395     32.855395     65.710790
     -4.309309     35.067744     35.067744     70.135488
     -4.299299     37.040816     37.040816     74.081632
     -4.289289     39.005122     39.005122     78.010243
     -4.279279     41.120904     41.120904     82.241808
     -4.269269     43.351580     43.351580     86.703161
     -4.259259     45.407455     45.407455     90.814910
     -4.249249     46.791744     46.791744     93.583489
     -4.239239     46.953338     46.953338     93.906676
     -4.229229     45.506327     45.506327     91.012653
     -4.219219     42.430082     42.430082     84.860164
     -4.209209     38.149097     38.149097     76.298194
     -4.199199     33.434089     33.434089     66.868178
     -4.189189     29.152698     29.152698     58.305396
     -4.179179     25.979572     25.979572     51.959144
     -4.169169     24.199521     24.199521     48.399043
     -4.159159     23.688261     23.688261     47.376521
     -4.149149     24.064026     24.064026     48.128052
     -4.139139     24.922085     24.922085     49.844170
     -4.129129     26.031431     26.031431     52.062863
     -4.119119     27.397876     27.397876     54.795752
     -4.109109     29.165194     29.165194     58.330388
     -4.099099     31.408360     31.408360     62.816719
     -4.089089     33.935843     33.935843     67.871687
     -4.079079     36.227042     36.227042     72.454085
     -4.069069     37.569178     37.569178     75.138355
     -4.059059     37.347669     37.347669     74.695339
     -4.049049     35.346781     35.346781     70.693563
     -4.039039     31.898741     31.898741     63.797483
     -4.029029     27.798671     27.798671     55.597343
     -4.019019     24.031540     24.031540     48.063080
     -4.009009     21.453229     21.453229     42.906457
     -3.998999     20.573555     20.573555     41.147110
     -3.988989     21.511618     21.511618     43.023236
     -3.978979     24.092431     24.092431     48.184861
     -3.968969     27.993454     27.993454     55.986907
     -3.958959     32.857704     32.857704     65.715408
     -3.948949     38.344748     38.344748     76.689496
     -3.938939     44.143395     44.143395     88.286791
     -3.928929     49.982667     49.982667     99.965334
     -3.918919     55.650324     55.650324    111.300649
     -3.908909     60.994305     60.994305    121.988609
     -3.898899     65.878213     65.878213    131.756426
     -3.888889     70.095330     70.095330    140.190660
     -3.878879     73.289676     73.289676    146.579353
     -3.868869     74.949658     74.949658    149.899315
     -3.858859     74.511784     74.511784    149.023569
     -3.848849     71.553438     71.553438    143.106875
     -3.838839     65.999561     65.999561    131.999122
     -3.828829     58.249923     58.249923    116.499847
     -3.818819     49.161240     49.161240     98.322480
     -3.808809     39.877418     39.877418     79.754836
     -3.798799     31.562197     31.562197     63.124394
     -3.788789     25.123795     25.123795     50.247589
     -3.778779     21.018309     21.018309     42.036618
     -3.768769     19.184540     19.184540     38.369079
     -3.758759     19.116791     19.116791     38.233582
     -3.748749     20.043249     20.043249     40.086499
     -3.738739     21.155616     21.155616     42.311232
     -3.728729     21.830729     21.830729     43.661459
     -3.718719     21.791863     21.791863     43.583726
     -3.708709     21.171631     21.171631     42.343263
     -3.698699     20.458307     20.458307     40.916615
     -3.688689     20.333103     20.333103     40.666205
     -3.678679     21.436269     21.436269     42.872539
     -3.668669     24.128273     24.128273     48.256546
     -3.658659     28.326034     28.326034     56.652068
     -3.648649     33.479785     33.479785     66.959570
     -3.638639     38.709373     38.709373     77.418746
     -3.628629     43.054876     43.054876     86.109751
     -3.618619     45.746597     45.746597     91.493194
     -3.608609     46.393808     46.393808     92.787615
     -3.598599     45.035257     45.035257     90.070515
     -3.588589     42.060306     42.060306     84.120612
     -3.578579     38.056911     38.056911     76.113823
     -3.568569     33.649100     33.649100     67.298199
     -3.558559     29.363127     29.363127     58.726255
     -3.548549     25.537683     25.537683     51.075366
     -3.538539     22.286481     22.286481     44.572962
     -3.528529     19.522755     19.522755     39.045511
     -3.518519     17.045157     17.045157     34.090314
     -3.508509     14.659083     14.659083     29.318166
     -3.498498     12.284746     12.284746     24.569492
     -3.488488     10.005328     10.005328     20.010656
     -3.478478      8.038006      8.038006     16.076011
     -3.468468      6.647472      6.647472     13.294943
     -3.458458      6.042162      6.042162     12.084324
     -3.448448      6.290815      6.290815     12.581630
     -3.438438      7.282554      7.282554     14.565108
     -3.428428      8.741112      8.741112     17.482223
     -3.418418     10.295011     10.295011     20.590022
     -3.408408     11.592788     11.592788     23.185576
     -3.398398     12.432564     12.432564     24.865127
     -3.388388     12.858791     12.858791     25.717582
     -3.378378     13.182194     13.182194     26.364388
     -3.368368     13.906923     13.906923     27.813847
     -3.358358     15.587179     15.587179     31.174359
     -3.348348     18.659857     18.659857     37.319714
     -3.338338     23.297684     23.297684     46.595369
     -3.328328     29.309204     29.309204     58.618408
     -3.318318     36.100535     36.100535     72.201071
     -3.308308     42.719245     42.719245     85.438490
     -3.298298     48.006273     48.006273     96.012545
     -3.288288     50.858663     50.858663    101.717326
     -3.278278     50.546832     50.546832    101.093664
     -3.268268     46.970122     46.970122     93.940244
     -3.258258     40.728367     40.728367     81.456734
     -3.248248     32.959314     32.959314     65.918629
     -3.238238     25.004867     25.004867     50.009733
     -3.228228     18.048802     18.048802     36.097604
     -3.218218     12.863901     12.863901     25.727802
     -3.208208      9.730079      9.730079     19.460158
     -3.198198      8.497915      8.497915     16.995830
     -3.188188      8.729068      8.729068     17.458137
     -3.178178      9.855779      9.855779     19.711557
     -3.168168     11.333516     11.333516     22.667032
     -3.158158     12.776357     12.776357     25.552713
     -3.148148     14.053857     14.053857     28.107714
     -3.138138     15.312281     15.312281     30.624563
     -3.128128     16.890694     16.890694     33.781388
     -3.118118     19.142600     19.142600     38.285199
     -3.108108     22.226706     22.226706     44.453412
     -3.098098     25.961150     25.961150     51.922300
     -3.088088     29.819012     29.819012     59.638024
     -3.078078     33.080840     33.080840     66.161679
     -3.068068     35.082068     35.082068     70.164136
     -3.058058     35.442254     35.442254     70.884508
     -3.048048     34.170609     34.170609     68.341218
     -3.038038     31.608055     31.608055     63.216110
     -3.028028     28.253347     28.253347     56.506695
     -3.018018     24.577092     24.577092     49.154185
     -3.008008     20.919062     20.919062     41.838124
     -2.997998     17.500913     17.500913     35.001826
     -2.987988     14.513808     14.513808     29.027615
     -2.977978     12.204831     12.204831     24.409662
     -2.967968     10.901410     10.901410     21.802820
     -2.957958     10.957293     10.957293     21.914586
     -2.947948     12.643873     12.643873     25.287746
     -2.937938     16.029323     16.029323     32.058646
     -2.927928     20.888747     20.888747     41.777493
     -2.917918     26.681518     26.681518     53.363036
     -2.907908     32.619278     32.619278     65.238556
     -2.897898     37.824433     37.824433     75.648866
     -2.887888     41.543914     41.543914     83.087829
     -2.877878     43.349543     43.349543     86.699085
     -2.867868     43.245991     43.245991     86.491982
     -2.857858     41.634688     41.634688     83.269376
     -2.847848     39.141044     39.141044     78.282087
     -2.837838     36.375920     36.375920     72.751840
     -2.827828     33.735565     33.735565     67.471131
     -2.817818     31.325780     31.325780     62.651559
     -2.807808     29.032696     29.032696     58.065393
     -2.797798     26.687653     26.687653     53.375306
     -2.787788     24.228731     24.228731     48.457462
     -2.777778     21.771680     21.771680     43.543361
     -2.767768     19.561242     19.561242     39.122483
     -2.757758     17.845511     17.845511     35.691022
     -2.747748     16.758407     16.758407     33.516814
     -2.737738     16.283465     16.283465     32.566931
     -2.727728     16.314137     16.314137     32.628274
     -2.717718     16.758978     16.758978     33.517956
     -2.707708     17.609451     17.609451     35.218902
     -2.697698     18.915988     18.915988     37.831975
     -2.687688     20.687364     20.687364     41.374728
     -2.677678     22.790841     22.790841     45.581682
     -2.667668     24.938844     24.938844     49.877687
     -2.657658     26.791498     26.791498     53.582995
     -2.647648     28.120513     28.120513     56.241025
     -2.637638     28.929545     28.929545     57.859089
     -2.627628     29.448833     29.448833     58.897666
     -2.617618     30.003499     30.003499     60.006998
     -2.607608     30.836410     30.836410     61.672820
     -2.597598     31.988934     31.988934     63.977868
     -2.587588     33.293860     33.293860     66.587720
     -2.577578     34.457243     34.457243     68.914486
     -2.567568     35.160989     35.160989     70.321979
     -2.557558     35.133671     35.133671     70.267343
     -2.547548     34.187650     34.187650     68.375300
     -2.537538     32.254357     32.254357     64.508713
     -2.527528     29.436887     29.436887     58.873775
     -2.517518     26.057018     26.057018     52.114036
     -2.507508     22.646329     22.646329     45.292659
     -2.497497     19.847421     19.847421     39.694843
     -2.487487     18.241503     18.241503     36.483007
     -2.477477     18.166890     18.166890     36.333779
     -2.467467     19.607365     19.607365     39.214730
     -2.457457     22.202952     22.202952     44.405905
     -2.447447     25.383828     25.383828     50.767656
     -2.437437     28.575443     28.575443     57.150885
     -2.427427     31.391157     31.391157     62.782314
     -2.417417     33.731028     33.731028     67.462055
     -2.407407     35.742627     35.742627     71.485253
     -2.397397     37.659032     37.659032     75.318064
     -2.387387     39.587095     39.587095     79.174191
     -2.377377     41.350020     41.350020     82.700041
     -2.367367     42.473489     42.473489     84.946978
     -2.357357     42.342535     42.342535     84.685071
     -2.347347     40.470464     40.470464     80.940927
     -2.337337     36.755765     36.755765     73.511529
     -2.327327     31.600500     31.600500     63.201001
     -2.317317     25.831778     25.831778     51.663555
     -2.307307     20.467329     20.467329     40.934657
     -2.297297     16.435477     16.435477     32.870953
     -2.287287     14.361179     14.361179     28.722358
     -2.277277     14.475177     14.475177     28.950354
     -2.267267     16.637544     16.637544     33.275088
     -2.257257     20.429301     20.429301     40.858602
     -2.247247     25.264307     25.264307     50.528614
     -2.237237     30.491417     30.491417     60.982834
     -2.227227     35.474499     35.474499     70.948998
     -2.217217     39.648563     39.648563     79.297126
     -2.207207     42.557288     42.557288     85.114576
     -2.197197     43.883148     43.883148     87.766295
     -2.187187     43.481716     43.481716     86.963432
     -2.177177     41.420338     41.420338     82.840677
     -2.167167     38.000657     38.000657     76.001314
     -2.157157     33.730326     33.730326     67.460652
     -2.147147     29.220596     29.220596     58.441192
     -2.137137     25.026202     25.026202     50.052404
     -2.127127     21.488883     21.488883     42.977766
     -2.117117     18.660326     18.660326     37.320652
     -2.107107     16.345966     16.345966     32.691932
     -2.097097     14.246089     14.246089     28.492179
     -2.087087     12.118223     12.118223     24.236445
     -2.077077      9.879918      9.879918     19.759837
     -2.067067      7.613732      7.613732     15.227465
     -2.057057      5.494021      5.494021     10.988042
     -2.047047      3.690429      3.690429      7.380859
     -2.037037      2.299682      2.299682      4.599363
     -2.027027      1.327644      1.327644      2.655287
     -2.017017      0.712480      0.712480      1.424960
     -2.007007      0.364896      0.364896      0.729791
     -1.996997      0.204813      0.204813      0.409626
     -1.986987      0.185976      0.185976      0.371953
     -1.976977      0.310294      0.310294      0.620587
     -1.966967      0.636682      0.636682      1.273363
     -1.956957      1.285149      1.285149      2.570299
     -1.946947      2.429702      2.429702      4.859405
     -1.936937      4.269062      4.269062      8.538124
     -1.926927      6.967621      6.967621     13.935242
     -1.916917     10.572984     10.572984     21.145968
     -1.906907     14.936327     14.936327     29.872654
     -1.896897     19.675736     19.675736     39.351471
     -1.886887     24.217121     24.217121     48.434243
     -1.876877     27.918399     27.918399     55.836799
     -1.866867     30.242466     30.242466     60.484932
     -1.856857     30.915715     30.915715     61.831431
     -1.846847     30.008985     30.008985     60.017971
     -1.836837     27.907296     27.907296     55.814591
     -1.826827     25.178253     25.178253     50.356507
     -1.816817     22.387318     22.387318     44.774637
     -1.806807     19.927789     19.927789     39.855578
     -1.796797     17.928125     17.928125     35.856251
     -1.786787     16.268946     16.268946     32.537893
     -1.776777     14.695592     14.695592     29.391184
     -1.766767     12.969572     12.969572     25.939144
     -1.756757     10.987185     10.987185     21.974369
     -1.746747      8.816534      8.816534     17.633069
     -1.736737      6.651535      6.651535     13.303070
     -1.726727      4.723515      4.723515      9.447030
     -1.716717      3.223337      3.223337      6.446674
     -1.706707      2.267215      2.267215      4.534431
     -1.696697      1.905548      1.905548      3.811095
     -1.686687      2.148753      2.148753      4.297507
     -1.676677      2.979827      2.979827      5.959653
     -1.666667      4.338749      4.338749      8.677498
     -1.656657      6.088279      6.088279     12.176557
     -1.646647      7.990050      7.990050     15.980101
     -1.636637      9.722612      9.722612     19.445225
     -1.626627     10.954669     10.954669     21.909338
     -1.616617     11.455343     11.455343     22.910687
     -1.606607     11.197041     11.197041     22.394083
     -1.596597     10.403030     10.403030     20.806060
     -1.586587      9.514227      9.514227     19.028454
     -1.576577      9.083199      9.083199     18.166398
     -1.566567      9.627724      9.627724     19.255448
     -1.556557     11.482535     11.482535     22.965069
     -1.546547     14.683037     14.683037     29.366075
     -1.536537     18.910111     18.910111     37.820222
     -1.526527     23.520968     23.520968     47.041936
     -1.516517     27.676775     27.676775     55.353549
     -1.506507     30.546465     30.546465     61.092931
     -1.496496     31.528762     31.528762     63.057524
     -1.486486     30.415367     30.415367     60.830735
     -1.476476     27.435619     27.435619     54.871239
     -1.466466     23.171256     23.171256     46.342512
     -1.456456     18.382924     18.382924     36.765848
     -1.446446     13.818946     13.818946     27.637893
     -1.436436     10.069561     10.069561     20.139122
     -1.426426      7.496025      7.496025     14.992051
     -1.416416      6.226203      6.226203     12.452405
     -1.406406      6.187296      6.187296     12.374592
     -1.396396      7.149872      7.149872     14.299744
     -1.386386      8.776102      8.776102     17.552205
     -1.376376     10.680258     10.680258     21.360515
     -1.366366     12.505925     12.505925     25.011850
     -1.356356     14.004253     14.004253     28.008505
     -1.346346     15.080123     15.080123     30.160246
     -1.336336     15.779390     15.779390     31.558780
     -1.326326     16.222145     16.222145     32.444289
     -1.316316     16.521445     16.521445     33.042891
     -1.306306     16.734417     16.734417     33.468835
     -1.296296     16.864430     16.864430     33.728860
     -1.286286     16.892286     16.892286     33.784573
     -1.276276     16.796497     16.796497     33.592994
     -1.266266     16.542754     16.542754     33.085508
     -1.256256     16.060540     16.060540     32.121081
     -1.246246     15.243770     15.243770     30.487540
     -1.236236     13.994150     13.994150     27.988299
     -1.226226     12.287209     12.287209     24.574417
     -1.216216     10.216826     10.216826     20.433653
     -1.206206      7.985571      7.985571     15.971142
     -1.196196      5.844690      5.844690     11.689381
     -1.186186      4.019304      4.019304      8.038609
     -1.176176      2.658955      2.658955      5.317910
     -1.166166      1.832185      1.832185      3.664371
     -1.156156      1.554832      1.554832      3.109664
     -1.146146      1.823994      1.823994      3.647988
     -1.136136      2.630668      2.630668      5.261336
     -1.126126      3.939985      3.939985      7.879969
     -1.116116      5.649849      5.649849     11.299697
     -1.106106      7.556386      7.556386     15.112772
     -1.096096      9.358359      9.358359     18.716719
     -1.086086     10.717364     10.717364     21.434729
     -1.076076     11.360697     11.360697     22.721394
     -1.066066     11.185253     11.185253     22.370506
     -1.056056     10.312633     10.312633     20.625267
     -1.046046      9.065196      9.065196     18.130392
     -1.036036      7.868991      7.868991     15.737981
     -1.026026      7.120413      7.120413     14.240825
     -1.016016      7.063759      7.063759     14.127518
     -1.006006      7.717419      7.717419     15.434839
     -0.995996      8.868376      8.868376     17.736752
     -0.985986     10.136386     10.136386     20.272772
     -0.975976     11.091015     11.091015     22.182030
     -0.965966     11.386269     11.386269     22.772539
     -0.955956     10.865980     10.865980     21.731959
     -0.945946      9.599873      9.599873     19.199745
     -0.935936      7.838577      7.838577     15.677153
     -0.925926      5.912503      5.912503     11.825006
     -0.915916      4.122896      4.122896      8.245791
     -0.905906      2.669885      2.669885      5.339771
     -0.895896      1.637150      1.637150      3.274300
     -0.885886      1.023691      1.023691      2.047382
     -0.875876      0.796186      0.796186      1.592372
     -0.865866      0.934398      0.934398      1.868796
     -0.855856      1.451172      1.451172      2.902344
     -0.845846      2.380044      2.380044      4.760089
     -0.835836      3.734657      3.734657      7.469314
     -0.825826      5.455606      5.455606     10.911212
     -0.815816      7.370442      7.370442     14.740884
     -0.805806      9.194595      9.194595     18.389190
     -0.795796     10.587786     10.587786     21.175573
     -0.785786     11.253183     11.253183     22.506366
     -0.775776     11.039137     11.039137     22.078273
     -0.765766      9.995005      9.995005     19.990011
     -0.755756      8.352600      8.352600     16.705201
     -0.745746      6.442665      6.442665     12.885329
     -0.735736      4.587589      4.587589      9.175179
     -0.725726      3.017989      3.017989      6.035979
     -0.715716      1.841182      1.841182      3.682364
     -0.705706      1.060285      1.060285      2.120570
     -0.695696      0.622119      0.622119      1.244238
     -0.685686      0.468272      0.468272      0.936543
     -0.675676      0.571675      0.571675      1.143350
     -0.665666      0.950948      0.950948      1.901896
     -0.655656      1.660666      1.660666      3.321332
     -0.645646      2.758730      2.758730      5.517460
     -0.635636      4.257060      4.257060      8.514121
     -0.625626      6.071227      6.071227     12.142454
     -0.615616      7.993735      7.993735     15.987471
     -0.605606      9.714819      9.714819     19.429637
     -0.595596     10.897116     10.897116     21.794233
     -0.585586     11.281748     11.281748     22.563496
     -0.575576     10.780236     10.780236     21.560471
     -0.565566      9.507515      9.507515     19.015030
     -0.555556      7.739139      7.739139     15.478278
     -0.545546      5.814403      5.814403     11.628805
     -0.535536      4.031851      4.031851      8.063701
     -0.525526      2.580421      2.580421      5.160842
     -0.515516      1.524276      1.524276      3.048552
     -0.505506      0.831043      0.831043      1.662086
     -0.495495      0.418187      0.418187      0.836373
     -0.485485      0.194224      0.194224      0.388449
     -0.475475      0.083258      0.083258      0.166515
     -0.465465      0.032941      0.032941      0.065881
     -0.455455      0.012029      0.012029      0.024058
     -0.445445      0.004054      0.004054      0.008109
     -0.435435      0.001262      0.001262      0.002524
     -0.425425      0.000365      0.000365      0.000730
     -0.415415      0.000109      0.000109      0.000219
     -0.405405      0.000080      0.000080      0.000160
     -0.395395      0.000226      0.000226      0.000451
     -0.385385      0.000792      0.000792      0.001584
     -0.375375      0.002622      0.002622      0.005243
     -0.365365      0.008020      0.008020      0.016039
     -0.355355      0.022643      0.022643      0.045286
     -0.345345      0.059008      0.059008      0.118015
     -0.335335      0.141928      0.141928      0.283856
     -0.325325      0.315076      0.315076      0.630152
     -0.315315      0.645579      0.645579      1.291158
     -0.305305      1.220873      1.220873      2.441746
     -0.295295      2.130975      2.130975      4.261950
     -0.285285      3.432995      3.432995      6.865990
     -0.275275      5.104518      5.104518     10.209037
     -0.265265      7.005244      7.005244     14.010487
     -0.255255      8.873165      8.873165     17.746330
     -0.245245     10.373391     10.373391     20.746782
     -0.235235     11.193084     11.193084     22.386168
     -0.225225     11.147196     11.147196     22.294392
     -0.215215     10.246330     10.246330     20.492661
     -0.205205      8.692765      8.692765     17.385530
     -0.195195      6.806665      6.806665     13.613329
     -0.185185      4.919236      4.919236      9.838471
     -0.175175      3.281314      3.281314      6.562627
     -0.165165      2.020155      2.020155      4.040310
     -0.155155      1.147912      1.147912      2.295824
     -0.145145      0.602031      0.602031      1.204063
     -0.135135      0.291418      0.291418      0.582836
     -0.125125      0.130197      0.130197      0.260394
     -0.115115      0.053687      0.053687      0.107375
     -0.105105      0.020433      0.020433      0.040866
     -0.095095      0.007178      0.007178      0.014355
     -0.085085      0.002327      0.002327      0.004654
     -0.075075      0.000696      0.000696      0.001393
     -0.065065      0.000192      0.000192      0.000385
     -0.055055      0.000049      0.000049      0.000098
     -0.045045      0.000012      0.000012      0.000023
     -0.035035      0.000003      0.000003      0.000005
     -0.025025      0.000001      0.000001      0.000001
     -0.015015      0.000000      0.000000      0.000000
     -0.005005      0.000000      0.000000      0.000000
      0.005005      0.000000      0.000000      0.000000
      0.015015      0.000000      0.000000      0.000000
      0.025025      0.000001      0.000001      0.000001
      0.035035      0.000003      0.000003      0.000005
      0.045045      0.000012      0.000012      0.000023
      0.055055      0.000049      0.000049      0.000098
      0.065065      0.000192      0.000192      0.000385
      0.075075      0.000696      0.000696      0.001393
      0.085085      0.002327      0.002327      0.004654
      0.095095      0.007178      0.007178      0.014355
      0.105105      0.020433      0.020433      0.040866
      0.115115      0.053687      0.053687      0.107375
      0.125125      0.130197      0.130197      0.260394
      0.135135      0.291418      0.291418      0.582836
      0.145145      0.602031      0.602031      1.204061
      0.155155      1.147910      1.147910      2.295821
      0.165165      2.020153      2.020153      4.040306
      0.175175      3.281311      3.281311      6.562621
      0.185185      4.919232      4.919232      9.838464
      0.195195      6.806661      6.806661     13.613321
      0.205205      8.692761      8.692761     17.385522
      0.215215     10.246328     10.246328     20.492656
      0.225225     11.147195     11.147195     22.294390
      0.235235     11.193085     11.193085     22.386170
      0.245245     10.373393     10.373393     20.746786
      0.255255      8.873169      8.873169     17.746337
      0.265265      7.005248      7.005248     14.010495
      0.275275      5.104522      5.104522     10.209044
      0.285285      3.432998      3.432998      6.865996
      0.295295      2.130977      2.130977      4.261955
      0.305305      1.220874      1.220874      2.441749
      0.315315      0.645580      0.645580      1.291160
      0.325325      0.315076      0.315076      0.630153
      0.335335      0.141928      0.141928      0.283856
      0.345345      0.059008      0.059008      0.118015
      0.355355      0.022643      0.022643      0.045286
      0.365365      0.008020      0.008020      0.016039
      0.375375      0.002622      0.002622      0.005245
      0.385385      0.000795      0.000795      0.001591
      0.395395      0.000240      0.000240      0.000480
      0.405405      0.000138      0.000138      0.000276
      0.415415      0.000323      0.000323      0.000647
      0.425425      0.001093      0.001093      0.002186
      0.435435      0.003538      0.003538      0.007076
      0.445445      0.010598      0.010598      0.021195
      0.455455      0.029302      0.029302      0.058604
      0.465465      0.074780      0.074780      0.149559
      0.475475      0.176139      0.176139      0.352277
      0.485485      0.382924      0.382924      0.765847
      0.495495      0.768346      0.768346      1.536693
      0.505506      1.422947      1.422947      2.845894
      0.515516      2.432245      2.432245      4.864489
      0.525526      3.837184      3.837184      7.674367
      0.535536      5.587336      5.587336     11.174672
      0.545546      7.509032      7.509032     15.018063
      0.555556      9.314298      9.314298     18.628595
      0.565566     10.663602     10.663602     21.327204
      0.575576     11.268019     11.268019     22.536038
      0.585586     10.989789     10.989789     21.979578
      0.595596      9.893741      9.893741     19.787482
      0.605606      8.223930      8.223930     16.447859
      0.615616      6.318178      6.318178     12.636357
      0.625626      4.503719      4.503719      9.007437
      0.635636      3.021145      3.021145      6.042290
      0.645646      2.001949      2.001949      4.003898
      0.655656      1.493567      1.493567      2.987134
      0.665666      1.503805      1.503805      3.007609
      0.675676      2.032676      2.032676      4.065353
      0.685686      3.071789      3.071789      6.143578
      0.695696      4.571799      4.571799      9.143599
      0.705706      6.398768      6.398768     12.797535
      0.715716      8.311997      8.311997     16.623995
      0.725726      9.991532      9.991532     19.983065
      0.735736     11.120732     11.120732     22.241464
      0.745746     11.497211     11.497211     22.994422
      0.755756     11.122402     11.122402     22.244803
      0.765766     10.222495     10.222495     20.444990
      0.775776      9.182755      9.182755     18.365509
      0.785786      8.416920      8.416920     16.833841
      0.795796      8.221865      8.221865     16.443731
      0.805806      8.672529      8.672529     17.345059
      0.815816      9.595390      9.595390     19.190780
      0.825826     10.629890     10.629890     21.259781
      0.835836     11.355846     11.355846     22.711693
      0.845846     11.439672     11.439672     22.879344
      0.855856     10.743313     10.743313     21.486625
      0.865866      9.354678      9.354678     18.709356
      0.875876      7.533531      7.533531     15.067062
      0.885886      5.604741      5.604741     11.209482
      0.895896      3.850161      3.850161      7.700322
      0.905906      2.441582      2.441582      4.883164
      0.915916      1.429227      1.429227      2.858454
      0.925926      0.772395      0.772395      1.544790
      0.935936      0.385944      0.385944      0.771888
      0.945946      0.180187      0.180187      0.360374
      0.955956      0.084290      0.084290      0.168579
      0.965966      0.054732      0.054732      0.109463
      0.975976      0.075835      0.075835      0.151671
      0.985986      0.158970      0.158970      0.317940
      0.995996      0.343274      0.343274      0.686548
      1.006006      0.695925      0.695925      1.391851
      1.016016      1.306011      1.306011      2.612023
      1.026026      2.265065      2.265065      4.530130
      1.036036      3.631887      3.631887      7.263774
      1.046046      5.389878      5.389878     10.779755
      1.056056      7.417295      7.417295     14.834589
      1.066066      9.495069      9.495069     18.990139
      1.076076     11.364203     11.364203     22.728406
      1.086086     12.816785     12.816785     25.633570
      1.096096     13.777367     13.777367     27.554735
      1.106106     14.327077     14.327077     28.654154
      1.116116     14.651620     14.651620     29.303239
      1.126126     14.941099     14.941099     29.882198
      1.136136     15.301269     15.301269     30.602538
      1.146146     15.726704     15.726704     31.453408
      1.156156     16.141496     16.141496     32.282992
      1.166166     16.466886     16.466886     32.933771
      1.176176     16.663937     16.663937     33.327874
      1.186186     16.729779     16.729779     33.459557
      1.196196     16.669170     16.669170     33.338341
      1.206206     16.480344     16.480344     32.960688
      1.216216     16.171533     16.171533     32.343067
      1.226226     15.786039     15.786039     31.572078
      1.236236     15.397836     15.397836     30.795671
      1.246246     15.063682     15.063682     30.127364
      1.256256     14.760804     14.760804     29.521609
      1.266266     14.361875     14.361875     28.723749
      1.276276     13.678781     13.678781     27.357562
      1.286286     12.558456     12.558456     25.116913
      1.296296     10.976298     10.976298     21.952596
      1.306306      9.074519      9.074519     18.149038
      1.316316      7.130289      7.130289     14.260578
      1.326326      5.480998      5.480998     10.961996
      1.336336      4.450522      4.450522      8.901044
      1.346346      4.303642      4.303642      8.607285
      1.356356      5.224130      5.224130     10.448260
      1.366366      7.292527      7.292527     14.585054
      1.376376     10.447293     10.447293     20.894586
      1.386386     14.440693     14.440693     28.881385
      1.396396     18.825348     18.825348     37.650696
      1.406406     23.006057     23.006057     46.012115
      1.416416     26.359851     26.359851     52.719702
      1.426426     28.385054     28.385054     56.770108
      1.436436     28.818265     28.818265     57.636531
      1.446446     27.674064     27.674064     55.348129
      1.456456     25.204378     25.204378     50.408755
      1.466466     21.811715     21.811715     43.623431
      1.476476     17.959221     17.959221     35.918442
      1.486486     14.102844     14.102844     28.205687
      1.496496     10.647982     10.647982     21.295963
      1.506507      7.922155      7.922155     15.844310
      1.516517      6.157021      6.157021     12.314042
      1.526527      5.477242      5.477242     10.954485
      1.536537      5.894480      5.894480     11.788960
      1.546547      7.305246      7.305246     14.610492
      1.556557      9.495878      9.495878     18.991755
      1.566567     12.163550     12.163550     24.327100
      1.576577     14.961212     14.961212     29.922423
      1.586587     17.563471     17.563471     35.126942
      1.596597     19.736666     19.736666     39.473333
      1.606607     21.390236     21.390236     42.780472
      1.616617     22.592080     22.592080     45.184161
      1.626627     23.542378     23.542378     47.084755
      1.636637     24.510651     24.510651     49.021302
      1.646647     25.748481     25.748481     51.496962
      1.656657     27.398503     27.398503     54.797006
      1.666667     29.429250     29.429250     58.858500
      1.676677     31.627072     31.627072     63.254143
      1.686687     33.660916     33.660916     67.321833
      1.696697     35.202729     35.202729     70.405458
      1.706707     36.050519     36.050519     72.101037
      1.716717     36.187928     36.187928     72.375856
      1.726727     35.741745     35.741745     71.483490
      1.736737     34.860056     34.860056     69.720112
      1.746747     33.591390     33.591390     67.182780
      1.756757     31.854034     31.854034     63.708068
      1.766767     29.528971     29.528971     59.057941
      1.776777     26.623309     26.623309     53.246617
      1.786787     23.395455     23.395455     46.790910
      1.796797     20.349691     20.349691     40.699383
      1.806807     18.084110     18.084110     36.168221
      1.816817     17.059632     17.059632     34.119265
      1.826827     17.399134     17.399134     34.798268
      1.836837     18.809320     18.809320     37.618639
      1.846847     20.661986     20.661986     41.323973
      1.856857     22.205309     22.205309     44.410619
      1.866867     22.824266     22.824266     45.648532
      1.876877     22.248852     22.248852     44.497704
      1.886887     20.628152     20.628152     41.256303
      1.896897     18.443336     18.443336     36.886671
      1.906907     16.301730     16.301730     32.603460
      1.916917     14.705129     14.705129     29.410259
      1.926927     13.893268     13.893268     27.786536
      1.936937     13.823675     13.823675     27.647351
      1.946947     14.281188     14.281188     28.562376
      1.956957     15.046617     15.046617     30.093234
      1.966967     16.026100     16.026100     32.052199
      1.976977     17.266991     17.266991     34.533983
      1.986987     18.853775     18.853775     37.707549
      1.996997     20.753225     20.753225     41.506449
      2.007007     22.716067     22.716067     45.432133
      2.017017     24.313851     24.313851     48.627701
      2.027027     25.106583     25.106583     50.213167
      2.037037     24.849651     24.849651     49.699302
      2.047047     23.616357     23.616357     47.232714
      2.057057     21.759795     21.759795     43.519591
      2.067067     19.735409     19.735409     39.470818
      2.077077     17.888970     17.888970     35.777940
      2.087087     16.330028     16.330028     32.660056
      2.097097     14.952224     14.952224     29.904449
      2.107107     13.572297     13.572297     27.144595
      2.117117     12.097442     12.097442     24.194885
      2.127127     10.628820     10.628820     21.257640
      2.137137      9.457348      9.457348     18.914696
      2.147147      8.968079      8.968079     17.936157
      2.157157      9.505611      9.505611     19.011222
      2.167167     11.254028     11.254028     22.508056
      2.177177     14.163772     14.163772     28.327545
      2.187187     17.934974     17.934974     35.869949
      2.197197     22.053662     22.053662     44.107323
      2.207207     25.873252     25.873252     51.746504
      2.217217     28.731405     28.731405     57.462811
      2.227227     30.085479     30.085479     60.170958
      2.237237     29.638361     29.638361     59.276723
      2.247247     27.417355     27.417355     54.834710
      2.257257     23.773152     23.773152     47.546304
      2.267267     19.289890     19.289890     38.579780
      2.277277     14.633524     14.633524     29.267048
      2.287287     10.394494     10.394494     20.788989
      2.297297      6.983007      6.983007     13.966014
      2.307307      4.608337      4.608337      9.216675
      2.317317      3.333266      3.333266      6.666531
      2.327327      3.163371      3.163371      6.326742
      2.337337      4.122051      4.122051      8.244102
      2.347347      6.274680      6.274680     12.549360
      2.357357      9.689481      9.689481     19.378962
      2.367367     14.348458     14.348458     28.696916
      2.377377     20.042764     20.042764     40.085527
      2.387387     26.298946     26.298946     52.597892
      2.397397     32.381003     32.381003     64.762005
      2.407407     37.393874     37.393874     74.787748
      2.417417     40.477565     40.477565     80.955131
      2.427427     41.037955     41.037955     82.075910
      2.437437     38.930920     38.930920     77.861840
      2.447447     34.521688     34.521688     69.043376
      2.457457     28.587358     28.587358     57.174716
      2.467467     22.098254     22.098254     44.196508
      2.477477     15.966720     15.966720     31.933441
      2.487487     10.859749     10.859749     21.719498
      2.497497      7.131733      7.131733     14.263466
      2.507508      4.871862      4.871862      9.743723
      2.517518      4.012728      4.012728      8.025456
      2.527528      4.434231      4.434231      8.868462
      2.537538      6.017749      6.017749     12.035499
      2.547548      8.641627      8.641627     17.283255
      2.557558     12.139717     12.139717     24.279434
      2.567568     16.257903     16.257903     32.515805
      2.577578     20.638364     20.638364     41.276728
      2.587588     24.845532     24.845532     49.691065
      2.597598     28.430730     28.430730     56.861459
      2.607608     31.019734     31.019734     62.039469
      2.617618     32.398988     32.398988     64.797975
      2.627628     32.572066     32.572066     65.144133
      2.637638     31.762735     31.762735     63.525471
      2.647648     30.358801     30.358801     60.717602
      2.657658     28.817057     28.817057     57.634114
      2.667668     27.567661     27.567661     55.135322
      2.677678     26.951737     26.951737     53.903474
      2.687688     27.200857     27.200857     54.401713
      2.697698     28.440133     28.440133     56.880265
      2.707708     30.687153     30.687153     61.374306
      2.717718     33.831108     33.831108     67.662216
      2.727728     37.599733     37.599733     75.199465
      2.737738     41.541847     41.541847     83.083694
      2.747748     45.060141     45.060141     90.120281
      2.757758     47.515961     47.515961     95.031922
      2.767768     48.394363     48.394363     96.788726
      2.777778     47.475076     47.475076     94.950152
      2.787788     44.929546     44.929546     89.859092
      2.797798     41.281621     41.281621     82.563243
      2.807808     37.231141     37.231141     74.462283
      2.817818     33.412579     33.412579     66.825157
      2.827828     30.198002     30.198002     60.396003
      2.837838     27.629712     27.629712     55.259424
      2.847848     25.498971     25.498971     50.997942
      2.857858     23.516495     23.516495     47.032989
      2.867868     21.485504     21.485504     42.971007
      2.877878     19.399429     19.399429     38.798859
      2.887888     17.429683     17.429683     34.859366
      2.897898     15.821300     15.821300     31.642600
      2.907908     14.755156     14.755156     29.510312
      2.917918     14.249224     14.249224     28.498447
      2.927928     14.150116     14.150116     28.300232
      2.937938     14.216757     14.216757     28.433513
      2.947948     14.244952     14.244952     28.489905
      2.957958     14.157010     14.157010     28.314020
      2.967968     14.002640     14.002640     28.005280
      2.977978     13.874752     13.874752     27.749504
      2.987988     13.799427     13.799427     27.598855
      2.997998     13.675718     13.675718     27.351436
      3.008008     13.306954     13.306954     26.613909
      3.018018     12.505077     12.505077     25.010153
      3.028028     11.204590     11.204590     22.409179
      3.038038      9.521354      9.521354     19.042708
      3.048048      7.729347      7.729347     15.458694
      3.058058      6.175269      6.175269     12.350538
      3.068068      5.175366      5.175366     10.350731
      3.078078      4.932121      4.932121      9.864241
      3.088088      5.486022      5.486022     10.972043
      3.098098      6.701744      6.701744     13.403489
      3.108108      8.287847      8.287847     16.575693
      3.118118      9.854698      9.854698     19.709396
      3.128128     11.011032     11.011032     22.022064
      3.138138     11.480679     11.480679     22.961359
      3.148148     11.200542     11.200542     22.401084
      3.158158     10.357650     10.357650     20.715300
      3.168168      9.344343      9.344343     18.688685
      3.178178      8.644455      8.644455     17.288910
      3.188188      8.689183      8.689183     17.378365
      3.198198      9.727032      9.727032     19.454064
      3.208208     11.741825     11.741825     23.483650
      3.218218     14.437725     14.437725     28.875450
      3.228228     17.296998     17.296998     34.593996
      3.238238     19.701986     19.701986     39.403971
      3.248248     21.094049     21.094049     42.188098
      3.258258     21.124073     21.124073     42.248147
      3.268268     19.743960     19.743960     39.487920
      3.278278     17.205655     17.205655     34.411311
      3.288288     13.969630     13.969630     27.939260
      3.298298     10.561088     10.561088     21.122176
      3.308308      7.430238      7.430238     14.860476
      3.318318      4.864021      4.864021      9.728041
      3.328328      2.968164      2.968164      5.936327
      3.338338      1.707567      1.707567      3.415133
      3.348348      0.975168      0.975168      1.950336
      3.358358      0.659030      0.659030      1.318060
      3.368368      0.688150      0.688150      1.376301
      3.378378      1.049460      1.049460      2.098920
      3.388388      1.775836      1.775836      3.551672
      3.398398      2.908887      2.908887      5.817775
      3.408408      4.445713      4.445713      8.891426
      3.418418      6.287906      6.287906     12.575812
      3.428428      8.219008      8.219008     16.438015
      3.438438      9.933732      9.933732     19.867463
      3.448448     11.122652     11.122652     22.245304
      3.458458     11.585740     11.585740     23.171481
      3.468468     11.324925     11.324925     22.649850
      3.478478     10.567292     10.567292     21.134583
      3.488488      9.699855      9.699855     19.399710
      3.498498      9.138664      9.138664     18.277327
      3.508509      9.186130      9.186130     18.372261
      3.518519      9.935168      9.935168     19.870336
      3.528529     11.256435     11.256435     22.512870
      3.538539     12.867289     12.867289     25.734577
      3.548549     14.444849     14.444849     28.889698
      3.558559     15.727692     15.727692     31.455385
      3.568569     16.561816     16.561816     33.123631
      3.578579     16.882818     16.882818     33.765636
      3.588589     16.666137     16.666137     33.332275
      3.598599     15.893122     15.893122     31.786245
      3.608609     14.560694     14.560694     29.121388
      3.618619     12.722426     12.722426     25.444853
      3.628629     10.521342     10.521342     21.042684
      3.638639      8.180643      8.180643     16.361287
      3.648649      5.950652      5.950652     11.901304
      3.658659      4.041201      4.041201      8.082402
      3.668669      2.576209      2.576209      5.152418
      3.678679      1.590055      1.590055      3.180110
      3.688689      1.059921      1.059921      2.119842
      3.698699      0.951386      0.951386      1.902771
      3.708709      1.252344      1.252344      2.504688
      3.718719      1.978581      1.978581      3.957163
      3.728729      3.147029      3.147029      6.294057
      3.738739      4.726499      4.726499      9.452998
      3.748749      6.588599      6.588599     13.177198
      3.758759      8.488252      8.488252     16.976504
      3.768769     10.096494     10.096494     20.192988
      3.778779     11.085197     11.085197     22.170394
      3.788789     11.233398     11.233398     22.466796
      3.798799     10.506732     10.506732     21.013464
      3.808809      9.070088      9.070088     18.140175
      3.818819      7.226737      7.226737     14.453475
      3.828829      5.314471      5.314471     10.628942
      3.838839      3.607158      3.607158      7.214317
      3.848849      2.259754      2.259754      4.519508
      3.858859      1.306687      1.306687      2.613375
      3.868869      0.697690      0.697690      1.395381
      3.878879      0.344901      0.344901      0.689801
      3.888889      0.160783      0.160783      0.321566
      3.898899      0.079188      0.079188      0.158376
      3.908909      0.062495      0.062495      0.124990
      3.918919      0.102122      0.102122      0.204244
      3.928929      0.218422      0.218422      0.436843
      3.938939      0.461739      0.461739      0.923478
      3.948949      0.911596      0.911596      1.823193
      3.958959      1.667719      1.667719      3.335439
      3.968969      2.827387      2.827387      5.654774
      3.978979      4.450081      4.450081      8.900161
      3.988989      6.521248      6.521248     13.042495
      3.998999      8.935492      8.935492     17.870984
      4.009009     11.516428     11.516428     23.032856
      4.019019     14.071791     14.071791     28.143581
      4.029029     16.456854     16.456854     32.913707
      4.039039     18.606089     18.606089     37.212179
      4.049049     20.507716     20.507716     41.015431
      4.059059     22.134082     22.134082     44.268163
      4.069069     23.376908     23.376908     46.753815
      4.079079     24.041457     24.041457     48.082914
      4.089089     23.919739     23.919739     47.839478
      4.099099     22.910929     22.910929     45.821857
      4.109109     21.122145     21.122145     42.244290
      4.119119     18.887788     18.887788     37.775575
      4.129129     16.687624     16.687624     33.375248
      4.139139     14.997652     14.997652     29.995303
      4.149149     14.143296     14.143296     28.286591
      4.159159     14.222739     14.222739     28.445478
      4.169169     15.129834     15.129834     30.259669
      4.179179     16.651217     16.651217     33.302435
      4.189189     18.572136     18.572136     37.144273
      4.199199     20.726293     20.726293     41.452585
      4.209209     22.969246     22.969246     45.938493
      4.219219     25.114314     25.114314     50.228628
      4.229229     26.900398     26.900398     53.800795
      4.239239     28.036767     28.036767     56.073533
      4.249249     28.307195     28.307195     56.614390
      4.259259     27.665254     27.665254     55.330508
      4.269269     26.256103     26.256103     52.512205
      4.279279     24.354300     24.354300     48.708600
      4.289289     22.265080     22.265080     44.530159
      4.299299     20.250657     20.250657     40.501314
      4.309309     18.507829     18.507829     37.015658
      4.319319     17.176634     17.176634     34.353269
      4.329329     16.345242     16.345242     32.690485
      4.339339     16.040638     16.040638     32.081276
      4.349349     16.225885     16.225885     32.451769
      4.359359     16.826226     16.826226     33.652452
      4.369369     17.774460     17.774460     35.548920
      4.379379     19.033998     19.033998     38.067996
      4.389389     20.563388     20.563388     41.126776
      4.399399     22.233024     22.233024     44.466048
      4.409409     23.756445     23.756445     47.512890
      4.419419     24.707622     24.707622     49.415245
      4.429429     24.646106     24.646106     49.292212
      4.439439     23.296481     23.296481     46.592962
      4.449449     20.683778     20.683778     41.367556
      4.459459     17.146847     17.146847     34.293693
      4.469469     13.222638     13.222638     26.445275
      4.479479      9.465328      9.465328     18.930655
      4.489489      6.289895      6.289895     12.579790
      4.499499      3.901726      3.901726      7.803451
      4.509510      2.319993      2.319993      4.639986
      4.519520      1.459521      1.459521      2.919042
      4.529530      1.222472      1.222472      2.444945
      4.539540      1.562448      1.562448      3.124895
      4.549550      2.503208      2.503208      5.006416
      4.559560      4.110642      4.110642      8.221285
      4.569570      6.428571      6.428571     12.857142
      4.579580      9.400239      9.400239     18.800478
      4.589590     12.807875     12.807875     25.615750
      4.599600     16.265498     16.265498     32.530997
      4.609610     19.286550     19.286550     38.573100
      4.619620     21.416975     21.416975     42.833951
      4.629630     22.388290     22.388290     44.776580
      4.639640     22.224667     22.224667     44.449334
      4.649650     21.249466     21.249466     42.498932
      4.659660     19.979207     19.979207     39.958414
      4.669670     18.946369     18.946369     37.892737
      4.679680     18.526983     18.526983     37.053966
      4.689690     18.844255     18.844255     37.688511
      4.699700     19.777758     19.777758     39.555516
      4.709710     21.054402     21.054402     42.108804
      4.719720     22.363969     22.363969     44.727938
      4.729730     23.445353     23.445353     46.890706
      4.739740     24.121603     24.121603     48.243207
      4.749750     24.297261     24.297261     48.594522
      4.759760     23.947644     23.947644     47.895288
      4.769770     23.120634     23.120634     46.241267
      4.779780     21.948659     21.948659     43.897318
      4.789790     20.650901     20.650901     41.301803
      4.799800     19.507018     19.507018     39.014035
      4.809810     18.803560     18.803560     37.607119
      4.819820     18.776838     18.776838     37.553676
      4.829830     19.580271     19.580271     39.160542
      4.839840     21.282460     21.282460     42.564920
      4.849850     23.871636     23.871636     47.743272
      4.859860     27.233986     27.233986     54.467972
      4.869870     31.103376     31.103376     62.206753
      4.879880     35.026754     35.026754     70.053507
      4.889890     38.407406     38.407406     76.814813
      4.899900     40.649477     40.649477     81.298954
      4.909910     41.353046     41.353046     82.706092
      4.919920     40.458117     40.458117     80.916234
      4.929930     38.253070     38.253070     76.506140
      4.939940     35.239858     35.239858     70.479716
      4.949950     31.929110     31.929110     63.858221
      4.959960     28.668865     28.668865     57.337731
      4.969970     25.578623     25.578623     51.157246
      4.979980     22.596530     22.596530     45.193060
      4.989990     19.593747     19.593747     39.187495
      5.000000     16.490269     16.490269     32.980538
