# EIG2DOS: Utility for SIESTA to obtain the electronic density of states
#  E. Artacho, Apr 1999, A. Garcia, Apr 2012
#  Nick R. Papior, Feb 2017
# ------------------------------------------
# Eigenvalues calculated from a non-polarized calculation
# Eigenvalues read from siesta.EIG
# Kpoint weights read from siesta.KP
# Using smearing parameter:   0.0500
# Using 1000 points in the energy range
# Selected bands: 1 to: 2981
# Emin, Emax in file for selected band(s):    -27.2847636    218.3901600
# Nbands, Nspin, Nk   =   2981     1     1
# E_F                 =    -4.2047 eV --> (shifted to ZERO)
# Broadening          =     0.0500 eV
#
#        E            N(up)  (=)   N(down)         Ntot
     -5.000000     33.533983     33.533983     67.067965
     -4.989990     38.321346     38.321346     76.642692
     -4.979980     42.531893     42.531893     85.063786
     -4.969970     45.432945     45.432945     90.865890
     -4.959960     46.488263     46.488263     92.976527
     -4.949950     45.537641     45.537641     91.075283
     -4.939940     42.855217     42.855217     85.710433
     -4.929930     39.081551     39.081551     78.163101
     -4.919920     35.078510     35.078510     70.157019
     -4.909910     31.766632     31.766632     63.533263
     -4.899900     29.974737     29.974737     59.949475
     -4.889890     30.296321     30.296321     60.592642
     -4.879880     32.944362     32.944362     65.888724
     -4.869870     37.631624     37.631624     75.263247
     -4.859860     43.543604     43.543604     87.087209
     -4.849850     49.469898     49.469898     98.939796
     -4.839840     54.098896     54.098896    108.197792
     -4.829830     56.390511     56.390511    112.781022
     -4.819820     55.881456     55.881456    111.762911
     -4.809810     52.793246     52.793246    105.586491
     -4.799800     47.901988     47.901988     95.803976
     -4.789790     42.240135     42.240135     84.480271
     -4.779780     36.769216     36.769216     73.538431
     -4.769770     32.154089     32.154089     64.308177
     -4.759760     28.698552     28.698552     57.397105
     -4.749750     26.417719     26.417719     52.835438
     -4.739740     25.170218     25.170218     50.340436
     -4.729730     24.769599     24.769599     49.539199
     -4.719720     25.027729     25.027729     50.055457
     -4.709710     25.731223     25.731223     51.462447
     -4.699700     26.594381     26.594381     53.188761
     -4.689690     27.250710     27.250710     54.501420
     -4.679680     27.327317     27.327317     54.654633
     -4.669670     26.595099     26.595099     53.190198
     -4.659660     25.129657     25.129657     50.259314
     -4.649650     23.390566     23.390566     46.781132
     -4.639640     22.151652     22.151652     44.303304
     -4.629630     22.280016     22.280016     44.560033
     -4.619620     24.431624     24.431624     48.863248
     -4.609610     28.773731     28.773731     57.547461
     -4.599600     34.845057     34.845057     69.690113
     -4.589590     41.624810     41.624810     83.249621
     -4.579580     47.810589     47.810589     95.621178
     -4.569570     52.221924     52.221924    104.443848
     -4.559560     54.183551     54.183551    108.367102
     -4.549550     53.736248     53.736248    107.472495
     -4.539540     51.587145     51.587145    103.174291
     -4.529530     48.820439     48.820439     97.640878
     -4.519520     46.489885     46.489885     92.979769
     -4.509510     45.257407     45.257407     90.514815
     -4.499499     45.211104     45.211104     90.422208
     -4.489489     45.911830     45.911830     91.823661
     -4.479479     46.622411     46.622411     93.244822
     -4.469469     46.608430     46.608430     93.216861
     -4.459459     45.388017     45.388017     90.776034
     -4.449449     42.848625     42.848625     85.697251
     -4.439439     39.217980     39.217980     78.435961
     -4.429429     34.939465     34.939465     69.878930
     -4.419419     30.529783     30.529783     61.059566
     -4.409409     26.478914     26.478914     52.957827
     -4.399399     23.205464     23.205464     46.410928
     -4.389389     21.038095     21.038095     42.076191
     -4.379379     20.185163     20.185163     40.370326
     -4.369369     20.683477     20.683477     41.366953
     -4.359359     22.357162     22.357162     44.714323
     -4.349349     24.833564     24.833564     49.667128
     -4.339339     27.638723     27.638723     55.277446
     -4.329329     30.346186     30.346186     60.692371
     -4.319319     32.714812     32.714812     65.429624
     -4.309309     34.749928     34.749928     69.499857
     -4.299299     36.657040     36.657040     73.314080
     -4.289289     38.705289     38.705289     77.410578
     -4.279279     41.054309     41.054309     82.108618
     -4.269269     43.612263     43.612263     87.224525
     -4.259259     45.986305     45.986305     91.972610
     -4.249249     47.561680     47.561680     95.123361
     -4.239239     47.701569     47.701569     95.403139
     -4.229229     46.003773     46.003773     92.007546
     -4.219219     42.507298     42.507298     85.014595
     -4.209209     37.744905     37.744905     75.489810
     -4.199199     32.599837     32.599837     65.199673
     -4.189189     28.019609     28.019609     56.039217
     -4.179179     24.712651     24.712651     49.425301
     -4.169169     22.960366     22.960366     45.920732
     -4.159159     22.615480     22.615480     45.230959
     -4.149149     23.265773     23.265773     46.531546
     -4.139139     24.470040     24.470040     48.940081
     -4.129129     25.950791     25.950791     51.901582
     -4.119119     27.657452     27.657452     55.314904
     -4.109109     29.677455     29.677455     59.354909
     -4.099099     32.046479     32.046479     64.092958
     -4.089089     34.565158     34.565158     69.130315
     -4.079079     36.738493     36.738493     73.476986
     -4.069069     37.899664     37.899664     75.799328
     -4.059059     37.479392     37.479392     74.958784
     -4.049049     35.290292     35.290292     70.580585
     -4.039039     31.674033     31.674033     63.348065
     -4.029029     27.428355     27.428355     54.856710
     -4.019019     23.549976     23.549976     47.099951
     -4.009009     20.922234     20.922234     41.844468
     -3.998999     20.088448     20.088448     40.176896
     -3.988989     21.186077     21.186077     42.372153
     -3.978979     24.024383     24.024383     48.048765
     -3.968969     28.227871     28.227871     56.455742
     -3.958959     33.366383     33.366383     66.732765
     -3.948949     39.034814     39.034814     78.069628
     -3.938939     44.890845     44.890845     89.781689
     -3.928929     50.674524     50.674524    101.349049
     -3.918919     56.216270     56.216270    112.432541
     -3.908909     61.416105     61.416105    122.832210
     -3.898899     66.177330     66.177330    132.354660
     -3.888889     70.308787     70.308787    140.617574
     -3.878879     73.447385     73.447385    146.894770
     -3.868869     75.062901     75.062901    150.125803
     -3.858859     74.575257     74.575257    149.150514
     -3.848849     71.556248     71.556248    143.112495
     -3.838839     65.937221     65.937221    131.874441
     -3.828829     58.130649     58.130649    116.261298
     -3.818819     49.004422     49.004422     98.008844
     -3.808809     39.706803     39.706803     79.413607
     -3.798799     31.398559     31.398559     62.797118
     -3.788789     24.980861     24.980861     49.961722
     -3.778779     20.902821     20.902821     41.805642
     -3.768769     19.098629     19.098629     38.197258
     -3.758759     19.060038     19.060038     38.120077
     -3.748749     20.012859     20.012859     40.025718
     -3.738739     21.145106     21.145106     42.290213
     -3.728729     21.828966     21.828966     43.657933
     -3.718719     21.784400     21.784400     43.568800
     -3.708709     21.145157     21.145157     42.290314
     -3.698699     20.407176     20.407176     40.814351
     -3.688689     20.265121     20.265121     40.530243
     -3.678679     21.374045     21.374045     42.748091
     -3.668669     24.103324     24.103324     48.206649
     -3.658659     28.366053     28.366053     56.732105
     -3.648649     33.593835     33.593835     67.187671
     -3.638639     38.878758     38.878758     77.757516
     -3.628629     43.236015     43.236015     86.472031
     -3.618619     45.886234     45.886234     91.772468
     -3.608609     46.449601     46.449601     92.899202
     -3.598599     44.991346     44.991346     89.982692
     -3.588589     41.930464     41.930464     83.860928
     -3.578579     37.875329     37.875329     75.750658
     -3.568569     33.455457     33.455457     66.910915
     -3.558559     29.190216     29.190216     58.380432
     -3.548549     25.406188     25.406188     50.812375
     -3.538539     22.206072     22.206072     44.412144
     -3.528529     19.495304     19.495304     38.990607
     -3.518519     17.066351     17.066351     34.132702
     -3.508509     14.717635     14.717635     29.435271
     -3.498498     12.361021     12.361021     24.722041
     -3.488488     10.071866     10.071866     20.143733
     -3.478478      8.063330      8.063330     16.126660
     -3.468468      6.603036      6.603036     13.206072
     -3.458458      5.911395      5.911395     11.822790
     -3.448448      6.078726      6.078726     12.157451
     -3.438438      7.023963      7.023963     14.047926
     -3.428428      8.505596      8.505596     17.011192
     -3.418418     10.187983     10.187983     20.375966
     -3.408408     11.754567     11.754567     23.509135
     -3.398398     13.038294     13.038294     26.076587
     -3.388388     14.118249     14.118249     28.236499
     -3.378378     15.329750     15.329750     30.659500
     -3.368368     17.164188     17.164188     34.328375
     -3.358358     20.084622     20.084622     40.169245
     -3.348348     24.325301     24.325301     48.650602
     -3.338338     29.752487     29.752487     59.504973
     -3.328328     35.836233     35.836233     71.672465
     -3.318318     41.737944     41.737944     83.475888
     -3.308308     46.483376     46.483376     92.966753
     -3.298298     49.177180     49.177180     98.354360
     -3.288288     49.214430     49.214430     98.428860
     -3.278278     46.442759     46.442759     92.885518
     -3.268268     41.226503     41.226503     82.453006
     -3.258258     34.378635     34.378635     68.757270
     -3.248248     26.967773     26.967773     53.935545
     -3.238238     20.060287     20.060287     40.120575
     -3.228228     14.486407     14.486407     28.972814
     -3.218218     10.701926     10.701926     21.403852
     -3.208208      8.766504      8.766504     17.533008
     -3.198198      8.412594      8.412594     16.825188
     -3.188188      9.163462      9.163462     18.326923
     -3.178178     10.470969     10.470969     20.941938
     -3.168168     11.857950     11.857950     23.715901
     -3.158158     13.046207     13.046207     26.092415
     -3.148148     14.034545     14.034545     28.069091
     -3.138138     15.085518     15.085518     30.171036
     -3.128128     16.603350     16.603350     33.206701
     -3.118118     18.934070     18.934070     37.868140
     -3.108108     22.165426     22.165426     44.330852
     -3.098098     26.018314     26.018314     52.036628
     -3.088088     29.889254     29.889254     59.778508
     -3.078078     33.036424     33.036424     66.072847
     -3.068068     34.832027     34.832027     69.664053
     -3.058058     34.968485     34.968485     69.936971
     -3.048048     33.527605     33.527605     67.055209
     -3.038038     30.892521     30.892521     61.785041
     -3.028028     27.563430     27.563430     55.126861
     -3.018018     23.981877     23.981877     47.963754
     -3.008008     20.449109     20.449109     40.898219
     -2.997998     17.157558     17.157558     34.315116
     -2.987988     14.286518     14.286518     28.573037
     -2.977978     12.085398     12.085398     24.170796
     -2.967968     10.888839     10.888839     21.777677
     -2.957958     11.053534     11.053534     22.107069
     -2.947948     12.844702     12.844702     25.689403
     -2.937938     16.316036     16.316036     32.632071
     -2.927928     21.225590     21.225590     42.451180
     -2.917918     27.021455     27.021455     54.042910
     -2.907908     32.917206     32.917206     65.834411
     -2.897898     38.053088     38.053088     76.106175
     -2.887888     41.705195     41.705195     83.410389
     -2.877878     43.474679     43.474679     86.949358
     -2.867868     43.382339     43.382339     86.764677
     -2.857858     41.823181     41.823181     83.646362
     -2.847848     39.393490     39.393490     78.786980
     -2.837838     36.662545     36.662545     73.325091
     -2.827828     33.989496     33.989496     67.978992
     -2.817818     31.463954     31.463954     62.927909
     -2.807808     28.985207     28.985207     57.970414
     -2.797798     26.423482     26.423482     52.846965
     -2.787788     23.767488     23.767488     47.534975
     -2.777778     21.177485     21.177485     42.354970
     -2.767768     18.922987     18.922987     37.845974
     -2.757758     17.252984     17.252984     34.505968
     -2.747748     16.283745     16.283745     32.567490
     -2.737738     15.972763     15.972763     31.945527
     -2.727728     16.187910     16.187910     32.375820
     -2.717718     16.816250     16.816250     33.632500
     -2.707708     17.830319     17.830319     35.660637
     -2.697698     19.261063     19.261063     38.522127
     -2.687688     21.096891     21.096891     42.193782
     -2.677678     23.188493     23.188493     46.376987
     -2.667668     25.243440     25.243440     50.486880
     -2.657658     26.934930     26.934930     53.869860
     -2.647648     28.065325     28.065325     56.130651
     -2.637638     28.678505     28.678505     57.357011
     -2.627628     29.042533     29.042533     58.085067
     -2.617618     29.507979     29.507979     59.015958
     -2.607608     30.326725     30.326725     60.653450
     -2.597598     31.534234     31.534234     63.068468
     -2.587588     32.946417     32.946417     65.892833
     -2.577578     34.245320     34.245320     68.490640
     -2.567568     35.085366     35.085366     70.170732
     -2.557558     35.168754     35.168754     70.337508
     -2.547548     34.288098     34.288098     68.576196
     -2.537538     32.366167     32.366167     64.732334
     -2.527528     29.509636     29.509636     59.019271
     -2.517518     26.053596     26.053596     52.107191
     -2.507508     22.548531     22.548531     45.097061
     -2.497497     19.658282     19.658282     39.316564
     -2.487487     17.986134     17.986134     35.972267
     -2.477477     17.892010     17.892010     35.784021
     -2.467467     19.377536     19.377536     38.755071
     -2.457457     22.091063     22.091063     44.182125
     -2.447447     25.455912     25.455912     50.911824
     -2.437437     28.873678     28.873678     57.747356
     -2.427427     31.920958     31.920958     63.841917
     -2.417417     34.456601     34.456601     68.913202
     -2.407407     36.591418     36.591418     73.182835
     -2.397397     38.532443     38.532443     77.064886
     -2.387387     40.374822     40.374822     80.749643
     -2.377377     41.947245     41.947245     83.894491
     -2.367367     42.800640     42.800640     85.601279
     -2.357357     42.364631     42.364631     84.729262
     -2.347347     40.209390     40.209390     80.418781
     -2.337337     36.288444     36.288444     72.576888
     -2.327327     31.040895     31.040895     62.081790
     -2.317317     25.302302     25.302302     50.604604
     -2.307307     20.070132     20.070132     40.140263
     -2.297297     16.233077     16.233077     32.466155
     -2.287287     14.370505     14.370505     28.741010
     -2.277277     14.673353     14.673353     29.346706
     -2.267267     16.974800     16.974800     33.949599
     -2.257257     20.844046     20.844046     41.688092
     -2.247247     25.696233     25.696233     51.392465
     -2.237237     30.889622     30.889622     61.779245
     -2.227227     35.799561     35.799561     71.599122
     -2.217217     39.870210     39.870210     79.740421
     -2.207207     42.651600     42.651600     85.303200
     -2.197197     43.833068     43.833068     87.666137
     -2.187187     43.281843     43.281843     86.563686
     -2.177177     41.083154     41.083154     82.166309
     -2.167167     37.559377     37.559377     75.118754
     -2.157157     33.234805     33.234805     66.469610
     -2.147147     28.726509     28.726509     57.453017
     -2.137137     24.581566     24.581566     49.163131
     -2.127127     21.123564     21.123564     42.247127
     -2.117117     18.382561     18.382561     36.765121
     -2.107107     16.146337     16.146337     32.292674
     -2.097097     14.105964     14.105964     28.211927
     -2.087087     12.018359     12.018359     24.036718
     -2.077077      9.806066      9.806066     19.612132
     -2.067067      7.558548      7.558548     15.117095
     -2.057057      5.456974      5.456974     10.913948
     -2.047047      3.678606      3.678606      7.357211
     -2.037037      2.332535      2.332535      4.665069
     -2.027027      1.448094      1.448094      2.896187
     -2.017017      1.005161      1.005161      2.010322
     -2.007007      0.978959      0.978959      1.957919
     -1.996997      1.372799      1.372799      2.745599
     -1.986987      2.223169      2.223169      4.446339
     -1.976977      3.575209      3.575209      7.150419
     -1.966967      5.439592      5.439592     10.879184
     -1.956957      7.751895      7.751895     15.503791
     -1.946947     10.358055     10.358055     20.716109
     -1.936937     13.039412     13.039412     26.078824
     -1.926927     15.569743     15.569743     31.139486
     -1.916917     17.776090     17.776090     35.552181
     -1.906907     19.570700     19.570700     39.141399
     -1.896897     20.938640     20.938640     41.877279
     -1.886887     21.893967     21.893967     43.787934
     -1.876877     22.436573     22.436573     44.873147
     -1.866867     22.539268     22.539268     45.078535
     -1.856857     22.173616     22.173616     44.347232
     -1.846847     21.357915     21.357915     42.715830
     -1.836837     20.195212     20.195212     40.390423
     -1.826827     18.870816     18.870816     37.741632
     -1.816817     17.597875     17.597875     35.195751
     -1.806807     16.529877     16.529877     33.059754
     -1.796797     15.684879     15.684879     31.369757
     -1.786787     14.928886     14.928886     29.857773
     -1.776777     14.036985     14.036985     28.073970
     -1.766767     12.805230     12.805230     25.610460
     -1.756757     11.154362     11.154362     22.308723
     -1.746747      9.171500      9.171500     18.342999
     -1.736737      7.074594      7.074594     14.149187
     -1.726727      5.128818      5.128818     10.257636
     -1.716717      3.564735      3.564735      7.129470
     -1.706707      2.535348      2.535348      5.070697
     -1.696697      2.117137      2.117137      4.234273
     -1.686687      2.332315      2.332315      4.664631
     -1.676677      3.162020      3.162020      6.324040
     -1.666667      4.534047      4.534047      9.068094
     -1.656657      6.293576      6.293576     12.587152
     -1.646647      8.185400      8.185400     16.370799
     -1.636637      9.878498      9.878498     19.756995
     -1.626627     11.044297     11.044297     22.088594
     -1.616617     11.468017     11.468017     22.936034
     -1.606607     11.147495     11.147495     22.294991
     -1.596597     10.332831     10.332831     20.665663
     -1.586587      9.484360      9.484360     18.968721
     -1.576577      9.159876      9.159876     18.319752
     -1.566567      9.864893      9.864893     19.729785
     -1.556557     11.904739     11.904739     23.809479
     -1.546547     15.272441     15.272441     30.544882
     -1.536537     19.601995     19.601995     39.203989
     -1.526527     24.211605     24.211605     48.423210
     -1.516517     28.244620     28.244620     56.489239
     -1.506507     30.882257     30.882257     61.764514
     -1.496496     31.565162     31.565162     63.130323
     -1.486486     30.145491     30.145491     60.290981
     -1.476476     26.913697     26.913697     53.827394
     -1.466466     22.495900     22.495900     44.991800
     -1.456456     17.670193     17.670193     35.340386
     -1.446446     13.175261     13.175261     26.350521
     -1.436436      9.572502      9.572502     19.145005
     -1.426426      7.185899      7.185899     14.371798
     -1.416416      6.106186      6.106186     12.212372
     -1.406406      6.227887      6.227887     12.455774
     -1.396396      7.294806      7.294806     14.589613
     -1.386386      8.950075      8.950075     17.900150
     -1.376376     10.800566     10.800566     21.601132
     -1.366366     12.498682     12.498682     24.997364
     -1.356356     13.821941     13.821941     27.643883
     -1.346346     14.713987     14.713987     29.427975
     -1.336336     15.260420     15.260420     30.520840
     -1.326326     15.608797     15.608797     31.217593
     -1.316316     15.878615     15.878615     31.757231
     -1.306306     16.113095     16.113095     32.226190
     -1.296296     16.291877     16.291877     32.583755
     -1.286286     16.377527     16.377527     32.755053
     -1.276276     16.347257     16.347257     32.694514
     -1.266266     16.182471     16.182471     32.364943
     -1.256256     15.832833     15.832833     31.665666
     -1.246246     15.198965     15.198965     30.397931
     -1.236236     14.164225     14.164225     28.328450
     -1.226226     12.663879     12.663879     25.327758
     -1.216216     10.746298     10.746298     21.492596
     -1.206206      8.583378      8.583378     17.166757
     -1.196196      6.422262      6.422262     12.844525
     -1.186186      4.508429      4.508429      9.016858
     -1.176176      3.023729      3.023729      6.047458
     -1.166166      2.066579      2.066579      4.133158
     -1.156156      1.671461      1.671461      3.342922
     -1.146146      1.842195      1.842195      3.684390
     -1.136136      2.569677      2.569677      5.139355
     -1.126126      3.818575      3.818575      7.637150
     -1.116116      5.489860      5.489860     10.979719
     -1.106106      7.385749      7.385749     14.771497
     -1.096096      9.209906      9.209906     18.419812
     -1.086086     10.622439     10.622439     21.244878
     -1.076076     11.339976     11.339976     22.679952
     -1.066066     11.241353     11.241353     22.482706
     -1.056056     10.428589     10.428589     20.857179
     -1.046046      9.209991      9.209991     18.419982
     -1.036036      8.007783      8.007783     16.015566
     -1.026026      7.225170      7.225170     14.450340
     -1.016016      7.120456      7.120456     14.240911
     -1.006006      7.727995      7.727995     15.455990
     -0.995996      8.847795      8.847795     17.695591
     -0.985986     10.106430     10.106430     20.212861
     -0.975976     11.072945     11.072945     22.145891
     -0.965966     11.394554     11.394554     22.789107
     -0.955956     10.904898     10.904898     21.809797
     -0.945946      9.663855      9.663855     19.327711
     -0.935936      7.915675      7.915675     15.831350
     -0.925926      5.989139      5.989139     11.978277
     -0.915916      4.187642      4.187642      8.375284
     -0.905906      2.714701      2.714701      5.429403
     -0.895896      1.655760      1.655760      3.311519
     -0.885886      1.007985      1.007985      2.015969
     -0.875876      0.732346      0.732346      1.464693
     -0.865866      0.800980      0.800980      1.601960
     -0.855856      1.221536      1.221536      2.443073
     -0.845846      2.030848      2.030848      4.061696
     -0.835836      3.259765      3.259765      6.519530
     -0.825826      4.880937      4.880937      9.761874
     -0.815816      6.761801      6.761801     13.523601
     -0.805806      8.650624      8.650624     17.301248
     -0.795796     10.215825     10.215825     20.431649
     -0.785786     11.135212     11.135212     22.270425
     -0.775776     11.202457     11.202457     22.404915
     -0.765766     10.401981     10.401981     20.803962
     -0.755756      8.914729      8.914729     17.829457
     -0.745746      7.051774      7.051774     14.103549
     -0.735736      5.149087      5.149087     10.298174
     -0.725726      3.472268      3.472268      6.944536
     -0.715716      2.167492      2.167492      4.334984
     -0.705706      1.266399      1.266399      2.532797
     -0.695696      0.727863      0.727863      1.455725
     -0.685686      0.490496      0.490496      0.980991
     -0.675676      0.515020      0.515020      1.030040
     -0.665666      0.805910      0.805910      1.611820
     -0.655656      1.409067      1.409067      2.818135
     -0.645646      2.385800      2.385800      4.771600
     -0.635636      3.767381      3.767381      7.534763
     -0.625626      5.502691      5.502691     11.005382
     -0.615616      7.421522      7.421522     14.843045
     -0.605606      9.239281      9.239281     18.478562
     -0.595596     10.616432     10.616432     21.232863
     -0.585586     11.259200     11.259200     22.518400
     -0.575576     11.021069     11.021069     22.042138
     -0.565566      9.956961      9.956961     19.913923
     -0.555556      8.302651      8.302651     16.605302
     -0.545546      6.389893      6.389893     12.779787
     -0.535536      4.538970      4.538970      9.077939
     -0.525526      2.975828      2.975828      5.951656
     -0.515516      1.800716      1.800716      3.601432
     -0.505506      1.005702      1.005702      2.011404
     -0.495495      0.518418      0.518418      1.036837
     -0.485485      0.246648      0.246648      0.493297
     -0.475475      0.108309      0.108309      0.216617
     -0.465465      0.043897      0.043897      0.087794
     -0.455455      0.016421      0.016421      0.032842
     -0.445445      0.005670      0.005670      0.011339
     -0.435435      0.001807      0.001807      0.003615
     -0.425425      0.000534      0.000534      0.001069
     -0.415415      0.000158      0.000158      0.000316
     -0.405405      0.000095      0.000095      0.000189
     -0.395395      0.000236      0.000236      0.000471
     -0.385385      0.000816      0.000816      0.001632
     -0.375375      0.002695      0.002695      0.005389
     -0.365365      0.008226      0.008226      0.016453
     -0.355355      0.023183      0.023183      0.046366
     -0.345345      0.060301      0.060301      0.120601
     -0.335335      0.144763      0.144763      0.289527
     -0.325325      0.320762      0.320762      0.641524
     -0.315315      0.655985      0.655985      1.311971
     -0.305305      1.238204      1.238204      2.476407
     -0.295295      2.157133      2.157133      4.314265
     -0.285285      3.468554      3.468554      6.937108
     -0.275275      5.147626      5.147626     10.295251
     -0.265265      7.051026      7.051026     14.102051
     -0.255255      8.914243      8.914243     17.828487
     -0.245245     10.401681     10.401681     20.803362
     -0.235235     11.202357     11.202357     22.404714
     -0.225225     11.135306     11.135306     22.270612
     -0.215215     10.216020     10.216020     20.432040
     -0.205205      8.650639      8.650639     17.301278
     -0.195195      6.760853      6.760853     13.521705
     -0.185185      4.876875      4.876875      9.753750
     -0.175175      3.246898      3.246898      6.493795
     -0.165165      1.995182      1.995182      3.990363
     -0.155155      1.131574      1.131574      2.263149
     -0.145145      0.592339      0.592339      1.184679
     -0.135135      0.286184      0.286184      0.572368
     -0.125125      0.127616      0.127616      0.255233
     -0.115115      0.052524      0.052524      0.105047
     -0.105105      0.019952      0.019952      0.039904
     -0.095095      0.006995      0.006995      0.013991
     -0.085085      0.002264      0.002264      0.004527
     -0.075075      0.000676      0.000676      0.001352
     -0.065065      0.000186      0.000186      0.000373
     -0.055055      0.000047      0.000047      0.000095
     -0.045045      0.000011      0.000011      0.000022
     -0.035035      0.000002      0.000002      0.000005
     -0.025025      0.000000      0.000000      0.000001
     -0.015015      0.000000      0.000000      0.000000
     -0.005005      0.000000      0.000000      0.000000
      0.005005      0.000000      0.000000      0.000000
      0.015015      0.000000      0.000000      0.000000
      0.025025      0.000000      0.000000      0.000001
      0.035035      0.000002      0.000002      0.000005
      0.045045      0.000011      0.000011      0.000022
      0.055055      0.000047      0.000047      0.000095
      0.065065      0.000186      0.000186      0.000373
      0.075075      0.000676      0.000676      0.001352
      0.085085      0.002264      0.002264      0.004527
      0.095095      0.006995      0.006995      0.013991
      0.105105      0.019952      0.019952      0.039904
      0.115115      0.052524      0.052524      0.105047
      0.125125      0.127616      0.127616      0.255232
      0.135135      0.286184      0.286184      0.572367
      0.145145      0.592339      0.592339      1.184678
      0.155155      1.131574      1.131574      2.263147
      0.165165      1.995181      1.995181      3.990361
      0.175175      3.246896      3.246896      6.493792
      0.185185      4.876873      4.876873      9.753746
      0.195195      6.760851      6.760851     13.521701
      0.205205      8.650637      8.650637     17.301274
      0.215215     10.216019     10.216019     20.432038
      0.225225     11.135305     11.135305     22.270611
      0.235235     11.202358     11.202358     22.404715
      0.245245     10.401682     10.401682     20.803364
      0.255255      8.914245      8.914245     17.828490
      0.265265      7.051028      7.051028     14.102055
      0.275275      5.147628      5.147628     10.295255
      0.285285      3.468556      3.468556      6.937111
      0.295295      2.157134      2.157134      4.314267
      0.305305      1.238204      1.238204      2.476409
      0.315315      0.655986      0.655986      1.311971
      0.325325      0.320762      0.320762      0.641525
      0.335335      0.144764      0.144764      0.289527
      0.345345      0.060301      0.060301      0.120601
      0.355355      0.023183      0.023183      0.046366
      0.365365      0.008226      0.008226      0.016453
      0.375375      0.002695      0.002695      0.005390
      0.385385      0.000817      0.000817      0.001635
      0.395395      0.000241      0.000241      0.000481
      0.405405      0.000115      0.000115      0.000230
      0.415415      0.000233      0.000233      0.000466
      0.425425      0.000790      0.000790      0.001580
      0.435435      0.002610      0.002610      0.005221
      0.445445      0.007987      0.007987      0.015973
      0.455455      0.022556      0.022556      0.045113
      0.465465      0.058800      0.058800      0.117600
      0.475475      0.141473      0.141473      0.282945
      0.485485      0.314162      0.314162      0.628324
      0.495495      0.643904      0.643904      1.287808
      0.505506      1.218080      1.218080      2.436159
      0.515516      2.126753      2.126753      4.253507
      0.525526      3.427247      3.427247      6.854494
      0.535536      5.097539      5.097539     10.195078
      0.545546      6.997817      6.997817     13.995635
      0.555556      8.866488      8.866488     17.732975
      0.565566     10.368787     10.368787     20.737575
      0.575576     11.191622     11.191622     22.383244
      0.585586     11.149415     11.149415     22.298831
      0.595596     10.252390     10.252390     20.504780
      0.605606      8.703385      8.703385     17.406770
      0.615616      6.825436      6.825436     13.650872
      0.625626      4.957316      4.957316      9.914632
      0.635636      3.366119      3.366119      6.732239
      0.645646      2.209826      2.209826      4.419653
      0.655656      1.552001      1.552001      3.104002
      0.665666      1.404952      1.404952      2.809903
      0.675676      1.768738      1.768738      3.537475
      0.685686      2.641546      2.641546      5.283092
      0.695696      3.995452      3.995452      7.990904
      0.705706      5.732352      5.732352     11.464703
      0.715716      7.650080      7.650080     15.300160
      0.725726      9.450396      9.450396     18.900791
      0.735736     10.803790     10.803790     21.607580
      0.745746     11.455548     11.455548     22.911095
      0.755756     11.329052     11.329052     22.658105
      0.765766     10.574836     10.574836     21.149673
      0.775776      9.534823      9.534823     19.069647
      0.785786      8.629823      8.629823     17.259645
      0.795796      8.212834      8.212834     16.425668
      0.805806      8.444291      8.444291     16.888582
      0.815816      9.235281      9.235281     18.470562
      0.825826     10.279005     10.279005     20.558011
      0.835836     11.159309     11.159309     22.318618
      0.845846     11.496664     11.496664     22.993328
      0.855856     11.076197     11.076197     22.152394
      0.865866      9.908502      9.908502     19.817004
      0.875876      8.203379      8.203379     16.406758
      0.885886      6.276171      6.276171     12.552342
      0.895896      4.434262      4.434262      8.868525
      0.905906      2.892298      2.892298      5.784595
      0.915916      1.741453      1.741453      3.482906
      0.925926      0.968004      0.968004      1.936007
      0.935936      0.497336      0.497336      0.994672
      0.945946      0.238127      0.238127      0.476255
      0.955956      0.112141      0.112141      0.224282
      0.965966      0.067789      0.067789      0.135579
      0.975976      0.083320      0.083320      0.166640
      0.985986      0.166658      0.166658      0.333317
      0.995996      0.355642      0.355642      0.711283
      1.006006      0.717322      0.717322      1.434643
      1.016016      1.340634      1.340634      2.681268
      1.026026      2.315618      2.315618      4.631236
      1.036036      3.697076      3.697076      7.394151
      1.046046      5.461437      5.461437     10.922874
      1.056056      7.477859      7.477859     14.955718
      1.066066      9.518470      9.518470     19.036939
      1.076076     11.319376     11.319376     22.638751
      1.086086     12.675382     12.675382     25.350763
      1.096096     13.523657     13.523657     27.047314
      1.106106     13.967303     13.967303     27.934606
      1.116116     14.219063     14.219063     28.438127
      1.126126     14.493377     14.493377     28.986754
      1.136136     14.908479     14.908479     29.816958
      1.146146     15.452914     15.452914     30.905829
      1.156156     16.026134     16.026134     32.052267
      1.166166     16.514071     16.514071     33.028141
      1.176176     16.844816     16.844816     33.689631
      1.186186     16.996479     16.996479     33.992957
      1.196196     16.973067     16.973067     33.946134
      1.206206     16.785811     16.785811     33.571622
      1.216216     16.460018     16.460018     32.920037
      1.226226     16.051322     16.051322     32.102643
      1.236236     15.637621     15.637621     31.275243
      1.246246     15.273158     15.273158     30.546317
      1.256256     14.931163     14.931163     29.862325
      1.266266     14.483391     14.483391     28.966781
      1.276276     13.745823     13.745823     27.491646
      1.286286     12.573437     12.573437     25.146874
      1.296296     10.950758     10.950758     21.901516
      1.306306      9.027354      9.027354     18.054709
      1.316316      7.084577      7.084577     14.169155
      1.326326      5.461197      5.461197     10.922394
      1.336336      4.480811      4.480811      8.961622
      1.346346      4.406524      4.406524      8.813049
      1.356356      5.417331      5.417331     10.834662
      1.366366      7.582831      7.582831     15.165662
      1.376376     10.822401     10.822401     21.644803
      1.386386     14.863188     14.863188     29.726376
      1.396396     19.234129     19.234129     38.468258
      1.406406     23.328351     23.328351     46.656702
      1.416416     26.531484     26.531484     53.062967
      1.426426     28.371140     28.371140     56.742280
      1.436436     28.624818     28.624818     57.249637
      1.446446     27.345010     27.345010     54.690021
      1.456456     24.805867     24.805867     49.611734
      1.466466     21.411755     21.411755     42.823511
      1.476476     17.611781     17.611781     35.223562
      1.486486     13.841669     13.841669     27.683338
      1.496496     10.489521     10.489521     20.979042
      1.506507      7.872794      7.872794     15.745587
      1.516517      6.218935      6.218935     12.437871
      1.526527      5.649230      5.649230     11.298460
      1.536537      6.167569      6.167569     12.335139
      1.546547      7.656195      7.656195     15.312390
      1.556557      9.883378      9.883378     19.766757
      1.566567     12.531091     12.531091     25.062182
      1.576577     15.247246     15.247246     30.494493
      1.586587     17.715650     17.715650     35.431300
      1.596597     19.724886     19.724886     39.449771
      1.606607     21.214419     21.214419     42.428838
      1.616617     22.283523     22.283523     44.567046
      1.626627     23.159442     23.159442     46.318884
      1.636637     24.129335     24.129335     48.258670
      1.646647     25.447602     25.447602     50.895205
      1.656657     27.240704     27.240704     54.481409
      1.666667     29.443072     29.443072     58.886145
      1.676677     31.798461     31.798461     63.596922
      1.686687     33.940321     33.940321     67.880641
      1.696697     35.525816     35.525816     71.051632
      1.706707     36.361742     36.361742     72.723485
      1.716717     36.453897     36.453897     72.907794
      1.726727     35.948433     35.948433     71.896866
      1.736737     34.999446     34.999446     69.998893
      1.746747     33.650279     33.650279     67.300557
      1.756757     31.814886     31.814886     63.629773
      1.766767     29.382532     29.382532     58.765064
      1.776777     26.383323     26.383323     52.766645
      1.786787     23.104209     23.104209     46.208419
      1.796797     20.069374     20.069374     40.138748
      1.806807     17.877655     17.877655     35.755310
      1.816817     16.969913     16.969913     33.939825
      1.826827     17.435055     17.435055     34.870111
      1.836837     18.943582     18.943582     37.887164
      1.846847     20.840917     20.840917     41.681834
      1.856857     22.367549     22.367549     44.735099
      1.866867     22.922202     22.922202     45.844405
      1.876877     22.264965     22.264965     44.529930
      1.886887     20.579255     20.579255     41.158510
      1.896897     18.370025     18.370025     36.740049
      1.906907     16.246965     16.246965     32.493930
      1.916917     14.691483     14.691483     29.382965
      1.926927     13.909527     13.909527     27.819054
      1.936937     13.827249     13.827249     27.654497
      1.946947     14.215199     14.215199     28.430399
      1.956957     14.863809     14.863809     29.727618
      1.966967     15.709140     15.709140     31.418280
      1.976977     16.837338     16.837338     33.674675
      1.986987     18.366867     18.366867     36.733735
      1.996997     20.283144     20.283144     40.566288
      2.007007     22.335688     22.335688     44.671376
      2.017017     24.076773     24.076773     48.153547
      2.027027     25.035640     25.035640     50.071279
      2.037037     24.934472     24.934472     49.868945
      2.047047     23.819651     23.819651     47.639302
      2.057057     22.029293     22.029293     44.058585
      2.067067     20.017006     20.017006     40.034013
      2.077077     18.137160     18.137160     36.274320
      2.087087     16.513774     16.513774     33.027548
      2.097097     15.056480     15.056480     30.112960
      2.107107     13.596334     13.596334     27.192667
      2.117117     12.051169     12.051169     24.102338
      2.127127     10.528200     10.528200     21.056400
      2.137137      9.320196      9.320196     18.640392
      2.147147      8.811470      8.811470     17.622940
      2.157157      9.345230      9.345230     18.690459
      2.167167     11.104355     11.104355     22.208710
      2.177177     14.037323     14.037323     28.074646
      2.187187     17.839793     17.839793     35.679586
      2.197197     21.990515     21.990515     43.981030
      2.207207     25.835367     25.835367     51.670734
      2.217217     28.708468     28.708468     57.416936
      2.227227     30.070312     30.070312     60.140625
      2.237237     29.631954     29.631954     59.263908
      2.247247     27.428418     27.428418     54.856837
      2.257257     23.812142     23.812142     47.624285
      2.267267     19.361492     19.361492     38.722984
      2.277277     14.732623     14.732623     29.465246
      2.287287     10.507992     10.507992     21.015983
      2.297297      7.095844      7.095844     14.191687
      2.307307      4.709834      4.709834      9.419667
      2.317317      3.420454      3.420454      6.840908
      2.327327      3.240259      3.240259      6.480519
      2.337337      4.195761      4.195761      8.391521
      2.347347      6.350275      6.350275     12.700549
      2.357357      9.765347      9.765347     19.530695
      2.367367     14.413949     14.413949     28.827897
      2.377377     20.079573     20.079573     40.159146
      2.387387     26.286807     26.286807     52.573614
      2.397397     32.306435     32.306435     64.612869
      2.407407     37.258533     37.258533     74.517067
      2.417417     40.301766     40.301766     80.603532
      2.427427     40.856450     40.856450     81.712899
      2.437437     38.781809     38.781809     77.563618
      2.447447     34.433208     34.433208     68.866415
      2.457457     28.568643     28.568643     57.137285
      2.467467     22.137912     22.137912     44.275825
      2.477477     16.038745     16.038745     32.077491
      2.487487     10.932869     10.932869     21.865737
      2.497497      7.177924      7.177924     14.355848
      2.507508      4.872127      4.872127      9.744255
      2.517518      3.961122      3.961122      7.922244
      2.527528      4.341967      4.341967      8.683934
      2.537538      5.917243      5.917243     11.834486
      2.547548      8.586865      8.586865     17.173730
      2.557558     12.197618     12.197618     24.395236
      2.567568     16.488055     16.488055     32.976110
      2.577578     21.065711     21.065711     42.131421
      2.587588     25.438159     25.438159     50.876318
      2.597598     29.096864     29.096864     58.193727
      2.607608     31.630752     31.630752     63.261505
      2.617618     32.831606     32.831606     65.663212
      2.627628     32.751359     32.751359     65.502718
      2.637638     31.686331     31.686331     63.372663
      2.647648     30.092833     30.092833     60.185667
      2.657658     28.469427     28.469427     56.938854
      2.667668     27.254339     27.254339     54.508677
      2.677678     26.771635     26.771635     53.543269
      2.687688     27.226099     27.226099     54.452198
      2.697698     28.717814     28.717814     57.435627
      2.707708     31.242315     31.242315     62.484631
      2.717718     34.661704     34.661704     69.323409
      2.727728     38.661777     38.661777     77.323555
      2.737738     42.732999     42.732999     85.465998
      2.747748     46.216709     46.216709     92.433419
      2.757758     48.436329     48.436329     96.872657
      2.767768     48.889480     48.889480     97.778960
      2.777778     47.429555     47.429555     94.859110
      2.787788     44.345807     44.345807     88.691613
      2.797798     40.283686     40.283686     80.567371
      2.807808     36.023469     36.023469     72.046939
      2.817818     32.211738     32.211738     64.423476
      2.827828     29.167112     29.167112     58.334224
      2.837838     26.841024     26.841024     53.682047
      2.847848     24.933514     24.933514     49.867028
      2.857858     23.092653     23.092653     46.185306
      2.867868     21.099652     21.099652     42.199304
      2.877878     18.963108     18.963108     37.926216
      2.887888     16.894682     16.894682     33.789364
      2.897898     15.190540     15.190540     30.381080
      2.907908     14.080157     14.080157     28.160315
      2.917918     13.615278     13.615278     27.230556
      2.927928     13.651280     13.651280     27.302561
      2.937938     13.926383     13.926383     27.852767
      2.947948     14.191797     14.191797     28.383594
      2.957958     14.317647     14.317647     28.635294
      2.967968     14.315326     14.315326     28.630652
      2.977978     14.270425     14.270425     28.540851
      2.987988     14.238391     14.238391     28.476783
      2.997998     14.178426     14.178426     28.356851
      3.008008     13.972961     13.972961     27.945922
      3.018018     13.519224     13.519224     27.038448
      3.028028     12.827958     12.827958     25.655917
      3.038038     12.057297     12.057297     24.114594
      3.048048     11.450896     11.450896     22.901793
      3.058058     11.210465     11.210465     22.420931
      3.068068     11.374615     11.374615     22.749231
      3.078078     11.774016     11.774016     23.548032
      3.088088     12.090437     12.090437     24.180873
      3.098098     11.990568     11.990568     23.981135
      3.108108     11.267095     11.267095     22.534190
      3.118118      9.919925      9.919925     19.839849
      3.128128      8.147081      8.147081     16.294162
      3.138138      6.263941      6.263941     12.527881
      3.148148      4.601526      4.601526      9.203051
      3.158158      3.433278      3.433278      6.866556
      3.168168      2.950928      2.950928      5.901856
      3.178178      3.275482      3.275482      6.550965
      3.188188      4.470454      4.470454      8.940908
      3.198198      6.530197      6.530197     13.060394
      3.208208      9.340382      9.340382     18.680763
      3.218218     12.634838     12.634838     25.269675
      3.228228     15.986780     15.986780     31.973559
      3.238238     18.863183     18.863183     37.726366
      3.248248     20.741389     20.741389     41.482778
      3.258258     21.251746     21.251746     42.503493
      3.268268     20.289536     20.289536     40.579072
      3.278278     18.047148     18.047148     36.094295
      3.288288     14.951291     14.951291     29.902583
      3.298298     11.531960     11.531960     23.063920
      3.308308      8.277317      8.277317     16.554634
      3.318318      5.528249      5.528249     11.056497
      3.328328      3.441491      3.441491      6.882982
      3.338338      2.017497      2.017497      4.034994
      3.348348      1.166087      1.166087      2.332175
      3.358358      0.777512      0.777512      1.555024
      3.368368      0.774895      0.774895      1.549789
      3.378378      1.136521      1.136521      2.273041
      3.388388      1.885955      1.885955      3.771911
      3.398398      3.054280      3.054280      6.108560
      3.408408      4.625672      4.625672      9.251345
      3.418418      6.486879      6.486879     12.973757
      3.428428      8.407886      8.407886     16.815772
      3.438438     10.076152     10.076152     20.152305
      3.448448     11.185306     11.185306     22.370612
      3.458458     11.548806     11.548806     23.097611
      3.468468     11.187846     11.187846     22.375692
      3.478478     10.347299     10.347299     20.694599
      3.488488      9.424530      9.424530     18.849061
      3.498498      8.836824      8.836824     17.673647
      3.508509      8.881320      8.881320     17.762640
      3.518519      9.643444      9.643444     19.286888
      3.528529     10.987233     10.987233     21.974466
      3.538539     12.625246     12.625246     25.250493
      3.548549     14.231632     14.231632     28.463264
      3.558559     15.544378     15.544378     31.088757
      3.568569     16.412259     16.412259     32.824518
      3.578579     16.776615     16.776615     33.553229
      3.588589     16.618430     16.618430     33.236860
      3.598599     15.919533     15.919533     31.839066
      3.608609     14.668978     14.668978     29.337956
      3.618619     12.905457     12.905457     25.810913
      3.628629     10.755983     10.755983     21.511965
      3.638639      8.433703      8.433703     16.867406
      3.648649      6.188886      6.188886     12.377772
      3.658659      4.240282      4.240282      8.480564
      3.668669      2.724842      2.724842      5.449684
      3.678679      1.688584      1.688584      3.377167
      3.688689      1.115520      1.115520      2.231040
      3.698699      0.972841      0.972841      1.945683
      3.708709      1.246648      1.246648      2.493296
      3.718719      1.950140      1.950140      3.900280
      3.728729      3.099061      3.099061      6.198121
      3.738739      4.663462      4.663462      9.326924
      3.748749      6.518192      6.518192     13.036384
      3.758759      8.421722      8.421722     16.843443
      3.768769     10.046687     10.046687     20.093373
      3.778779     11.062941     11.062941     22.125883
      3.788789     11.243839     11.243839     22.487678
      3.798799     10.547457     10.547457     21.094913
      3.808809      9.132050      9.132050     18.264100
      3.818819      7.297528      7.297528     14.595057
      3.828829      5.382329      5.382329     10.764658
      3.838839      3.663970      3.663970      7.327940
      3.848849      2.302093      2.302093      4.604186
      3.858859      1.335054      1.335054      2.670108
      3.868869      0.714810      0.714810      1.429620
      3.878879      0.353990      0.353990      0.707980
      3.888889      0.164248      0.164248      0.328496
      3.898899      0.077695      0.077695      0.155389
      3.908909      0.054025      0.054025      0.108051
      3.918919      0.080615      0.080615      0.161230
      3.928929      0.171966      0.171966      0.343931
      3.938939      0.371001      0.371001      0.742002
      3.948949      0.750051      0.750051      1.500101
      3.958959      1.405741      1.405741      2.811483
      3.968969      2.441489      2.441489      4.882977
      3.978979      3.935990      3.935990      7.871981
      3.988989      5.905928      5.905928     11.811856
      3.998999      8.280947      8.280947     16.561893
      4.009009     10.910007     10.910007     21.820014
      4.019019     13.604122     13.604122     27.208244
      4.029029     16.196113     16.196113     32.392226
      4.039039     18.580416     18.580416     37.160831
      4.049049     20.703124     20.703124     41.406247
      4.059059     22.505897     22.505897     45.011794
      4.069069     23.865554     23.865554     47.731108
      4.079079     24.583572     24.583572     49.167144
      4.089089     24.451962     24.451962     48.903925
      4.099099     23.370182     23.370182     46.740363
      4.109109     21.447517     21.447517     42.895034
      4.119119     19.025113     19.025113     38.050227
      4.129129     16.592407     16.592407     33.184814
      4.139139     14.629296     14.629296     29.258592
      4.149149     13.445348     13.445348     26.890696
      4.159159     13.090132     13.090132     26.180265
      4.169169     13.374027     13.374027     26.748054
      4.179179     13.984562     13.984562     27.969123
      4.189189     14.636697     14.636697     29.273394
      4.199199     15.181451     15.181451     30.362902
      4.209209     15.624965     15.624965     31.249930
      4.219219     16.064288     16.064288     32.128577
      4.229229     16.593010     16.593010     33.186021
      4.239239     17.239056     17.239056     34.478113
      4.249249     17.964940     17.964940     35.929880
      4.259259     18.714312     18.714312     37.428624
      4.269269     19.462725     19.462725     38.925450
      4.279279     20.238889     20.238889     40.477778
      4.289289     21.109567     21.109567     42.219134
      4.299299     22.140954     22.140954     44.281908
      4.309309     23.352530     23.352530     46.705061
      4.319319     24.677196     24.677196     49.354393
      4.329329     25.945920     25.945920     51.891839
      4.339339     26.919724     26.919724     53.839448
      4.349349     27.378000     27.378000     54.756000
      4.359359     27.234895     27.234895     54.469789
      4.369369     26.618470     26.618470     53.236940
      4.379379     25.846756     25.846756     51.693513
      4.389389     25.285575     25.285575     50.571151
      4.399399     25.149026     25.149026     50.298052
      4.409409     25.352661     25.352661     50.705323
      4.419419     25.512174     25.512174     51.024348
      4.429429     25.101548     25.101548     50.203096
      4.439439     23.692516     23.692516     47.385032
      4.449449     21.150917     21.150917     42.301835
      4.459459     17.693780     17.693780     35.387560
      4.469469     13.792365     13.792365     27.584730
      4.479479      9.986925      9.986925     19.973851
      4.489489      6.711327      6.711327     13.422654
      4.499499      4.200155      4.200155      8.400311
      4.509510      2.495067      2.495067      4.990135
      4.519520      1.519262      1.519262      3.038523
      4.529530      1.170913      1.170913      2.341827
      4.539540      1.395091      1.395091      2.790182
      4.549550      2.212636      2.212636      4.425272
      4.559560      3.700674      3.700674      7.401349
      4.569570      5.931035      5.931035     11.862069
      4.579580      8.884918      8.884918     17.769837
      4.589590     12.376364     12.376364     24.752728
      4.599600     16.025994     16.025994     32.051988
      4.609610     19.317486     19.317486     38.634971
      4.619620     21.736339     21.736339     43.472678
      4.629630     22.945095     22.945095     45.890191
      4.639640     22.917636     22.917636     45.835272
      4.649650     21.962394     21.962394     43.924788
      4.659660     20.613599     20.613599     41.227198
      4.669670     19.435757     19.435757     38.871514
      4.679680     18.830302     18.830302     37.660603
      4.689690     18.928061     18.928061     37.856121
      4.699700     19.601598     19.601598     39.203196
      4.709710     20.569911     20.569911     41.139822
      4.719720     21.530868     21.530868     43.061735
      4.729730     22.260303     22.260303     44.520607
      4.739740     22.649505     22.649505     45.299010
      4.749750     22.689493     22.689493     45.378986
      4.759760     22.431319     22.431319     44.862637
      4.769770     21.951870     21.951870     43.903741
      4.779780     21.340695     21.340695     42.681390
      4.789790     20.704887     20.704887     41.409774
      4.799800     20.175963     20.175963     40.351925
      4.809810     19.902340     19.902340     39.804681
      4.819820     20.023391     20.023391     40.046781
      4.829830     20.635280     20.635280     41.270559
      4.839840     21.762161     21.762161     43.524322
      4.849850     23.337721     23.337721     46.675443
      4.859860     25.195092     25.195092     50.390184
      4.869870     27.069275     27.069275     54.138549
      4.879880     28.627957     28.627957     57.255914
      4.889890     29.542885     29.542885     59.085771
      4.899900     29.586429     29.586429     59.172859
      4.909910     28.707616     28.707616     57.415232
      4.919920     27.041996     27.041996     54.083992
      4.929930     24.849553     24.849553     49.699107
      4.939940     22.424291     22.424291     44.848582
      4.949950     20.034386     20.034386     40.068773
      4.959960     17.918154     17.918154     35.836308
      4.969970     16.308003     16.308003     32.616006
      4.979980     15.428725     15.428725     30.857451
      4.989990     15.439357     15.439357     30.878714
      5.000000     16.339266     16.339266     32.678532
