# EIG2DOS: Utility for SIESTA to obtain the electronic density of states
#  E. Artacho, Apr 1999, A. Garcia, Apr 2012
#  Nick R. Papior, Feb 2017
# ------------------------------------------
# Eigenvalues calculated from a non-polarized calculation
# Eigenvalues read from siesta.EIG
# Kpoint weights read from siesta.KP
# Using smearing parameter:   0.0500
# Using 1000 points in the energy range
# Selected bands: 1 to: 2981
# Emin, Emax in file for selected band(s):    -27.1643810    218.3651420
# Nbands, Nspin, Nk   =   2981     1     1
# E_F                 =    -4.2426 eV --> (shifted to ZERO)
# Broadening          =     0.0500 eV
#
#        E            N(up)  (=)   N(down)         Ntot
     -5.000000     32.674933     32.674933     65.349865
     -4.989990     36.915131     36.915131     73.830262
     -4.979980     40.740029     40.740029     81.480057
     -4.969970     43.560405     43.560405     87.120810
     -4.959960     44.888031     44.888031     89.776062
     -4.949950     44.494331     44.494331     88.988662
     -4.939940     42.495936     42.495936     84.991872
     -4.929930     39.344142     39.344142     78.688285
     -4.919920     35.739292     35.739292     71.478583
     -4.909910     32.510177     32.510177     65.020354
     -4.899900     30.484224     30.484224     60.968447
     -4.889890     30.346426     30.346426     60.692853
     -4.879880     32.477684     32.477684     64.955369
     -4.869870     36.793328     36.793328     73.586656
     -4.859860     42.649985     42.649985     85.299969
     -4.849850     48.906826     48.906826     97.813651
     -4.839840     54.181137     54.181137    108.362273
     -4.829830     57.240376     57.240376    114.480752
     -4.819820     57.382397     57.382397    114.764795
     -4.809810     54.638044     54.638044    109.276089
     -4.799800     49.707700     49.707700     99.415400
     -4.789790     43.672820     43.672820     87.345640
     -4.779780     37.625618     37.625618     75.251236
     -4.769770     32.375995     32.375995     64.751989
     -4.759760     28.326604     28.326604     56.653209
     -4.749750     25.509541     25.509541     51.019081
     -4.739740     23.712828     23.712828     47.425656
     -4.729730     22.616574     22.616574     45.233148
     -4.719720     21.890350     21.890350     43.780700
     -4.709710     21.242880     21.242880     42.485761
     -4.699700     20.441512     20.441512     40.883024
     -4.689690     19.327401     19.327401     38.654802
     -4.679680     17.845410     17.845410     35.690821
     -4.669670     16.089832     16.089832     32.179663
     -4.659660     14.346639     14.346639     28.693278
     -4.649650     13.101596     13.101596     26.203192
     -4.639640     12.987842     12.987842     25.975683
     -4.629630     14.663421     14.663421     29.326841
     -4.619620     18.631050     18.631050     37.262100
     -4.609610     25.035860     25.035860     50.071720
     -4.599600     33.501263     33.501263     67.002526
     -4.589590     43.079809     43.079809     86.159617
     -4.579580     52.384496     52.384496    104.768992
     -4.569570     59.910096     59.910096    119.820191
     -4.559560     64.464755     64.464755    128.929509
     -4.549550     65.554780     65.554780    131.109560
     -4.539540     63.554227     63.554227    127.108454
     -4.529530     59.568331     59.568331    119.136662
     -4.519520     55.033928     55.033928    110.067857
     -4.509510     51.220099     51.220099    102.440198
     -4.499499     48.833145     48.833145     97.666290
     -4.489489     47.872242     47.872242     95.744484
     -4.479479     47.761132     47.761132     95.522265
     -4.469469     47.662724     47.662724     95.325447
     -4.459459     46.823739     46.823739     93.647477
     -4.449449     44.814479     44.814479     89.628958
     -4.439439     41.602170     41.602170     83.204340
     -4.429429     37.480325     37.480325     74.960650
     -4.419419     32.929073     32.929073     65.858146
     -4.409409     28.483098     28.483098     56.966195
     -4.399399     24.645068     24.645068     49.290137
     -4.389389     21.835299     21.835299     43.670599
     -4.379379     20.346346     20.346346     40.692692
     -4.369369     20.286742     20.286742     40.573484
     -4.359359     21.533646     21.533646     43.067292
     -4.349349     23.736410     23.736410     47.472821
     -4.339339     26.399497     26.399497     52.798993
     -4.329329     29.030537     29.030537     58.061074
     -4.319319     31.297501     31.297501     62.595002
     -4.309309     33.126923     33.126923     66.253846
     -4.299299     34.699421     34.699421     69.398841
     -4.289289     36.342133     36.342133     72.684266
     -4.279279     38.356545     38.356545     76.713089
     -4.269269     40.842009     40.842009     81.684017
     -4.259259     43.580517     43.580517     87.161033
     -4.249249     46.038118     46.038118     92.076235
     -4.239239     47.507084     47.507084     95.014168
     -4.229229     47.357536     47.357536     94.715072
     -4.219219     45.305117     45.305117     90.610235
     -4.209209     41.570906     41.570906     83.141812
     -4.199199     36.844154     36.844154     73.688307
     -4.189189     32.051560     32.051560     64.103120
     -4.179179     28.037298     28.037298     56.074596
     -4.169169     25.302911     25.302911     50.605822
     -4.159159     23.918104     23.918104     47.836208
     -4.149149     23.619720     23.619720     47.239440
     -4.139139     24.025038     24.025038     48.050077
     -4.129129     24.843374     24.843374     49.686747
     -4.119119     25.986523     25.986523     51.973045
     -4.109109     27.534584     27.534584     55.069169
     -4.099099     29.582283     29.582283     59.164566
     -4.089089     32.049168     32.049168     64.098335
     -4.079079     34.563356     34.563356     69.126711
     -4.069069     36.503642     36.503642     73.007284
     -4.059059     37.207890     37.207890     74.415779
     -4.049049     36.259830     36.259830     72.519660
     -4.039039     33.709428     33.709428     67.418855
     -4.029029     30.107071     30.107071     60.214142
     -4.019019     26.330087     26.330087     52.660175
     -4.009009     23.290890     23.290890     46.581779
     -3.998999     21.669500     21.669500     43.339001
     -3.988989     21.780714     21.780714     43.561428
     -3.978979     23.597572     23.597572     47.195144
     -3.968969     26.870603     26.870603     53.741205
     -3.958959     31.255191     31.255191     62.510381
     -3.948949     36.391935     36.391935     72.783869
     -3.938939     41.940161     41.940161     83.880322
     -3.928929     47.596927     47.596927     95.193854
     -3.918919     53.123021     53.123021    106.246041
     -3.908909     58.362535     58.362535    116.725071
     -3.898899     63.221857     63.221857    126.443713
     -3.888889     67.591374     67.591374    135.182747
     -3.878879     71.238604     71.238604    142.477208
     -3.868869     73.739598     73.739598    147.479197
     -3.858859     74.514332     74.514332    149.028664
     -3.848849     72.985423     72.985423    145.970846
     -3.838839     68.811709     68.811709    137.623418
     -3.828829     62.097532     62.097532    124.195064
     -3.818819     53.475696     53.475696    106.951392
     -3.808809     44.011835     44.011835     88.023669
     -3.798799     34.955342     34.955342     69.910684
     -3.788789     27.426518     27.426518     54.853037
     -3.778779     22.149752     22.149752     44.299504
     -3.768769     19.314362     19.314362     38.628725
     -3.758759     18.590318     18.590318     37.180636
     -3.748749     19.274930     19.274930     38.549859
     -3.738739     20.516848     20.516848     41.033695
     -3.728729     21.555999     21.555999     43.111998
     -3.718719     21.923723     21.923723     43.847447
     -3.708709     21.558731     21.558731     43.117461
     -3.698699     20.809898     20.809898     41.619796
     -3.688689     20.318574     20.318574     40.637148
     -3.678679     20.802471     20.802471     41.604942
     -3.668669     22.796676     22.796676     45.593351
     -3.658659     26.433421     26.433421     52.866842
     -3.648649     31.344278     31.344278     62.688555
     -3.638639     36.733665     36.733665     73.467329
     -3.628629     41.606275     41.606275     83.212550
     -3.618619     45.062246     45.062246     90.124492
     -3.608609     46.542808     46.542808     93.085615
     -3.598599     45.938030     45.938030     91.876059
     -3.588589     43.540289     43.540289     87.080578
     -3.578579     39.895443     39.895443     79.790886
     -3.568569     35.628247     35.628247     71.256494
     -3.558559     31.297076     31.297076     62.594151
     -3.548549     27.297330     27.297330     54.594661
     -3.538539     23.814612     23.814612     47.629225
     -3.528529     20.830699     20.830699     41.661398
     -3.518519     18.186139     18.186139     36.372277
     -3.508509     15.686628     15.686628     31.373256
     -3.498498     13.215005     13.215005     26.430011
     -3.488488     10.800966     10.800966     21.601932
     -3.478478      8.619565      8.619565     17.239130
     -3.468468      6.925162      6.925162     13.850324
     -3.458458      5.954718      5.954718     11.909436
     -3.448448      5.838734      5.838734     11.677469
     -3.438438      6.545803      6.545803     13.091606
     -3.428428      7.873276      7.873276     15.746552
     -3.418418      9.489180      9.489180     18.978360
     -3.408408     11.022778     11.022778     22.045555
     -3.398398     12.184833     12.184833     24.369666
     -3.388388     12.877905     12.877905     25.755811
     -3.378378     13.248675     13.248675     26.497350
     -3.368368     13.652417     13.652417     27.304834
     -3.358358     14.538785     14.538785     29.077571
     -3.348348     16.303739     16.303739     32.607477
     -3.338338     19.160734     19.160734     38.321468
     -3.328328     23.063008     23.063008     46.126017
     -3.318318     27.680167     27.680167     55.360334
     -3.308308     32.422470     32.422470     64.844939
     -3.298298     36.518487     36.518487     73.036974
     -3.288288     39.161350     39.161350     78.322699
     -3.278278     39.717568     39.717568     79.435136
     -3.268268     37.942676     37.942676     75.885352
     -3.258258     34.108919     34.108919     68.217837
     -3.248248     28.965108     28.965108     57.930216
     -3.238238     23.521783     23.521783     47.043567
     -3.228228     18.742204     18.742204     37.484408
     -3.218218     15.264828     15.264828     30.529657
     -3.208208     13.261742     13.261742     26.523485
     -3.198198     12.471002     12.471002     24.942004
     -3.188188     12.370665     12.370665     24.741329
     -3.178178     12.418467     12.418467     24.836935
     -3.168168     12.271216     12.271216     24.542432
     -3.158158     11.915427     11.915427     23.830855
     -3.148148     11.675008     11.675008     23.350015
     -3.138138     12.100666     12.100666     24.201332
     -3.128128     13.777365     13.777365     27.554729
     -3.118118     17.103742     17.103742     34.207484
     -3.108108     22.103372     22.103372     44.206744
     -3.098098     28.326675     28.326675     56.653350
     -3.088088     34.891096     34.891096     69.782192
     -3.078078     40.674577     40.674577     81.349153
     -3.068068     44.619823     44.619823     89.239645
     -3.058058     46.045513     46.045513     92.091027
     -3.048048     44.836491     44.836491     89.672982
     -3.038038     41.428520     41.428520     82.857040
     -3.028028     36.601624     36.601624     73.203247
     -3.018018     31.192176     31.192176     62.384352
     -3.008008     25.865546     25.865546     51.731092
     -2.997998     21.038944     21.038944     42.077888
     -2.987988     16.947768     16.947768     33.895536
     -2.977978     13.773548     13.773548     27.547096
     -2.967968     11.738639     11.738639     23.477277
     -2.957958     11.114109     11.114109     22.228219
     -2.947948     12.143859     12.143859     24.287718
     -2.937938     14.926141     14.926141     29.852282
     -2.927928     19.305224     19.305224     38.610448
     -2.917918     24.820147     24.820147     49.640294
     -2.907908     30.742422     30.742422     61.484844
     -2.897898     36.209618     36.209618     72.419236
     -2.887888     40.426481     40.426481     80.852963
     -2.877878     42.870156     42.870156     85.740312
     -2.867868     43.420995     43.420995     86.841991
     -2.857858     42.361021     42.361021     84.722043
     -2.847848     40.235251     40.235251     80.470502
     -2.837838     37.632968     37.632968     75.265937
     -2.827828     34.984140     34.984140     69.968281
     -2.817818     32.458294     32.458294     64.916587
     -2.807808     30.001243     30.001243     60.002486
     -2.797798     27.475392     27.475392     54.950784
     -2.787788     24.818990     24.818990     49.637980
     -2.777778     22.135835     22.135835     44.271669
     -2.767768     19.671239     19.671239     39.342478
     -2.757758     17.697404     17.697404     35.394808
     -2.747748     16.383231     16.383231     32.766461
     -2.737738     15.729786     15.729786     31.459572
     -2.727728     15.609025     15.609025     31.218050
     -2.717718     15.875867     15.875867     31.751733
     -2.707708     16.474669     16.474669     32.949339
     -2.697698     17.463695     17.463695     34.927390
     -2.687688     18.936589     18.936589     37.873178
     -2.677678     20.893398     20.893398     41.786796
     -2.667668     23.154879     23.154879     46.309757
     -2.657658     25.391000     25.391000     50.782001
     -2.647648     27.259212     27.259212     54.518425
     -2.637638     28.570687     28.570687     57.141373
     -2.627628     29.378970     29.378970     58.757941
     -2.617618     29.934362     29.934362     59.868724
     -2.607608     30.534863     30.534863     61.069725
     -2.597598     31.367447     31.367447     62.734895
     -2.587588     32.427717     32.427717     64.855435
     -2.577578     33.542076     33.542076     67.084152
     -2.567568     34.448847     34.448847     68.897695
     -2.557558     34.875297     34.875297     69.750594
     -2.547548     34.582388     34.582388     69.164776
     -2.537538     33.397021     33.397021     66.794042
     -2.527528     31.264412     31.264412     62.528823
     -2.517518     28.320497     28.320497     56.640993
     -2.507508     24.939769     24.939769     49.879538
     -2.497497     21.702445     21.702445     43.404889
     -2.487487     19.261326     19.261326     38.522652
     -2.477477     18.147987     18.147987     36.295973
     -2.467467     18.599134     18.599134     37.198268
     -2.457457     20.481990     20.481990     40.963980
     -2.447447     23.355271     23.355271     46.710542
     -2.437437     26.642285     26.642285     53.284571
     -2.427427     29.842101     29.842101     59.684202
     -2.417417     32.685710     32.685710     65.371420
     -2.407407     35.166959     35.166959     70.333918
     -2.397397     37.435489     37.435489     74.870979
     -2.387387     39.606164     39.606164     79.212329
     -2.377377     41.583978     41.583978     83.167956
     -2.367367     43.001291     43.001291     86.002582
     -2.357357     43.313203     43.313203     86.626406
     -2.347347     42.018919     42.018919     84.037839
     -2.337337     38.910203     38.910203     77.820405
     -2.327327     34.228827     34.228827     68.457654
     -2.317317     28.656676     28.656676     57.313353
     -2.307307     23.142907     23.142907     46.285815
     -2.297297     18.646232     18.646232     37.292465
     -2.287287     15.896834     15.896834     31.793668
     -2.277277     15.254782     15.254782     30.509565
     -2.267267     16.686855     16.686855     33.373709
     -2.257257     19.836870     19.836870     39.673740
     -2.247247     24.144632     24.144632     48.289264
     -2.237237     28.971291     28.971291     57.942582
     -2.227227     33.701367     33.701367     67.402735
     -2.217217     37.805979     37.805979     75.611958
     -2.207207     40.867620     40.867620     81.735240
     -2.197197     42.583085     42.583085     85.166170
     -2.187187     42.770375     42.770375     85.540750
     -2.177177     41.397451     41.397451     82.794903
     -2.167167     38.624519     38.624519     77.249038
     -2.157157     34.822732     34.822732     69.645465
     -2.147147     30.526147     30.526147     61.052295
     -2.137137     26.304429     26.304429     52.608859
     -2.127127     22.596864     22.596864     45.193727
     -2.117117     19.585817     19.585817     39.171633
     -2.107107     17.177528     17.177528     34.355056
     -2.097097     15.101225     15.101225     30.202451
     -2.087087     13.071216     13.071216     26.142432
     -2.077077     10.925680     10.925680     21.851360
     -2.067067      8.678593      8.678593     17.357187
     -2.057057      6.477502      6.477502     12.955004
     -2.047047      4.509923      4.509923      9.019846
     -2.037037      2.916273      2.916273      5.832546
     -2.027027      1.747233      1.747233      3.494467
     -2.017017      0.969828      0.969828      1.939655
     -2.007007      0.502553      0.502553      1.005107
     -1.996997      0.255149      0.255149      0.510298
     -1.986987      0.157915      0.157915      0.315830
     -1.976977      0.177808      0.177808      0.355616
     -1.966967      0.325703      0.325703      0.651406
     -1.956957      0.659365      0.659365      1.318730
     -1.946947      1.282359      1.282359      2.564719
     -1.936937      2.334526      2.334526      4.669051
     -1.926927      3.968469      3.968469      7.936937
     -1.916917      6.310411      6.310411     12.620821
     -1.906907      9.411240      9.411240     18.822480
     -1.896897     13.200491     13.200491     26.400981
     -1.886887     17.458352     17.458352     34.916705
     -1.876877     21.818254     21.818254     43.636508
     -1.866867     25.807822     25.807822     51.615645
     -1.856857     28.930172     28.930172     57.860345
     -1.846847     30.776732     30.776732     61.553464
     -1.836837     31.144066     31.144066     62.288132
     -1.826827     30.108117     30.108117     60.216234
     -1.816817     28.009419     28.009419     56.018837
     -1.806807     25.336435     25.336435     50.672870
     -1.796797     22.549977     22.549977     45.099953
     -1.786787     19.932513     19.932513     39.865026
     -1.776777     17.537616     17.537616     35.075231
     -1.766767     15.256790     15.256790     30.513580
     -1.756757     12.952602     12.952602     25.905204
     -1.746747     10.575620     10.575620     21.151240
     -1.736737      8.206099      8.206099     16.412198
     -1.726727      6.016640      6.016640     12.033280
     -1.716717      4.197674      4.197674      8.395348
     -1.706707      2.896595      2.896595      5.793191
     -1.696697      2.196867      2.196867      4.393734
     -1.686687      2.129407      2.129407      4.258813
     -1.676677      2.688603      2.688603      5.377206
     -1.666667      3.828757      3.828757      7.657513
     -1.656657      5.437653      5.437653     10.875306
     -1.646647      7.307859      7.307859     14.615717
     -1.636637      9.137967      9.137967     18.275933
     -1.626627     10.586333     10.586333     21.172665
     -1.616617     11.371718     11.371718     22.743435
     -1.606607     11.384492     11.384492     22.768983
     -1.596597     10.758526     10.758526     21.517052
     -1.586587      9.867463      9.867463     19.734927
     -1.576577      9.240901      9.240901     18.481802
     -1.566567      9.425995      9.425995     18.851991
     -1.556557     10.833461     10.833461     21.666921
     -1.546547     13.605442     13.605442     27.210884
     -1.536537     17.537191     17.537191     35.074381
     -1.526527     22.079786     22.079786     44.159572
     -1.516517     26.439824     26.439824     52.879648
     -1.506507     29.765003     29.765003     59.530006
     -1.496496     31.367299     31.367299     62.734599
     -1.486486     30.909532     30.909532     61.819063
     -1.476476     28.487960     28.487960     56.975919
     -1.466466     24.584641     24.584641     49.169282
     -1.456456     19.916849     19.916849     39.833698
     -1.446446     15.247515     15.247515     30.495030
     -1.436436     11.223266     11.223266     22.446531
     -1.426426      8.279500      8.279500     16.558999
     -1.416416      6.614649      6.614649     13.229298
     -1.406406      6.210001      6.210001     12.420002
     -1.396396      6.868578      6.868578     13.737157
     -1.386386      8.262152      8.262152     16.524304
     -1.376376      9.992509      9.992509     19.985019
     -1.366366     11.674174     11.674174     23.348348
     -1.356356     13.027056     13.027056     26.054112
     -1.346346     13.944521     13.944521     27.889042
     -1.336336     14.498887     14.498887     28.997775
     -1.326326     14.873621     14.873621     29.747242
     -1.316316     15.254404     15.254404     30.508808
     -1.306306     15.737557     15.737557     31.475115
     -1.296296     16.301206     16.301206     32.602412
     -1.286286     16.840379     16.840379     33.680758
     -1.276276     17.226577     17.226577     34.453154
     -1.266266     17.346852     17.346852     34.693704
     -1.256256     17.108038     17.108038     34.216077
     -1.246246     16.428230     16.428230     32.856461
     -1.236236     15.246770     15.246770     30.493540
     -1.226226     13.560123     13.560123     27.120247
     -1.216216     11.458994     11.458994     22.917989
     -1.206206      9.132640      9.132640     18.265280
     -1.196196      6.827539      6.827539     13.655079
     -1.186186      4.779997      4.779997      9.559994
     -1.176176      3.159215      3.159215      6.318429
     -1.166166      2.048001      2.048001      4.096002
     -1.156156      1.462995      1.462995      2.925989
     -1.146146      1.393760      1.393760      2.787519
     -1.136136      1.832584      1.832584      3.665167
     -1.126126      2.774872      2.774872      5.549744
     -1.116116      4.187633      4.187633      8.375265
     -1.106106      5.963060      5.963060     11.926119
     -1.096096      7.887815      7.887815     15.775630
     -1.086086      9.658091      9.658091     19.316182
     -1.076076     10.951707     10.951707     21.903415
     -1.066066     11.537088     11.537088     23.074175
     -1.056056     11.371952     11.371952     22.743905
     -1.046046     10.640425     10.640425     21.280850
     -1.036036      9.701885      9.701885     19.403770
     -1.026026      8.965767      8.965767     17.931534
     -1.016016      8.741110      8.741110     17.482221
     -1.006006      9.121038      9.121038     18.242075
     -0.995996      9.947780      9.947780     19.895560
     -0.985986     10.871891     10.871891     21.743781
     -0.975976     11.482490     11.482490     22.964979
     -0.965966     11.456865     11.456865     22.913730
     -0.955956     10.669535     10.669535     21.339071
     -0.945946      9.219252      9.219252     18.438503
     -0.935936      7.370700      7.370700     14.741400
     -0.925926      5.446140      5.446140     10.892280
     -0.915916      3.719709      3.719709      7.439418
     -0.905906      2.356020      2.356020      4.712039
     -0.895896      1.405675      1.405675      2.811351
     -0.885886      0.842984      0.842984      1.685967
     -0.875876      0.618750      0.618750      1.237501
     -0.865866      0.704019      0.704019      1.408039
     -0.855856      1.110494      1.110494      2.220989
     -0.845846      1.882505      1.882505      3.765010
     -0.835836      3.062341      3.062341      6.124683
     -0.825826      4.638676      4.638676      9.277352
     -0.815816      6.497800      6.497800     12.995600
     -0.805806      8.404471      8.404471     16.808943
     -0.795796     10.034176     10.034176     20.068352
     -0.785786     11.057291     11.057291     22.114582
     -0.775776     11.246168     11.246168     22.492335
     -0.765766     10.557178     10.557178     21.114356
     -0.755756      9.147007      9.147007     18.294015
     -0.745746      7.314790      7.314790     14.629581
     -0.735736      5.399279      5.399279     10.798559
     -0.725726      3.679411      3.679411      7.358821
     -0.715716      2.317496      2.317496      4.634992
     -0.705706      1.356761      1.356761      2.713522
     -0.695696      0.758715      0.758715      1.517430
     -0.685686      0.454700      0.454700      0.909400
     -0.675676      0.390246      0.390246      0.780492
     -0.665666      0.551584      0.551584      1.103168
     -0.655656      0.971618      0.971618      1.943237
     -0.645646      1.715207      1.715207      3.430413
     -0.635636      2.844447      2.844447      5.688893
     -0.625626      4.369340      4.369340      8.738680
     -0.615616      6.199117      6.199117     12.398233
     -0.605606      8.118805      8.118805     16.237610
     -0.595596      9.814167      9.814167     19.628335
     -0.585586     10.949747     10.949747     21.899494
     -0.575576     11.275662     11.275662     22.551325
     -0.565566     10.716846     10.716846     21.433692
     -0.555556      9.401102      9.401102     18.802204
     -0.545546      7.611625      7.611625     15.223251
     -0.535536      5.688043      5.688043     11.376087
     -0.525526      3.923153      3.923153      7.846306
     -0.515516      2.497436      2.497436      4.994873
     -0.505506      1.467373      1.467373      2.934746
     -0.495495      0.795744      0.795744      1.591488
     -0.485485      0.398284      0.398284      0.796568
     -0.475475      0.183992      0.183992      0.367985
     -0.465465      0.078450      0.078450      0.156900
     -0.455455      0.030873      0.030873      0.061745
     -0.445445      0.011214      0.011214      0.022427
     -0.435435      0.003760      0.003760      0.007519
     -0.425425      0.001166      0.001166      0.002332
     -0.415415      0.000345      0.000345      0.000690
     -0.405405      0.000141      0.000141      0.000282
     -0.395395      0.000230      0.000230      0.000459
     -0.385385      0.000756      0.000756      0.001512
     -0.375375      0.002498      0.002498      0.004997
     -0.365365      0.007666      0.007666      0.015332
     -0.355355      0.021717      0.021717      0.043434
     -0.345345      0.056784      0.056784      0.113569
     -0.335335      0.137039      0.137039      0.274078
     -0.325325      0.305243      0.305243      0.610486
     -0.315315      0.627529      0.627529      1.255058
     -0.305305      1.190718      1.190718      2.381436
     -0.295295      2.085312      2.085312      4.170624
     -0.285285      3.370698      3.370698      6.741396
     -0.275275      5.028698      5.028698     10.057396
     -0.265265      6.924336      6.924336     13.848671
     -0.255255      8.800098      8.800098     17.600196
     -0.245245     10.322473     10.322473     20.644947
     -0.235235     11.175498     11.175498     22.350995
     -0.225225     11.167008     11.167008     22.334016
     -0.215215     10.298966     10.298966     20.597932
     -0.205205      8.766723      8.766723     17.533446
     -0.195195      6.887598      6.887598     13.775196
     -0.185185      4.994421      4.994421      9.988842
     -0.175175      3.342638      3.342638      6.685276
     -0.165165      2.064811      2.064811      4.129623
     -0.155155      1.177222      1.177222      2.354444
     -0.145145      0.619474      0.619474      1.238948
     -0.135135      0.300867      0.300867      0.601734
     -0.125125      0.134869      0.134869      0.269739
     -0.115115      0.055801      0.055801      0.111601
     -0.105105      0.021308      0.021308      0.042617
     -0.095095      0.007510      0.007510      0.015020
     -0.085085      0.002443      0.002443      0.004886
     -0.075075      0.000734      0.000734      0.001467
     -0.065065      0.000203      0.000203      0.000407
     -0.055055      0.000052      0.000052      0.000104
     -0.045045      0.000012      0.000012      0.000025
     -0.035035      0.000003      0.000003      0.000005
     -0.025025      0.000001      0.000001      0.000001
     -0.015015      0.000000      0.000000      0.000000
     -0.005005      0.000000      0.000000      0.000000
      0.005005      0.000000      0.000000      0.000000
      0.015015      0.000000      0.000000      0.000000
      0.025025      0.000001      0.000001      0.000001
      0.035035      0.000003      0.000003      0.000005
      0.045045      0.000012      0.000012      0.000025
      0.055055      0.000052      0.000052      0.000104
      0.065065      0.000203      0.000203      0.000407
      0.075075      0.000734      0.000734      0.001467
      0.085085      0.002443      0.002443      0.004886
      0.095095      0.007510      0.007510      0.015020
      0.105105      0.021308      0.021308      0.042617
      0.115115      0.055801      0.055801      0.111601
      0.125125      0.134869      0.134869      0.269739
      0.135135      0.300867      0.300867      0.601734
      0.145145      0.619474      0.619474      1.238948
      0.155155      1.177222      1.177222      2.354444
      0.165165      2.064811      2.064811      4.129623
      0.175175      3.342638      3.342638      6.685276
      0.185185      4.994421      4.994421      9.988842
      0.195195      6.887598      6.887598     13.775196
      0.205205      8.766723      8.766723     17.533446
      0.215215     10.298966     10.298966     20.597932
      0.225225     11.167008     11.167008     22.334016
      0.235235     11.175498     11.175498     22.350995
      0.245245     10.322473     10.322473     20.644947
      0.255255      8.800098      8.800098     17.600196
      0.265265      6.924336      6.924336     13.848671
      0.275275      5.028698      5.028698     10.057396
      0.285285      3.370698      3.370698      6.741396
      0.295295      2.085312      2.085312      4.170624
      0.305305      1.190718      1.190718      2.381436
      0.315315      0.627529      0.627529      1.255058
      0.325325      0.305243      0.305243      0.610486
      0.335335      0.137039      0.137039      0.274078
      0.345345      0.056784      0.056784      0.113569
      0.355355      0.021717      0.021717      0.043434
      0.365365      0.007666      0.007666      0.015332
      0.375375      0.002498      0.002498      0.004996
      0.385385      0.000753      0.000753      0.001505
      0.395395      0.000216      0.000216      0.000431
      0.405405      0.000084      0.000084      0.000169
      0.415415      0.000137      0.000137      0.000275
      0.425425      0.000466      0.000466      0.000932
      0.435435      0.001589      0.001589      0.003178
      0.445445      0.005028      0.005028      0.010056
      0.455455      0.014690      0.014690      0.029379
      0.465465      0.039612      0.039612      0.079223
      0.475475      0.098588      0.098588      0.197177
      0.485485      0.226472      0.226472      0.452945
      0.495495      0.480166      0.480166      0.960331
      0.505506      0.939624      0.939624      1.879247
      0.515516      1.697085      1.697085      3.394170
      0.525526      2.829047      2.829047      5.658094
      0.535536      4.352749      4.352749      8.705498
      0.545546      6.181216      6.181216     12.362433
      0.555556      8.101608      8.101608     16.203217
      0.565566      9.800673      9.800673     19.601346
      0.575576     10.942820     10.942820     21.885640
      0.585586     11.277070     11.277070     22.554141
      0.595596     10.726926     10.726926     21.453852
      0.605606      9.419624      9.419624     18.839247
      0.615616      7.640441      7.640441     15.280883
      0.625626      5.736364      5.736364     11.472727
      0.635636      4.016759      4.016759      8.033519
      0.645646      2.693403      2.693403      5.386806
      0.655656      1.874715      1.874715      3.749429
      0.665666      1.598662      1.598662      3.197324
      0.675676      1.872291      1.872291      3.744583
      0.685686      2.688848      2.688848      5.377696
      0.695696      4.011116      4.011116      8.022231
      0.705706      5.732551      5.732551     11.465101
      0.715716      7.645619      7.645619     15.291239
      0.725726      9.449994      9.449994     18.899989
      0.735736     10.816818     10.816818     21.633636
      0.745746     11.494170     11.494170     22.988340
      0.755756     11.409630     11.409630     22.819260
      0.765766     10.717693     10.717693     21.435386
      0.775776      9.760842      9.760842     19.521684
      0.785786      8.952758      8.952758     17.905517
      0.795796      8.628375      8.628375     17.256750
      0.805806      8.920175      8.920175     17.840351
      0.815816      9.709022      9.709022     19.418044
      0.825826     10.668372     10.668372     21.336744
      0.835836     11.384915     11.384915     22.769830
      0.845846     11.508568     11.508568     23.017135
      0.855856     10.872311     10.872311     21.744622
      0.865866      9.535520      9.535520     19.071040
      0.875876      7.739683      7.739683     15.479365
      0.885886      5.805303      5.805303     11.610605
      0.895896      4.021227      4.021227      8.042454
      0.905906      2.571532      2.571532      5.143063
      0.915916      1.517991      1.517991      3.035981
      0.925926      0.827183      0.827183      1.654365
      0.935936      0.416356      0.416356      0.832712
      0.945946      0.194530      0.194530      0.389060
      0.955956      0.087391      0.087391      0.174783
      0.965966      0.046458      0.046458      0.092917
      0.975976      0.049224      0.049224      0.098449
      0.985986      0.097336      0.097336      0.194671
      0.995996      0.216828      0.216828      0.433656
      1.006006      0.460191      0.460191      0.920382
      1.016016      0.905908      0.905908      1.811816
      1.026026      1.648527      1.648527      3.297053
      1.036036      2.773500      2.773500      5.546999
      1.046046      4.318159      4.318159      8.636317
      1.056056      6.232003      6.232003     12.464006
      1.066066      8.359316      8.359316     16.718632
      1.076076     10.464836     10.464836     20.929673
      1.086086     12.303573     12.303573     24.607146
      1.096096     13.706831     13.706831     27.413662
      1.106106     14.638463     14.638463     29.276927
      1.116116     15.186703     15.186703     30.373405
      1.126126     15.495939     15.495939     30.991878
      1.136136     15.683415     15.683415     31.366830
      1.146146     15.795561     15.795561     31.591123
      1.156156     15.827172     15.827172     31.654344
      1.166166     15.777400     15.777400     31.554800
      1.176176     15.689756     15.689756     31.379512
      1.186186     15.641122     15.641122     31.282244
      1.196196     15.691296     15.691296     31.382591
      1.206206     15.838977     15.838977     31.677954
      1.216216     16.022585     16.022585     32.045169
      1.226226     16.162751     16.162751     32.325502
      1.236236     16.205927     16.205927     32.411853
      1.246246     16.129155     16.129155     32.258311
      1.256256     15.903840     15.903840     31.807679
      1.266266     15.456655     15.456655     30.913309
      1.276276     14.672154     14.672154     29.344308
      1.286286     13.448334     13.448334     26.896669
      1.296296     11.772561     11.772561     23.545121
      1.306306      9.767790      9.767790     19.535580
      1.316316      7.680515      7.680515     15.361030
      1.326326      5.822087      5.822087     11.644174
      1.336336      4.501155      4.501155      9.002310
      1.346346      3.979215      3.979215      7.958431
      1.356356      4.453038      4.453038      8.906077
      1.366366      6.042323      6.042323     12.084646
      1.376376      8.758853      8.758853     17.517706
      1.386386     12.456235     12.456235     24.912469
      1.396396     16.789271     16.789271     33.578542
      1.406406     21.224770     21.224770     42.449540
      1.416416     25.127105     25.127105     50.254210
      1.426426     27.900761     27.900761     55.801522
      1.436436     29.135875     29.135875     58.271750
      1.446446     28.697889     28.697889     57.395777
      1.456456     26.732589     26.732589     53.465179
      1.466466     23.600486     23.600486     47.200972
      1.476476     19.780325     19.780325     39.560649
      1.486486     15.778830     15.778830     31.557659
      1.496496     12.063990     12.063990     24.127981
      1.506507      9.021773      9.021773     18.043546
      1.516517      6.929877      6.929877     13.859753
      1.526527      5.943153      5.943153     11.886307
      1.536537      6.087186      6.087186     12.174372
      1.546547      7.258760      7.258760     14.517521
      1.556557      9.236433      9.236433     18.472866
      1.566567     11.708655     11.708655     23.417311
      1.576577     14.324565     14.324565     28.649130
      1.586587     16.761684     16.761684     33.523368
      1.596597     18.792654     18.792654     37.585307
      1.606607     20.330170     20.330170     40.660341
      1.616617     21.437811     21.437811     42.875622
      1.626627     22.306212     22.306212     44.612423
      1.636637     23.199941     23.199941     46.399882
      1.646647     24.381249     24.381249     48.762497
      1.656657     26.021640     26.021640     52.043280
      1.666667     28.124993     28.124993     56.249987
      1.676677     30.497239     30.497239     60.994479
      1.686687     32.791259     32.791259     65.582519
      1.696697     34.624482     34.624482     69.248964
      1.706707     35.723459     35.723459     71.446917
      1.716717     36.022233     36.022233     72.044466
      1.726727     35.654991     35.654991     71.309981
      1.736737     34.840567     34.840567     69.681134
      1.746747     33.726628     33.726628     67.453255
      1.756757     32.296258     32.296258     64.592516
      1.766767     30.407084     30.407084     60.814168
      1.776777     27.947341     27.947341     55.894683
      1.786787     25.011369     25.011369     50.022738
      1.796797     21.976663     21.976663     43.953326
      1.806807     19.419992     19.419992     38.839983
      1.816817     17.902650     17.902650     35.805300
      1.826827     17.726658     17.726658     35.453315
      1.836837     18.778304     18.778304     37.556608
      1.846847     20.534259     20.534259     41.068518
      1.856857     22.234141     22.234141     44.468282
      1.866867     23.152753     23.152753     46.305507
      1.876877     22.861675     22.861675     45.723351
      1.886887     21.372072     21.372072     42.744143
      1.896897     19.101201     19.101201     38.202403
      1.906907     16.683588     16.683588     33.367176
      1.916917     14.716354     14.716354     29.432708
      1.926927     13.552704     13.552704     27.105408
      1.936937     13.227758     13.227758     26.455516
      1.946947     13.534223     13.534223     27.068445
      1.956957     14.194477     14.194477     28.388953
      1.966967     15.032227     15.032227     30.064454
      1.976977     16.050799     16.050799     32.101598
      1.986987     17.376713     17.376713     34.753427
      1.996997     19.104147     19.104147     38.208294
      2.007007     21.137895     21.137895     42.275790
      2.017017     23.140592     23.140592     46.281185
      2.027027     24.632336     24.632336     49.264673
      2.037037     25.197217     25.197217     50.394434
      2.047047     24.679887     24.679887     49.359774
      2.057057     23.255414     23.255414     46.510828
      2.067067     21.330929     21.330929     42.661858
      2.077077     19.339786     19.339786     38.679573
      2.087087     17.550738     17.550738     35.101476
      2.097097     15.997379     15.997379     31.994759
      2.107107     14.553267     14.553267     29.106534
      2.117117     13.091800     13.091800     26.183599
      2.127127     11.630683     11.630683     23.261367
      2.137137     10.384136     10.384136     20.768272
      2.147147      9.705876      9.705876     19.411752
      2.157157      9.960654      9.960654     19.921309
      2.167167     11.384560     11.384560     22.769119
      2.177177     13.984633     13.984633     27.969267
      2.187187     17.503642     17.503642     35.007284
      2.197197     21.452829     21.452829     42.905658
      2.207207     25.200561     25.200561     50.401121
      2.217217     28.096369     28.096369     56.192738
      2.227227     29.604732     29.604732     59.209464
      2.237237     29.419801     29.419801     58.839601
      2.247247     27.532753     27.532753     55.065506
      2.257257     24.230837     24.230837     48.461674
      2.267267     20.023997     20.023997     40.047993
      2.277277     15.518814     15.518814     31.037629
      2.287287     11.280595     11.280595     22.561190
      2.297297      7.730317      7.730317     15.460634
      2.307307      5.108161      5.108161     10.216323
      2.317317      3.505976      3.505976      7.011951
      2.327327      2.942369      2.942369      5.884739
      2.337337      3.439340      3.439340      6.878680
      2.347347      5.062506      5.062506     10.125012
      2.357357      7.903801      7.903801     15.807602
      2.367367     12.008524     12.008524     24.017048
      2.377377     17.271537     17.271537     34.543073
      2.387387     23.344658     23.344658     46.689317
      2.397397     29.602817     29.602817     59.205634
      2.407407     35.204617     35.204617     70.409233
      2.417417     39.252205     39.252205     78.504411
      2.427427     41.013237     41.013237     82.026475
      2.437437     40.131613     40.131613     80.263226
      2.447447     36.744594     36.744594     73.489187
      2.457457     31.453541     31.453541     62.907082
      2.467467     25.155033     25.155033     50.310066
      2.477477     18.799256     18.799256     37.598512
      2.487487     13.170497     13.170497     26.340995
      2.497497      8.765418      8.765418     17.530836
      2.507508      5.791897      5.791897     11.583793
      2.517518      4.255811      4.255811      8.511621
      2.527528      4.072986      4.072986      8.145972
      2.537538      5.147863      5.147863     10.295725
      2.547548      7.389565      7.389565     14.779129
      2.557558     10.672030     10.672030     21.344061
      2.567568     14.771781     14.771781     29.543562
      2.577578     19.326059     19.326059     38.652119
      2.587588     23.844316     23.844316     47.688632
      2.597598     27.782595     27.782595     55.565189
      2.607608     30.662564     30.662564     61.325129
      2.617618     32.195169     32.195169     64.390339
      2.627628     32.361909     32.361909     64.723818
      2.637638     31.419520     31.419520     62.839040
      2.647648     29.824032     29.824032     59.648065
      2.657658     28.105551     28.105551     56.211103
      2.667668     26.746247     26.746247     53.492494
      2.677678     26.106237     26.106237     52.212473
      2.687688     26.408754     26.408754     52.817508
      2.697698     27.759631     27.759631     55.519262
      2.707708     30.161624     30.161624     60.323248
      2.717718     33.499400     33.499400     66.998799
      2.727728     37.502477     37.502477     75.004954
      2.737738     41.719466     41.719466     83.438931
      2.747748     45.543351     45.543351     91.086702
      2.757758     48.311414     48.311414     96.622828
      2.767768     49.469248     49.469248     98.938497
      2.777778     48.747729     48.747729     97.495457
      2.787788     46.275413     46.275413     92.550825
      2.797798     42.559785     42.559785     85.119571
      2.807808     38.325138     38.325138     76.650277
      2.817818     34.267817     34.267817     68.535635
      2.827828     30.836305     30.836305     61.672610
      2.837838     28.132097     28.132097     56.264193
      2.847848     25.964168     25.964168     51.928336
      2.857858     24.014593     24.014593     48.029186
      2.867868     22.027474     22.027474     44.054947
      2.877878     19.935165     19.935165     39.870331
      2.887888     17.874520     17.874520     35.749039
      2.897898     16.098760     16.098760     32.197520
      2.907908     14.836057     14.836057     29.672114
      2.917918     14.167762     14.167762     28.335524
      2.927928     13.987853     13.987853     27.975705
      2.937938     14.062324     14.062324     28.124648
      2.947948     14.151980     14.151980     28.303961
      2.957958     14.125236     14.125236     28.250473
      2.967968     13.993828     13.993828     27.987655
      2.977978     13.853073     13.853073     27.706146
      2.987988     13.769657     13.769657     27.539314
      2.997998     13.693358     13.693358     27.386717
      3.008008     13.452081     13.452081     26.904161
      3.018018     12.834147     12.834147     25.668295
      3.028028     11.706527     11.706527     23.413055
      3.038038     10.099081     10.099081     20.198162
      3.048048      8.211738      8.211738     16.423476
      3.058058      6.350536      6.350536     12.701073
      3.068068      4.834441      4.834441      9.668881
      3.078078      3.917267      3.917267      7.834533
      3.088088      3.744500      3.744500      7.489001
      3.098098      4.337600      4.337600      8.675201
      3.108108      5.589670      5.589670     11.179339
      3.118118      7.268732      7.268732     14.537465
      3.128128      9.042629      9.042629     18.085258
      3.138138     10.542914     10.542914     21.085828
      3.148148     11.466395     11.466395     22.932791
      3.158158     11.683440     11.683440     23.366880
      3.168168     11.304281     11.304281     22.608562
      3.178178     10.664246     10.664246     21.328492
      3.188188     10.222777     10.222777     20.445555
      3.198198     10.409639     10.409639     20.819278
      3.208208     11.473720     11.473720     22.947440
      3.218218     13.387137     13.387137     26.774274
      3.228228     15.835768     15.835768     31.671535
      3.238238     18.298455     18.298455     36.596910
      3.248248     20.190139     20.190139     40.380278
      3.258258     21.024904     21.024904     42.049807
      3.268268     20.548156     20.548156     41.096311
      3.278278     18.796557     18.796557     37.593114
      3.288288     16.069062     16.069062     32.138123
      3.298298     12.824322     12.824322     25.648644
      3.308308      9.545571      9.545571     19.091142
      3.318318      6.622141      6.622141     13.244283
      3.328328      4.283974      4.283974      8.567949
      3.338338      2.599508      2.599508      5.199016
      3.348348      1.522082      1.522082      3.044164
      3.358358      0.956610      0.956610      1.913219
      3.368368      0.819104      0.819104      1.638209
      3.378378      1.071075      1.071075      2.142150
      3.388388      1.721381      1.721381      3.442762
      3.398398      2.796804      2.796804      5.593609
      3.408408      4.291008      4.291008      8.582016
      3.418418      6.111479      6.111479     12.222958
      3.428428      8.052036      8.052036     16.104072
      3.438438      9.816030      9.816030     19.632061
      3.448448     11.096291     11.096291     22.192581
      3.458458     11.687150     11.687150     23.374299
      3.468468     11.578615     11.578615     23.157230
      3.478478     10.981729     10.981729     21.963458
      3.488488     10.262854     10.262854     20.525707
      3.498498      9.809146      9.809146     19.618293
      3.508509      9.883143      9.883143     19.766287
      3.518519     10.531593     10.531593     21.063186
      3.528529     11.588679     11.588679     23.177358
      3.538539     12.768549     12.768549     25.537099
      3.548549     13.798164     13.798164     27.596329
      3.558559     14.521432     14.521432     29.042864
      3.568569     14.922712     14.922712     29.845424
      3.578579     15.065829     15.065829     30.131657
      3.588589     14.996318     14.996318     29.992636
      3.598599     14.675897     14.675897     29.351794
      3.608609     13.993268     13.993268     27.986536
      3.618619     12.841353     12.841353     25.682705
      3.628629     11.206401     11.206401     22.412803
      3.638639      9.209947      9.209947     18.419895
      3.648649      7.079751      7.079751     14.159502
      3.658659      5.072067      5.072067     10.144134
      3.668669      3.392581      3.392581      6.785162
      3.678679      2.155363      2.155363      4.310726
      3.688689      1.390557      1.390557      2.781113
      3.698699      1.084112      1.084112      2.168224
      3.708709      1.220692      1.220692      2.441384
      3.718719      1.804745      1.804745      3.609490
      3.728729      2.847954      2.847954      5.695907
      3.738739      4.327679      4.327679      8.655358
      3.748749      6.136573      6.136573     12.273146
      3.758759      8.053308      8.053308     16.106616
      3.768769      9.761235      9.761235     19.522471
      3.778779     10.921824     10.921824     21.843647
      3.788789     11.279516     11.279516     22.559032
      3.798799     10.751698     10.751698     21.503397
      3.808809      9.459140      9.459140     18.918280
      3.818819      7.680922      7.680922     15.361844
      3.828829      5.756548      5.756548     11.513097
      3.838839      3.981978      3.981978      7.963957
      3.848849      2.542316      2.542316      5.084632
      3.858859      1.498281      1.498281      2.996562
      3.868869      0.815548      0.815548      1.631097
      3.878879      0.411627      0.411627      0.823254
      3.888889      0.197566      0.197566      0.395133
      3.898899      0.103844      0.103844      0.207689
      3.908909      0.091463      0.091463      0.182927
      3.918919      0.154845      0.154845      0.309690
      3.928929      0.322308      0.322308      0.644616
      3.938939      0.655334      0.655334      1.310668
      3.948949      1.242774      1.242774      2.485548
      3.958959      2.183798      2.183798      4.367597
      3.968969      3.556537      3.556537      7.113074
      3.978979      5.378572      5.378572     10.757144
      3.988989      7.576615      7.576615     15.153231
      3.998999      9.987038      9.987038     19.974076
      4.009009     12.398285     12.398285     24.796571
      4.019019     14.622061     14.622061     29.244122
      4.029029     16.556945     16.556945     33.113890
      4.039039     18.205283     18.205283     36.410567
      4.049049     19.629461     19.629461     39.258922
      4.059059     20.873014     20.873014     41.746028
      4.069069     21.897975     21.897975     43.795950
      4.079079     22.582911     22.582911     45.165822
      4.089089     22.790157     22.790157     45.580313
      4.099099     22.468727     22.468727     44.937453
      4.109109     21.735558     21.735558     43.471116
      4.119119     20.883529     20.883529     41.767058
      4.129129     20.296847     20.296847     40.593694
      4.139139     20.299749     20.299749     40.599499
      4.149149     21.003902     21.003902     42.007805
      4.159159     22.232323     22.232323     44.464647
      4.169169     23.569780     23.569780     47.139560
      4.179179     24.528557     24.528557     49.057115
      4.189189     24.754815     24.754815     49.509631
      4.199199     24.173573     24.173573     48.347147
      4.209209     23.000747     23.000747     46.001495
      4.219219     21.623428     21.623428     43.246855
      4.229229     20.420154     20.420154     40.840308
      4.239239     19.617080     19.617080     39.234161
      4.249249     19.241603     19.241603     38.483206
      4.259259     19.170751     19.170751     38.341502
      4.269269     19.223345     19.223345     38.446691
      4.279279     19.240206     19.240206     38.480413
      4.289289     19.125884     19.125884     38.251767
      4.299299     18.856150     18.856150     37.712299
      4.309309     18.465044     18.465044     36.930089
      4.319319     18.018720     18.018720     36.037440
      4.329329     17.581092     17.581092     35.162184
      4.339339     17.186467     17.186467     34.372935
      4.349349     16.842020     16.842020     33.684039
      4.359359     16.568548     16.568548     33.137096
      4.369369     16.453695     16.453695     32.907390
      4.379379     16.666066     16.666066     33.332132
      4.389389     17.391416     17.391416     34.782833
      4.399399     18.704019     18.704019     37.408037
      4.409409     20.443265     20.443265     40.886531
      4.419419     22.182739     22.182739     44.365478
      4.429429     23.336635     23.336635     46.673271
      4.439439     23.369300     23.369300     46.738600
      4.449449     22.008790     22.008790     44.017580
      4.459459     19.358639     19.358639     38.717278
      4.469469     15.858125     15.858125     31.716251
      4.479479     12.122989     12.122989     24.245979
      4.489489      8.753535      8.753535     17.507071
      4.499499      6.195689      6.195689     12.391379
      4.509510      4.693250      4.693250      9.386499
      4.519520      4.313936      4.313936      8.627871
      4.529530      5.002904      5.002904     10.005808
      4.539540      6.625294      6.625294     13.250589
      4.549550      8.988095      8.988095     17.976191
      4.559560     11.855080     11.855080     23.710160
      4.569570     14.970091     14.970091     29.940182
      4.579580     18.087174     18.087174     36.174349
      4.589590     20.990489     20.990489     41.980979
      4.599600     23.490953     23.490953     46.981906
      4.609610     25.409818     25.409818     50.819636
      4.619620     26.580415     26.580415     53.160829
      4.629630     26.893734     26.893734     53.787468
      4.639640     26.378289     26.378289     52.756578
      4.649650     25.265024     25.265024     50.530048
      4.659660     23.978364     23.978364     47.956728
      4.669670     23.028686     23.028686     46.057373
      4.679680     22.839547     22.839547     45.679095
      4.689690     23.585586     23.585586     47.171173
      4.699700     25.115842     25.115842     50.231684
      4.709710     26.994803     26.994803     53.989606
      4.719720     28.638808     28.638808     57.277616
      4.729730     29.490427     29.490427     58.980854
      4.739740     29.171478     29.171478     58.342956
      4.749750     27.576608     27.576608     55.153216
      4.759760     24.894574     24.894574     49.789149
      4.769770     21.561268     21.561268     43.122536
      4.779780     18.158195     18.158195     36.316390
      4.789790     15.279340     15.279340     30.558680
      4.799800     13.400021     13.400021     26.800043
      4.809810     12.786754     12.786754     25.573507
      4.819820     13.477671     13.477671     26.955342
      4.829830     15.335650     15.335650     30.671300
      4.839840     18.140674     18.140674     36.281348
      4.849850     21.665023     21.665023     43.330045
      4.859860     25.684741     25.684741     51.369481
      4.869870     29.925685     29.925685     59.851370
      4.879880     33.996490     33.996490     67.992980
      4.889890     37.382626     37.382626     74.765252
      4.899900     39.540962     39.540962     79.081924
      4.909910     40.062049     40.062049     80.124098
      4.919920     38.811796     38.811796     77.623592
      4.929930     35.970723     35.970723     71.941446
      4.939940     31.953753     31.953753     63.907506
      4.949950     27.265493     27.265493     54.530986
      4.959960     22.371642     22.371642     44.743284
      4.969970     17.635538     17.635538     35.271076
      4.979980     13.314881     13.314881     26.629761
      4.989990      9.581734      9.581734     19.163468
      5.000000      6.534983      6.534983     13.069966
