# EIG2DOS: Utility for SIESTA to obtain the electronic density of states
#  E. Artacho, Apr 1999, A. Garcia, Apr 2012
#  Nick R. Papior, Feb 2017
# ------------------------------------------
# Eigenvalues calculated from a non-polarized calculation
# Eigenvalues read from siesta.EIG
# Kpoint weights read from siesta.KP
# Using smearing parameter:   0.0500
# Using 1000 points in the energy range
# Selected bands: 1 to: 2981
# Emin, Emax in file for selected band(s):    -27.0329446    218.3027950
# Nbands, Nspin, Nk   =   2981     1     1
# E_F                 =    -4.3068 eV --> (shifted to ZERO)
# Broadening          =     0.0500 eV
#
#        E            N(up)  (=)   N(down)         Ntot
     -5.000000     41.992059     41.992059     83.984118
     -4.989990     46.787265     46.787265     93.574530
     -4.979980     50.502918     50.502918    101.005835
     -4.969970     52.613371     52.613371    105.226743
     -4.959960     52.798014     52.798014    105.596028
     -4.949950     51.046414     51.046414    102.092828
     -4.939940     47.686626     47.686626     95.373252
     -4.929930     43.332405     43.332405     86.664811
     -4.919920     38.779247     38.779247     77.558495
     -4.909910     34.888137     34.888137     69.776274
     -4.899900     32.474211     32.474211     64.948422
     -4.889890     32.185858     32.185858     64.371715
     -4.879880     34.353216     34.353216     68.706433
     -4.869870     38.822814     38.822814     77.645628
     -4.859860     44.855208     44.855208     89.710416
     -4.849850     51.189510     51.189510    102.379020
     -4.839840     56.327502     56.327502    112.655004
     -4.829830     58.972477     58.972477    117.944954
     -4.819820     58.447283     58.447283    116.894566
     -4.809810     54.897050     54.897050    109.794101
     -4.799800     49.181840     49.181840     98.363680
     -4.789790     42.523800     42.523800     85.047601
     -4.779780     36.088831     36.088831     72.177662
     -4.769770     30.684971     30.684971     61.369941
     -4.759760     26.663615     26.663615     53.327231
     -4.749750     23.992996     23.992996     47.985992
     -4.739740     22.409554     22.409554     44.819108
     -4.729730     21.560235     21.560235     43.120470
     -4.719720     21.094471     21.094471     42.188942
     -4.709710     20.706914     20.706914     41.413829
     -4.699700     20.152352     20.152352     40.304704
     -4.689690     19.256909     19.256909     38.513819
     -4.679680     17.942497     17.942497     35.884994
     -4.669670     16.267147     16.267147     32.534294
     -4.659660     14.465836     14.465836     28.931671
     -4.649650     12.963669     12.963669     25.927339
     -4.639640     12.334622     12.334622     24.669245
     -4.629630     13.194106     13.194106     26.388212
     -4.619620     16.035336     16.035336     32.070672
     -4.609610     21.042365     21.042365     42.084730
     -4.599600     27.935073     27.935073     55.870146
     -4.589590     35.916469     35.916469     71.832938
     -4.579580     43.782956     43.782956     87.565911
     -4.569570     50.208375     50.208375    100.416749
     -4.559560     54.131744     54.131744    108.263487
     -4.549550     55.107582     55.107582    110.215164
     -4.539540     53.466548     53.466548    106.933097
     -4.529530     50.203062     50.203062    100.406123
     -4.519520     46.625594     46.625594     93.251188
     -4.509510     43.910641     43.910641     87.821283
     -4.499499     42.737129     42.737129     85.474258
     -4.489489     43.130450     43.130450     86.260900
     -4.479479     44.546469     44.546469     89.092937
     -4.469469     46.129400     46.129400     92.258801
     -4.459459     47.026216     47.026216     94.052431
     -4.449449     46.646297     46.646297     93.292594
     -4.439439     44.800919     44.800919     89.601837
     -4.429429     41.712023     41.712023     83.424046
     -4.419419     37.918735     37.918735     75.837470
     -4.409409     34.124308     34.124308     68.248615
     -4.399399     31.022750     31.022750     62.045499
     -4.389389     29.137001     29.137001     58.274003
     -4.379379     28.698292     28.698292     57.396584
     -4.369369     29.596450     29.596450     59.192900
     -4.359359     31.422228     31.422228     62.844456
     -4.349349     33.597687     33.597687     67.195375
     -4.339339     35.556461     35.556461     71.112923
     -4.329329     36.911663     36.911663     73.823325
     -4.319319     37.552605     37.552605     75.105211
     -4.309309     37.642833     37.642833     75.285666
     -4.299299     37.533263     37.533263     75.066525
     -4.289289     37.631735     37.631735     75.263470
     -4.279279     38.271641     38.271641     76.543281
     -4.269269     39.605647     39.605647     79.211295
     -4.259259     41.536575     41.536575     83.073150
     -4.249249     43.699814     43.699814     87.399628
     -4.239239     45.521426     45.521426     91.042852
     -4.229229     46.367671     46.367671     92.735342
     -4.219219     45.760120     45.760120     91.520240
     -4.209209     43.575351     43.575351     87.150702
     -4.199199     40.125914     40.125914     80.251828
     -4.189189     36.063374     36.063374     72.126749
     -4.179179     32.138155     32.138155     64.276311
     -4.169169     28.933550     28.933550     57.867099
     -4.159159     26.704614     26.704614     53.409228
     -4.149149     25.388775     25.388775     50.777550
     -4.139139     24.758906     24.758906     49.517812
     -4.129129     24.620309     24.620309     49.240618
     -4.119119     24.941918     24.941918     49.883836
     -4.109109     25.853657     25.853657     51.707314
     -4.099099     27.511358     27.511358     55.022716
     -4.089089     29.900277     29.900277     59.800555
     -4.079079     32.690283     32.690283     65.380566
     -4.069069     35.244499     35.244499     70.488999
     -4.059059     36.810637     36.810637     73.621273
     -4.049049     36.820085     36.820085     73.640169
     -4.039039     35.145828     35.145828     70.291657
     -4.029029     32.181017     32.181017     64.362035
     -4.019019     28.697039     28.697039     57.394079
     -4.009009     25.562722     25.562722     51.125444
     -3.998999     23.473903     23.473903     46.947807
     -3.988989     22.814271     22.814271     45.628543
     -3.978979     23.672170     23.672170     47.344340
     -3.968969     25.946221     25.946221     51.892442
     -3.958959     29.445143     29.445143     58.890286
     -3.948949     33.929845     33.929845     67.859690
     -3.938939     39.113116     39.113116     78.226233
     -3.928929     44.667484     44.667484     89.334969
     -3.918919     50.272105     50.272105    100.544211
     -3.908909     55.678765     55.678765    111.357530
     -3.898899     60.741994     60.741994    121.483988
     -3.888889     65.370276     65.370276    130.740552
     -3.878879     69.408264     69.408264    138.816528
     -3.868869     72.517681     72.517681    145.035363
     -3.858859     74.146711     74.146711    148.293421
     -3.848849     73.644213     73.644213    147.288427
     -3.838839     70.498928     70.498928    140.997856
     -3.828829     64.605620     64.605620    129.211239
     -3.818819     56.427592     56.427592    112.855184
     -3.808809     46.962705     46.962705     93.925409
     -3.798799     37.510445     37.510445     75.020890
     -3.788789     29.329330     29.329330     58.658660
     -3.778779     23.316293     23.316293     46.632587
     -3.768769     19.816400     19.816400     39.632799
     -3.758759     18.606417     18.606417     37.212834
     -3.748749     19.030374     19.030374     38.060747
     -3.738739     20.227078     20.227078     40.454156
     -3.728729     21.381448     21.381448     42.762896
     -3.718719     21.940496     21.940496     43.880992
     -3.708709     21.748605     21.748605     43.497210
     -3.698699     21.071828     21.071828     42.143656
     -3.688689     20.500636     20.500636     41.001273
     -3.678679     20.748244     20.748244     41.496487
     -3.668669     22.394956     22.394956     44.789912
     -3.658659     25.657269     25.657269     51.314537
     -3.648649     30.266718     30.266718     60.533436
     -3.638639     35.514009     35.514009     71.028018
     -3.628629     40.451181     40.451181     80.902363
     -3.618619     44.174910     44.174910     88.349819
     -3.608609     46.077042     46.077042     92.154084
     -3.598599     45.969799     45.969799     91.939599
     -3.588589     44.060698     44.060698     88.121396
     -3.578579     40.821862     40.821862     81.643724
     -3.568569     36.827454     36.827454     73.654909
     -3.558559     32.614721     32.614721     65.229442
     -3.548549     28.588430     28.588430     57.176860
     -3.538539     24.968953     24.968953     49.937906
     -3.528529     21.786899     21.786899     43.573797
     -3.518519     18.931052     18.931052     37.862104
     -3.508509     16.242299     16.242299     32.484597
     -3.498498     13.620152     13.620152     27.240303
     -3.488488     11.094931     11.094931     22.189862
     -3.478478      8.833480      8.833480     17.666959
     -3.468468      7.080359      7.080359     14.160717
     -3.458458      6.065200      6.065200     12.130401
     -3.448448      5.914071      5.914071     11.828142
     -3.438438      6.592335      6.592335     13.184670
     -3.428428      7.893406      7.893406     15.786812
     -3.418418      9.479626      9.479626     18.959252
     -3.408408     10.972958     10.972958     21.945917
     -3.398398     12.076473     12.076473     24.152946
     -3.388388     12.686719     12.686719     25.373439
     -3.378378     12.948519     12.948519     25.897038
     -3.368368     13.221299     13.221299     26.442598
     -3.358358     13.964990     13.964990     27.929980
     -3.348348     15.590096     15.590096     31.180192
     -3.338338     18.326534     18.326534     36.653068
     -3.328328     22.145339     22.145339     44.290678
     -3.318318     26.736817     26.736817     53.473633
     -3.308308     31.534890     31.534890     63.069780
     -3.298298     35.787331     35.787331     71.574661
     -3.288288     38.684515     38.684515     77.369031
     -3.278278     39.546613     39.546613     79.093225
     -3.268268     38.026550     38.026550     76.053099
     -3.258258     34.246120     34.246120     68.492240
     -3.248248     28.788082     28.788082     57.576164
     -3.238238     22.529216     22.529216     45.058431
     -3.228228     16.381187     16.381187     32.762375
     -3.218218     11.051284     11.051284     22.102568
     -3.208208      6.914649      6.914649     13.829299
     -3.198198      4.023467      4.023467      8.046933
     -3.188188      2.213830      2.213830      4.427660
     -3.178178      1.243687      1.243687      2.487374
     -3.168168      0.907763      0.907763      1.815525
     -3.158158      1.105596      1.105596      2.211192
     -3.148148      1.862626      1.862626      3.725252
     -3.138138      3.312005      3.312005      6.624010
     -3.128128      5.642408      5.642408     11.284816
     -3.118118      9.016575      9.016575     18.033151
     -3.108108     13.474385     13.474385     26.948771
     -3.098098     18.849848     18.849848     37.699696
     -3.088088     24.740844     24.740844     49.481689
     -3.078078     30.559865     30.559865     61.119730
     -3.068068     35.660489     35.660489     71.320978
     -3.058058     39.493377     39.493377     78.986754
     -3.048048     41.724594     41.724594     83.449188
     -3.038038     42.267988     42.267988     84.535976
     -3.028028     41.234845     41.234845     82.469690
     -3.018018     38.853568     38.853568     77.707137
     -3.008008     35.422408     35.422408     70.844817
     -2.997998     31.320785     31.320785     62.641569
     -2.987988     27.048790     27.048790     54.097580
     -2.977978     23.233869     23.233869     46.467738
     -2.967968     20.560518     20.560518     41.121036
     -2.957958     19.627893     19.627893     39.255785
     -2.947948     20.785445     20.785445     41.570889
     -2.937938     24.011212     24.011212     48.022425
     -2.927928     28.879560     28.879560     57.759120
     -2.917918     34.631440     34.631440     69.262881
     -2.907908     40.328711     40.328711     80.657422
     -2.897898     45.053472     45.053472     90.106943
     -2.887888     48.104294     48.104294     96.208588
     -2.877878     49.141235     49.141235     98.282469
     -2.867868     48.240434     48.240434     96.480869
     -2.857858     45.838806     45.838806     91.677612
     -2.847848     42.580070     42.580070     85.160140
     -2.837838     39.108536     39.108536     78.217071
     -2.827828     35.881918     35.881918     71.763835
     -2.817818     33.072992     33.072992     66.145983
     -2.807808     30.595735     30.595735     61.191470
     -2.797798     28.236539     28.236539     56.473078
     -2.787788     25.821672     25.821672     51.643344
     -2.777778     23.335888     23.335888     46.671775
     -2.767768     20.935322     20.935322     41.870645
     -2.757758     18.857277     18.857277     37.714554
     -2.747748     17.287640     17.287640     34.575280
     -2.737738     16.269543     16.269543     32.539087
     -2.727728     15.709332     15.709332     31.418665
     -2.717718     15.473065     15.473065     30.946129
     -2.707708     15.506886     15.506886     31.013772
     -2.697698     15.896577     15.896577     31.793153
     -2.687688     16.819223     16.819223     33.638446
     -2.677678     18.411123     18.411123     36.822246
     -2.667668     20.635087     20.635087     41.270174
     -2.657658     23.237023     23.237023     46.474047
     -2.647648     25.828626     25.828626     51.657252
     -2.637638     28.052501     28.052501     56.105002
     -2.627628     29.731547     29.731547     59.463093
     -2.617618     30.914347     30.914347     61.828694
     -2.607608     31.797302     31.797302     63.594604
     -2.597598     32.583237     32.583237     65.166473
     -2.587588     33.368115     33.368115     66.736230
     -2.577578     34.111995     34.111995     68.223990
     -2.567568     34.681600     34.681600     69.363200
     -2.557558     34.908735     34.908735     69.817469
     -2.547548     34.623169     34.623169     69.246338
     -2.537538     33.667879     33.667879     67.335757
     -2.527528     31.935262     31.935262     63.870523
     -2.517518     29.442772     29.442772     58.885545
     -2.507508     26.414378     26.414378     52.828756
     -2.497497     23.301146     23.301146     46.602291
     -2.487487     20.694657     20.694657     41.389314
     -2.477477     19.149463     19.149463     38.298926
     -2.467467     18.990704     18.990704     37.981407
     -2.457457     20.199955     20.199955     40.399910
     -2.447447     22.437228     22.437228     44.874456
     -2.437437     25.191461     25.191461     50.382922
     -2.427427     27.990287     27.990287     55.980574
     -2.417417     30.571259     30.571259     61.142518
     -2.407407     32.934035     32.934035     65.868071
     -2.397397     35.249021     35.249021     70.498042
     -2.387387     37.667629     37.667629     75.335259
     -2.377377     40.129998     40.129998     80.259997
     -2.367367     42.272658     42.272658     84.545316
     -2.357357     43.495882     43.495882     86.991764
     -2.347347     43.175718     43.175718     86.351436
     -2.337337     40.933141     40.933141     81.866282
     -2.327327     36.839203     36.839203     73.678406
     -2.317317     31.460853     31.460853     62.921707
     -2.307307     25.726049     25.726049     51.452099
     -2.297297     20.668562     20.668562     41.337124
     -2.287287     17.157693     17.157693     34.315385
     -2.277277     15.707049     15.707049     31.414098
     -2.267267     16.406839     16.406839     32.813679
     -2.257257     18.971110     18.971110     37.942220
     -2.247247     22.859620     22.859620     45.719239
     -2.237237     27.425752     27.425752     54.851505
     -2.227227     32.046705     32.046705     64.093411
     -2.217217     36.204243     36.204243     72.408486
     -2.207207     39.505211     39.505211     79.010422
     -2.197197     41.659525     41.659525     83.319051
     -2.187187     42.456277     42.456277     84.912554
     -2.177177     41.776947     41.776947     83.553894
     -2.167167     39.651908     39.651908     79.303816
     -2.157157     36.320947     36.320947     72.641895
     -2.147147     32.235494     32.235494     64.470988
     -2.137137     27.964163     27.964163     55.928326
     -2.127127     24.024243     24.024243     48.048486
     -2.117117     20.718022     20.718022     41.436045
     -2.107107     18.061113     18.061113     36.122225
     -2.097097     15.840464     15.840464     31.680927
     -2.087087     13.765326     13.765326     27.530651
     -2.077077     11.625494     11.625494     23.250988
     -2.067067      9.377691      9.377691     18.755382
     -2.057057      7.132438      7.132438     14.264877
     -2.047047      5.071419      5.071419     10.142838
     -2.037037      3.353402      3.353402      6.706803
     -2.027027      2.055987      2.055987      4.111973
     -2.017017      1.167984      1.167984      2.335968
     -2.007007      0.618331      0.618331      1.236663
     -1.996997      0.316741      0.316741      0.633481
     -1.986987      0.187309      0.187309      0.374619
     -1.976977      0.188618      0.188618      0.377235
     -1.966967      0.322624      0.322624      0.645247
     -1.956957      0.636295      0.636295      1.272591
     -1.946947      1.216317      1.216317      2.432635
     -1.936937      2.173058      2.173058      4.346116
     -1.926927      3.609907      3.609907      7.219815
     -1.916917      5.580191      5.580191     11.160383
     -1.906907      8.043826      8.043826     16.087651
     -1.896897     10.842993     10.842993     21.685987
     -1.886887     13.713462     13.713462     27.426924
     -1.876877     16.334549     16.334549     32.669098
     -1.866867     18.403553     18.403553     36.807107
     -1.856857     19.710247     19.710247     39.420494
     -1.846847     20.188437     20.188437     40.376874
     -1.836837     19.930111     19.930111     39.860222
     -1.826827     19.156268     19.156268     38.312536
     -1.816817     18.146901     18.146901     36.293801
     -1.806807     17.145708     17.145708     34.291417
     -1.796797     16.272310     16.272310     32.544621
     -1.786787     15.483196     15.483196     30.966391
     -1.776777     14.607463     14.607463     29.214926
     -1.766767     13.445700     13.445700     26.891401
     -1.756757     11.882949     11.882949     23.765897
     -1.746747      9.957558      9.957558     19.915116
     -1.736737      7.855407      7.855407     15.710815
     -1.726727      5.844084      5.844084     11.688168
     -1.716717      4.192655      4.192655      8.385311
     -1.706707      3.120668      3.120668      6.241337
     -1.696697      2.790714      2.790714      5.581427
     -1.686687      3.324761      3.324761      6.649523
     -1.676677      4.807563      4.807563      9.615127
     -1.666667      7.250352      7.250352     14.500704
     -1.656657     10.519470     10.519470     21.038940
     -1.646647     14.270330     14.270330     28.540660
     -1.636637     17.944504     17.944504     35.889007
     -1.626627     20.869601     20.869601     41.739201
     -1.616617     22.449977     22.449977     44.899954
     -1.606607     22.378518     22.378518     44.757036
     -1.596597     20.774280     20.774280     41.548561
     -1.586587     18.178959     18.178959     36.357919
     -1.576577     15.411301     15.411301     30.822602
     -1.566567     13.340045     13.340045     26.680090
     -1.556557     12.657106     12.657106     25.314213
     -1.546547     13.711864     13.711864     27.423728
     -1.536537     16.432314     16.432314     32.864629
     -1.526527     20.336816     20.336816     40.673632
     -1.516517     24.633789     24.633789     49.267579
     -1.506507     28.398779     28.398779     56.797557
     -1.496496     30.796178     30.796178     61.592356
     -1.486486     31.286304     31.286304     62.572608
     -1.476476     29.751012     29.751012     59.502023
     -1.466466     26.496596     26.496596     52.993192
     -1.456456     22.140855     22.140855     44.281710
     -1.446446     17.434775     17.434775     34.869550
     -1.436436     13.085285     13.085285     26.170570
     -1.426426      9.629727      9.629727     19.259455
     -1.416416      7.379126      7.379126     14.758252
     -1.406406      6.416933      6.416933     12.833865
     -1.396396      6.627940      6.627940     13.255880
     -1.386386      7.740407      7.740407     15.480814
     -1.376376      9.381284      9.381284     18.762568
     -1.366366     11.152068     11.152068     22.304136
     -1.356356     12.721278     12.721278     25.442556
     -1.346346     13.906723     13.906723     27.813445
     -1.336336     14.708417     14.708417     29.416833
     -1.326326     15.268794     15.268794     30.537588
     -1.316316     15.775720     15.775720     31.551439
     -1.306306     16.358384     16.358384     32.716769
     -1.296296     17.028587     17.028587     34.057175
     -1.286286     17.687283     17.687283     35.374565
     -1.276276     18.174802     18.174802     36.349603
     -1.266266     18.325329     18.325329     36.650658
     -1.256256     18.001496     18.001496     36.002992
     -1.246246     17.112996     17.112996     34.225993
     -1.236236     15.635211     15.635211     31.270423
     -1.226226     13.631359     13.631359     27.262719
     -1.216216     11.262140     11.262140     22.524280
     -1.206206      8.763724      8.763724     17.527447
     -1.196196      6.393389      6.393389     12.786779
     -1.186186      4.365651      4.365651      8.731302
     -1.176176      2.809798      2.809798      5.619595
     -1.166166      1.766769      1.766769      3.533537
     -1.156156      1.220481      1.220481      2.440962
     -1.146146      1.141688      1.141688      2.283376
     -1.136136      1.519012      1.519012      3.038025
     -1.126126      2.360129      2.360129      4.720258
     -1.116116      3.660706      3.660706      7.321412
     -1.106106      5.355056      5.355056     10.710112
     -1.096096      7.275821      7.275821     14.551642
     -1.086086      9.153431      9.153431     18.306862
     -1.076076     10.672841     10.672841     21.345681
     -1.066066     11.576241     11.576241     23.152482
     -1.056056     11.769571     11.769571     23.539142
     -1.046046     11.377808     11.377808     22.755616
     -1.036036     10.711656     10.711656     21.423312
     -1.026026     10.149923     10.149923     20.299845
     -1.016016      9.985156      9.985156     19.970311
     -1.006006     10.300905     10.300905     20.601809
     -0.995996     10.936298     10.936298     21.872595
     -0.985986     11.554110     11.554110     23.108220
     -0.975976     11.781270     11.781270     23.562539
     -0.965966     11.358335     11.358335     22.716671
     -0.955956     10.232831     10.232831     20.465661
     -0.945946      8.561482      8.561482     17.122964
     -0.935936      6.631985      6.631985     13.263971
     -0.925926      4.750549      4.750549      9.501097
     -0.915916      3.148810      3.148810      6.297620
     -0.905906      1.943227      1.943227      3.886454
     -0.895896      1.148605      1.148605      2.297209
     -0.885886      0.724312      0.724312      1.448625
     -0.875876      0.625602      0.625602      1.251203
     -0.865866      0.839141      0.839141      1.678282
     -0.855856      1.392151      1.392151      2.784303
     -0.845846      2.332818      2.332818      4.665636
     -0.835836      3.686824      3.686824      7.373648
     -0.825826      5.403955      5.403955     10.807910
     -0.815816      7.318472      7.318472     14.636945
     -0.805806      9.149923      9.149923     18.299846
     -0.795796     10.559018     10.559018     21.118036
     -0.785786     11.246602     11.246602     22.493205
     -0.775776     11.056232     11.056232     22.112464
     -0.765766     10.031833     10.031833     20.063666
     -0.755756      8.401209      8.401209     16.802417
     -0.745746      6.493777      6.493777     12.987553
     -0.735736      4.633155      4.633155      9.266310
     -0.725726      3.052339      3.052339      6.104679
     -0.715716      1.860135      1.860135      3.720269
     -0.705706      1.058159      1.058159      2.116318
     -0.695696      0.586998      0.586998      1.173996
     -0.685686      0.376312      0.376312      0.752625
     -0.675676      0.382266      0.382266      0.764532
     -0.665666      0.606228      0.606228      1.212457
     -0.655656      1.094230      1.094230      2.188461
     -0.645646      1.917158      1.917158      3.834316
     -0.635636      3.132358      3.132358      6.264716
     -0.625626      4.733198      4.733198      9.466397
     -0.615616      6.603857      6.603857     13.207714
     -0.605606      8.504744      8.504744     17.009489
     -0.595596     10.109235     10.109235     20.218470
     -0.585586     11.090815     11.090815     22.181631
     -0.575576     11.230414     11.230414     22.460828
     -0.565566     10.495785     10.495785     20.991571
     -0.555556      9.053593      9.053593     18.107187
     -0.545546      7.207985      7.207985     14.415970
     -0.535536      5.296557      5.296557     10.593113
     -0.525526      3.592198      3.592198      7.184395
     -0.515516      2.248608      2.248608      4.497215
     -0.505506      1.299134      1.299134      2.598268
     -0.495495      0.692757      0.692757      1.385515
     -0.485485      0.340953      0.340953      0.681907
     -0.475475      0.154880      0.154880      0.309760
     -0.465465      0.064936      0.064936      0.129871
     -0.455455      0.025128      0.025128      0.050256
     -0.445445      0.008975      0.008975      0.017950
     -0.435435      0.002959      0.002959      0.005918
     -0.425425      0.000903      0.000903      0.001806
     -0.415415      0.000265      0.000265      0.000530
     -0.405405      0.000117      0.000117      0.000234
     -0.395395      0.000217      0.000217      0.000434
     -0.385385      0.000730      0.000730      0.001460
     -0.375375      0.002422      0.002422      0.004843
     -0.365365      0.007447      0.007447      0.014894
     -0.355355      0.021142      0.021142      0.042285
     -0.345345      0.055400      0.055400      0.110800
     -0.335335      0.133985      0.133985      0.267970
     -0.325325      0.299082      0.299082      0.598164
     -0.315315      0.616183      0.616183      1.232367
     -0.305305      1.171702      1.171702      2.343403
     -0.295295      2.056415      2.056415      4.112830
     -0.285285      3.331129      3.331129      6.662258
     -0.275275      4.980339      4.980339      9.960678
     -0.265265      6.872476      6.872476     13.744952
     -0.255255      8.752950      8.752950     17.505899
     -0.245245     10.289220     10.289220     20.578440
     -0.235235     11.163422     11.163422     22.326844
     -0.225225     11.178900     11.178900     22.357801
     -0.215215     10.332078     10.332078     20.664156
     -0.205205      8.813798      8.813798     17.627596
     -0.195195      6.939455      6.939455     13.878911
     -0.185185      5.042832      5.042832     10.085665
     -0.175175      3.382287      3.382287      6.764575
     -0.165165      2.093791      2.093791      4.187582
     -0.155155      1.196308      1.196308      2.392616
     -0.145145      0.630870      0.630870      1.261739
     -0.135135      0.307060      0.307060      0.614120
     -0.125125      0.137941      0.137941      0.275882
     -0.115115      0.057194      0.057194      0.114388
     -0.105105      0.021887      0.021887      0.043775
     -0.095095      0.007731      0.007731      0.015462
     -0.085085      0.002520      0.002520      0.005040
     -0.075075      0.000758      0.000758      0.001517
     -0.065065      0.000211      0.000211      0.000421
     -0.055055      0.000054      0.000054      0.000108
     -0.045045      0.000013      0.000013      0.000026
     -0.035035      0.000003      0.000003      0.000006
     -0.025025      0.000001      0.000001      0.000001
     -0.015015      0.000000      0.000000      0.000000
     -0.005005      0.000000      0.000000      0.000000
      0.005005      0.000000      0.000000      0.000000
      0.015015      0.000000      0.000000      0.000000
      0.025025      0.000001      0.000001      0.000001
      0.035035      0.000003      0.000003      0.000006
      0.045045      0.000013      0.000013      0.000026
      0.055055      0.000054      0.000054      0.000108
      0.065065      0.000211      0.000211      0.000421
      0.075075      0.000758      0.000758      0.001517
      0.085085      0.002520      0.002520      0.005040
      0.095095      0.007731      0.007731      0.015462
      0.105105      0.021887      0.021887      0.043775
      0.115115      0.057194      0.057194      0.114388
      0.125125      0.137941      0.137941      0.275882
      0.135135      0.307060      0.307060      0.614120
      0.145145      0.630870      0.630870      1.261740
      0.155155      1.196309      1.196309      2.392618
      0.165165      2.093792      2.093792      4.187584
      0.175175      3.382289      3.382289      6.764578
      0.185185      5.042834      5.042834     10.085668
      0.195195      6.939457      6.939457     13.878915
      0.205205      8.813800      8.813800     17.627600
      0.215215     10.332079     10.332079     20.664158
      0.225225     11.178901     11.178901     22.357801
      0.235235     11.163422     11.163422     22.326843
      0.245245     10.289219     10.289219     20.578438
      0.255255      8.752948      8.752948     17.505896
      0.265265      6.872474      6.872474     13.744948
      0.275275      4.980337      4.980337      9.960674
      0.285285      3.331127      3.331127      6.662255
      0.295295      2.056414      2.056414      4.112828
      0.305305      1.171701      1.171701      2.343402
      0.315315      0.616183      0.616183      1.232366
      0.325325      0.299082      0.299082      0.598163
      0.335335      0.133985      0.133985      0.267970
      0.345345      0.055400      0.055400      0.110800
      0.355355      0.021142      0.021142      0.042284
      0.365365      0.007447      0.007447      0.014894
      0.375375      0.002421      0.002421      0.004843
      0.385385      0.000728      0.000728      0.001456
      0.395395      0.000209      0.000209      0.000418
      0.405405      0.000086      0.000086      0.000171
      0.415415      0.000149      0.000149      0.000298
      0.425425      0.000508      0.000508      0.001016
      0.435435      0.001724      0.001724      0.003448
      0.445445      0.005426      0.005426      0.010853
      0.455455      0.015767      0.015767      0.031533
      0.465465      0.042282      0.042282      0.084565
      0.475475      0.104657      0.104657      0.209314
      0.485485      0.239092      0.239092      0.478184
      0.495495      0.504136      0.504136      1.008272
      0.505506      0.981110      0.981110      1.962219
      0.515516      1.762277      1.762277      3.524553
      0.525526      2.921579      2.921579      5.843157
      0.535536      4.470416      4.470416      8.940832
      0.545546      6.313428      6.313428     12.626855
      0.555556      8.229428      8.229428     16.458855
      0.565566      9.900609      9.900609     19.801218
      0.575576     10.993720     10.993720     21.987440
      0.585586     11.267489     11.267489     22.534979
      0.595596     10.659630     10.659630     21.319261
      0.605606      9.311207      9.311207     18.622414
      0.615616      7.516763      7.516763     15.033525
      0.625626      5.626907      5.626907     11.253815
      0.635636      3.951457      3.951457      7.902914
      0.645646      2.703528      2.703528      5.407057
      0.655656      1.996150      1.996150      3.992300
      0.665666      1.872902      1.872902      3.745804
      0.675676      2.339793      2.339793      4.679587
      0.685686      3.372147      3.372147      6.744294
      0.695696      4.891465      4.891465      9.782929
      0.705706      6.731275      6.731275     13.462550
      0.715716      8.624950      8.624950     17.249901
      0.725726     10.243066     10.243066     20.486132
      0.735736     11.282492     11.282492     22.564983
      0.745746     11.576155     11.576155     23.152310
      0.755756     11.171503     11.171503     22.343006
      0.765766     10.332667     10.332667     20.665334
      0.775776      9.454825      9.454825     18.909650
      0.785786      8.920829      8.920829     17.841658
      0.795796      8.957444      8.957444     17.914889
      0.805806      9.549220      9.549220     19.098439
      0.815816     10.444362     10.444362     20.888725
      0.825826     11.250276     11.250276     22.500552
      0.835836     11.580531     11.580531     23.161063
      0.845846     11.193796     11.193796     22.387593
      0.855856     10.069181     10.069181     20.138362
      0.865866      8.392211      8.392211     16.784421
      0.875876      6.467335      6.467335     12.934671
      0.885886      4.603860      4.603860      9.207720
      0.895896      3.026024      3.026024      6.052049
      0.905906      1.836060      1.836060      3.672121
      0.915916      1.028319      1.028319      2.056637
      0.925926      0.531623      0.531623      1.063246
      0.935936      0.253826      0.253826      0.507653
      0.945946      0.112411      0.112411      0.224822
      0.955956      0.047797      0.047797      0.095594
      0.965966      0.024419      0.024419      0.048838
      0.975976      0.026897      0.026897      0.053794
      0.985986      0.056992      0.056992      0.113984
      0.995996      0.134084      0.134084      0.268168
      1.006006      0.298969      0.298969      0.597938
      1.016016      0.617852      0.617852      1.235704
      1.026026      1.180750      1.180750      2.361500
      1.036036      2.087567      2.087567      4.175134
      1.046046      3.418441      3.418441      6.836883
      1.056056      5.193752      5.193752     10.387503
      1.066066      7.340231      7.340231     14.680462
      1.076076      9.684765      9.684765     19.369530
      1.086086     11.988614     11.988614     23.977228
      1.096096     14.012744     14.012744     28.025488
      1.106106     15.583248     15.583248     31.166496
      1.116116     16.623049     16.623049     33.246098
      1.126126     17.138681     17.138681     34.277362
      1.136136     17.183424     17.183424     34.366847
      1.146146     16.832870     16.832870     33.665740
      1.156156     16.191397     16.191397     32.382795
      1.166166     15.412473     15.412473     30.824946
      1.176176     14.695225     14.695225     29.390451
      1.186186     14.235607     14.235607     28.471215
      1.196196     14.151273     14.151273     28.302547
      1.206206     14.429223     14.429223     28.858446
      1.216216     14.936000     14.936000     29.872001
      1.226226     15.486554     15.486554     30.973108
      1.236236     15.924777     15.924777     31.849554
      1.246246     16.162051     16.162051     32.324103
      1.256256     16.155867     16.155867     32.311735
      1.266266     15.859350     15.859350     31.718701
      1.276276     15.194228     15.194228     30.388456
      1.286286     14.077524     14.077524     28.155048
      1.296296     12.486204     12.486204     24.972408
      1.306306     10.512779     10.512779     21.025558
      1.316316      8.372273      8.372273     16.744545
      1.326326      6.357428      6.357428     12.714855
      1.336336      4.773007      4.773007      9.546014
      1.346346      3.886039      3.886039      7.772078
      1.356356      3.906448      3.906448      7.812896
      1.366366      4.982902      4.982902      9.965804
      1.376376      7.185882      7.185882     14.371765
      1.386386     10.463627     10.463627     20.927254
      1.396396     14.586640     14.586640     29.173279
      1.406406     19.120660     19.120660     38.241320
      1.416416     23.466372     23.466372     46.932745
      1.426426     26.973342     26.973342     53.946683
      1.436436     29.093705     29.093705     58.187410
      1.446446     29.516043     29.516043     59.032086
      1.456456     28.228929     28.228929     56.457859
      1.466466     25.499401     25.499401     50.998802
      1.476476     21.788790     21.788790     43.577581
      1.486486     17.645281     17.645281     35.290563
      1.496496     13.606570     13.606570     27.213141
      1.506507     10.129701     10.129701     20.259402
      1.516517      7.551055      7.551055     15.102110
      1.526527      6.071281      6.071281     12.142562
      1.536537      5.755910      5.755910     11.511820
      1.546547      6.542559      6.542559     13.085117
      1.556557      8.251398      8.251398     16.502797
      1.566567     10.604385     10.604385     21.208770
      1.576577     13.262667     13.262667     26.525334
      1.586587     15.884736     15.884736     31.769471
      1.596597     18.193927     18.193927     36.387853
      1.606607     20.034284     20.034284     40.068568
      1.616617     21.396665     21.396665     42.793331
      1.626627     22.408964     22.408964     44.817927
      1.636637     23.294956     23.294956     46.589912
      1.646647     24.309845     24.309845     48.619689
      1.656657     25.661622     25.661622     51.323243
      1.666667     27.433608     27.433608     54.867215
      1.676677     29.534089     29.534089     59.068178
      1.686687     31.702753     31.702753     63.405506
      1.696697     33.588375     33.588375     67.176751
      1.706707     34.877600     34.877600     69.755199
      1.716717     35.417626     35.417626     70.835251
      1.726727     35.263651     35.263651     70.527301
      1.736737     34.614285     34.614285     69.228569
      1.746747     33.665500     33.665500     67.331001
      1.756757     32.474320     32.474320     64.948641
      1.766767     30.928979     30.928979     61.857959
      1.776777     28.858318     28.858318     57.716636
      1.786787     26.218614     26.218614     52.437228
      1.796797     23.237520     23.237520     46.475040
      1.806807     20.414306     20.414306     40.828612
      1.816817     18.358566     18.358566     36.717132
      1.826827     17.540307     17.540307     35.080614
      1.836837     18.070631     18.070631     36.141261
      1.846847     19.616936     19.616936     39.233872
      1.856857     21.496045     21.496045     42.992090
      1.866867     22.912662     22.912662     45.825324
      1.876877     23.248399     23.248399     46.496798
      1.886887     22.282438     22.282438     44.564875
      1.896897     20.252331     20.252331     40.504662
      1.906907     17.734067     17.734067     35.468134
      1.916917     15.401744     15.401744     30.803487
      1.926927     13.777854     13.777854     27.555708
      1.936937     13.080956     13.080956     26.161911
      1.946947     13.224154     13.224154     26.448308
      1.956957     13.944183     13.944183     27.888367
      1.966967     14.981178     14.981178     29.962357
      1.976977     16.209561     16.209561     32.419123
      1.986987     17.650684     17.650684     35.301367
      1.996997     19.366501     19.366501     38.733003
      2.007007     21.306817     21.306817     42.613633
      2.017017     23.216913     23.216913     46.433826
      2.027027     24.680674     24.680674     49.361348
      2.037037     25.289658     25.289658     50.579317
      2.047047     24.843250     24.843250     49.686501
      2.057057     23.457444     23.457444     46.914887
      2.067067     21.512243     21.512243     43.024486
      2.077077     19.466913     19.466913     38.933827
      2.087087     17.652194     17.652194     35.304388
      2.097097     16.157361     16.157361     32.314722
      2.107107     14.866119     14.866119     29.732237
      2.117117     13.604955     13.604955     27.209909
      2.127127     12.308816     12.308816     24.617633
      2.137137     11.112057     11.112057     22.224114
      2.147147     10.325032     10.325032     20.650065
      2.157157     10.319360     10.319360     20.638720
      2.167167     11.381958     11.381958     22.763915
      2.177177     13.597906     13.597906     27.195812
      2.187187     16.796992     16.796992     33.593984
      2.197197     20.569326     20.569326     41.138653
      2.207207     24.336357     24.336357     48.672714
      2.217217     27.457753     27.457753     54.915506
      2.227227     29.355441     29.355441     58.710882
      2.237237     29.634966     29.634966     59.269932
      2.247247     28.178467     28.178467     56.356934
      2.257257     25.179529     25.179529     50.359058
      2.267267     21.099314     21.099314     42.198629
      2.277277     16.549763     16.549763     33.099527
      2.287287     12.142041     12.142041     24.284082
      2.297297      8.356361      8.356361     16.712723
      2.307307      5.479282      5.479282     10.958564
      2.317317      3.621660      3.621660      7.243320
      2.327327      2.794144      2.794144      5.588288
      2.337337      2.996028      2.996028      5.992055
      2.347347      4.273823      4.273823      8.547646
      2.357357      6.722397      6.722397     13.444794
      2.367367     10.424665     10.424665     20.849331
      2.377377     15.349038     15.349038     30.698077
      2.387387     21.242992     21.242992     42.485984
      2.397397     27.571379     27.571379     55.142757
      2.407407     33.542735     33.542735     67.085470
      2.417417     38.241425     38.241425     76.482849
      2.427427     40.841810     40.841810     81.683620
      2.437437     40.838250     40.838250     81.676500
      2.447447     38.204204     38.204204     76.408408
      2.457457     33.412162     33.412162     66.824324
      2.467467     27.301028     27.301028     54.602055
      2.477477     20.843294     20.843294     41.686588
      2.487487     14.905370     14.905370     29.810739
      2.497497     10.088329     10.088329     20.176658
      2.507508      6.689275      6.689275     13.378550
      2.517518      4.764494      4.764494      9.528989
      2.527528      4.236670      4.236670      8.473341
      2.537538      4.984869      4.984869      9.969738
      2.547548      6.881689      6.881689     13.763379
      2.557558      9.777733      9.777733     19.555467
      2.567568     13.460380     13.460380     26.920760
      2.577578     17.621698     17.621698     35.243395
      2.587588     21.860652     21.860652     43.721304
      2.597598     25.726810     25.726810     51.453621
      2.607608     28.796376     28.796376     57.592752
      2.617618     30.760804     30.760804     61.521608
      2.627628     31.502471     31.502471     63.004941
      2.637638     31.130859     31.130859     62.261718
      2.647648     29.961021     29.961021     59.922041
      2.657658     28.436842     28.436842     56.873683
      2.667668     27.027255     27.027255     54.054511
      2.677678     26.136310     26.136310     52.272620
      2.687688     26.055461     26.055461     52.110922
      2.697698     26.956126     26.956126     53.912253
      2.707708     28.896051     28.896051     57.792102
      2.717718     31.813080     31.813080     63.626160
      2.727728     35.501996     35.501996     71.003991
      2.737738     39.594716     39.594716     79.189432
      2.747748     43.573871     43.573871     87.147741
      2.757758     46.840638     46.840638     93.681276
      2.767768     48.835710     48.835710     97.671421
      2.777778     49.185195     49.185195     98.370390
      2.787788     47.820312     47.820312     95.640624
      2.797798     45.014512     45.014512     90.029023
      2.807808     41.306220     41.306220     82.612441
      2.817818     37.325988     37.325988     74.651976
      2.827828     33.597288     33.597288     67.194576
      2.837838     30.397545     30.397545     60.795090
      2.847848     27.736061     27.736061     55.472122
      2.857858     25.445718     25.445718     50.891435
      2.867868     23.330962     23.330962     46.661923
      2.877878     21.293920     21.293920     42.587840
      2.887888     19.379698     19.379698     38.759397
      2.897898     17.727749     17.727749     35.455498
      2.907908     16.465890     16.465890     32.931780
      2.917918     15.613554     15.613554     31.227107
      2.927928     15.054670     15.054670     30.109339
      2.937938     14.598516     14.598516     29.197033
      2.947948     14.091219     14.091219     28.182438
      2.957958     13.505974     13.505974     27.011948
      2.967968     12.951075     12.951075     25.902149
      2.977978     12.586488     12.586488     25.172976
      2.987988     12.499012     12.499012     24.998024
      2.997998     12.613874     12.613874     25.227747
      3.008008     12.698985     12.698985     25.397969
      3.018018     12.461697     12.461697     24.923394
      3.028028     11.683402     11.683402     23.366805
      3.038038     10.318374     10.318374     20.636749
      3.048048      8.508746      8.508746     17.017493
      3.058058      6.517635      6.517635     13.035270
      3.068068      4.624095      4.624095      9.248190
      3.078078      3.033927      3.033927      6.067854
      3.088088      1.839891      1.839891      3.679781
      3.098098      1.032833      1.032833      2.065666
      3.108108      0.542616      0.542616      1.085232
      3.118118      0.283532      0.283532      0.567064
      3.128128      0.188426      0.188426      0.376853
      3.138138      0.228147      0.228147      0.456293
      3.148148      0.420101      0.420101      0.840203
      3.158158      0.829505      0.829505      1.659010
      3.168168      1.562300      1.562300      3.124599
      3.178178      2.744687      2.744687      5.489374
      3.188188      4.485135      4.485135      8.970269
      3.198198      6.822274      6.822274     13.644548
      3.208208      9.673391      9.673391     19.346783
      3.218218     12.806285     12.806285     25.612570
      3.228228     15.855015     15.855015     31.710029
      3.238238     18.385799     18.385799     36.771597
      3.248248     19.999072     19.999072     39.998143
      3.258258     20.437648     20.437648     40.875297
      3.268268     19.666485     19.666485     39.332970
      3.278278     17.897445     17.897445     35.794889
      3.288288     15.548379     15.548379     31.096757
      3.298298     13.144272     13.144272     26.288544
      3.308308     11.184805     11.184805     22.369611
      3.318318     10.013932     10.013932     20.027863
      3.328328      9.729949      9.729949     19.459898
      3.338338     10.166895     10.166895     20.333789
      3.348348     10.959359     10.959359     21.918718
      3.358358     11.675503     11.675503     23.351006
      3.368368     11.974937     11.974937     23.949873
      3.378378     11.732034     11.732034     23.464067
      3.388388     11.073236     11.073236     22.146473
      3.398398     10.310315     10.310315     20.620630
      3.408408      9.796654      9.796654     19.593307
      3.418418      9.768361      9.768361     19.536723
      3.428428     10.239157     10.239157     20.478314
      3.438438     10.994527     10.994527     21.989054
      3.448448     11.687439     11.687439     23.374879
      3.458458     11.993463     11.993463     23.986926
      3.468468     11.756647     11.756647     23.513294
      3.478478     11.061398     11.061398     22.122796
      3.488488     10.199230     10.199230     20.398460
      3.498498      9.547105      9.547105     19.094210
      3.508509      9.413090      9.413090     18.826180
      3.518519      9.917358      9.917358     19.834716
      3.528529     10.958038     10.958038     21.916075
      3.538539     12.271455     12.271455     24.542910
      3.548549     13.552409     13.552409     27.104817
      3.558559     14.572096     14.572096     29.144191
      3.568569     15.234865     15.234865     30.469731
      3.578579     15.551725     15.551725     31.103451
      3.588589     15.559503     15.559503     31.119007
      3.598599     15.247324     15.247324     30.494648
      3.608609     14.542986     14.542986     29.085971
      3.618619     13.366500     13.366500     26.733000
      3.628629     11.709680     11.709680     23.419360
      3.638639      9.684339      9.684339     19.368677
      3.648649      7.506639      7.506639     15.013277
      3.658659      5.429318      5.429318     10.858637
      3.668669      3.663904      3.663904      7.327807
      3.678679      2.334060      2.334060      4.668120
      3.688689      1.476303      1.476303      2.952606
      3.698699      1.076141      1.076141      2.152283
      3.708709      1.112639      1.112639      2.225277
      3.718719      1.585438      1.585438      3.170875
      3.728729      2.509727      2.509727      5.019454
      3.738739      3.880036      3.880036      7.760072
      3.748749      5.619357      5.619357     11.238715
      3.758759      7.541913      7.541913     15.083827
      3.768769      9.359097      9.359097     18.718193
      3.778779     10.742868     10.742868     21.485736
      3.788789     11.431824     11.431824     22.863648
      3.798799     11.336934     11.336934     22.673867
      3.808809     10.595377     10.595377     21.190755
      3.818819      9.540504      9.540504     19.081007
      3.828829      8.593806      8.593806     17.187612
      3.838839      8.119630      8.119630     16.239259
      3.848849      8.297866      8.297866     16.595731
      3.858859      9.061065      9.061065     18.122129
      3.868869     10.118022     10.118022     20.236045
      3.878879     11.055672     11.055672     22.111345
      3.888889     11.482953     11.482953     22.965907
      3.898899     11.163067     11.163067     22.326134
      3.908909     10.083826     10.083826     20.167651
      3.918919      8.442699      8.442699     16.885398
      3.928929      6.562409      6.562409     13.124817
      3.938939      4.782918      4.782918      9.565836
      3.948949      3.379065      3.379065      6.758130
      3.958959      2.530030      2.530030      5.060060
      3.968969      2.333989      2.333989      4.667978
      3.978979      2.839132      2.839132      5.678265
      3.988989      4.061412      4.061412      8.122823
      3.998999      5.976697      5.976697     11.953395
      4.009009      8.497480      8.497480     16.994961
      4.019019     11.457408     11.457408     22.914816
      4.029029     14.622527     14.622527     29.245055
      4.039039     17.729290     17.729290     35.458581
      4.049049     20.529865     20.529865     41.059729
      4.059059     22.820641     22.820641     45.641282
      4.069069     24.444774     24.444774     48.889549
      4.079079     25.282690     25.282690     50.565380
      4.089089     25.256106     25.256106     50.512213
      4.099099     24.359882     24.359882     48.719765
      4.109109     22.708737     22.708737     45.417475
      4.119119     20.563152     20.563152     41.126304
      4.129129     18.299397     18.299397     36.598793
      4.139139     16.316228     16.316228     32.632455
      4.149149     14.910488     14.910488     29.820976
      4.159159     14.180695     14.180695     28.361389
      4.169169     14.011881     14.011881     28.023762
      4.179179     14.155082     14.155082     28.310163
      4.189189     14.361962     14.361962     28.723923
      4.199199     14.502003     14.502003     29.004006
      4.209209     14.599824     14.599824     29.199648
      4.219219     14.779558     14.779558     29.559116
      4.229229     15.159830     15.159830     30.319660
      4.239239     15.768394     15.768394     31.536787
      4.249249     16.523724     16.523724     33.047448
      4.259259     17.280856     17.280856     34.561711
      4.269269     17.899487     17.899487     35.798975
      4.279279     18.290586     18.290586     36.581173
      4.289289     18.426850     18.426850     36.853700
      4.299299     18.331511     18.331511     36.663022
      4.309309     18.064586     18.064586     36.129172
      4.319319     17.709964     17.709964     35.419927
      4.329329     17.355464     17.355464     34.710928
      4.339339     17.067101     17.067101     34.134203
      4.349349     16.876744     16.876744     33.753488
      4.359359     16.802816     16.802816     33.605632
      4.369369     16.896208     16.896208     33.792416
      4.379379     17.269672     17.269672     34.539344
      4.389389     18.064363     18.064363     36.128726
      4.399399     19.346901     19.346901     38.693802
      4.409409     20.989988     20.989988     41.979975
      4.419419     22.621899     22.621899     45.243798
      4.429429     23.703234     23.703234     47.406469
      4.439439     23.714821     23.714821     47.429643
      4.449449     22.368022     22.368022     44.736044
      4.459459     19.728821     19.728821     39.457643
      4.469469     16.194347     16.194347     32.388694
      4.479479     12.342457     12.342457     24.684913
      4.489489      8.738062      8.738062     17.476125
      4.499499      5.788374      5.788374     11.576748
      4.509510      3.697632      3.697632      7.395264
      4.519520      2.513930      2.513930      5.027860
      4.529530      2.220713      2.220713      4.441425
      4.539540      2.817143      2.817143      5.634285
      4.549550      4.347816      4.347816      8.695632
      4.559560      6.869296      6.869296     13.738591
      4.569570     10.368695     10.368695     20.737391
      4.579580     14.672297     14.672297     29.344595
      4.589590     19.393022     19.393022     38.786045
      4.599600     23.956484     23.956484     47.912969
      4.609610     27.714524     27.714524     55.429047
      4.619620     30.114118     30.114118     60.228237
      4.629630     30.859662     30.859662     61.719325
      4.639640     30.004893     30.004893     60.009786
      4.649650     27.938068     27.938068     55.876136
      4.659660     25.265631     25.265631     50.531262
      4.669670     22.636655     22.636655     45.273310
      4.679680     20.569839     20.569839     41.139678
      4.689690     19.341356     19.341356     38.682711
      4.699700     18.966089     18.966089     37.932178
      4.709710     19.265079     19.265079     38.530157
      4.719720     19.975967     19.975967     39.951935
      4.729730     20.850816     20.850816     41.701632
      4.739740     21.704303     21.704303     43.408606
      4.749750     22.411661     22.411661     44.823323
      4.759760     22.884615     22.884615     45.769230
      4.769770     23.057695     23.057695     46.115391
      4.779780     22.899089     22.899089     45.798178
      4.789790     22.436222     22.436222     44.872444
      4.799800     21.773338     21.773338     43.546675
      4.809810     21.083104     21.083104     42.166208
      4.819820     20.572114     20.572114     41.144228
      4.829830     20.438223     20.438223     40.876446
      4.839840     20.841647     20.841647     41.683294
      4.849850     21.896534     21.896534     43.793068
      4.859860     23.667163     23.667163     47.334327
      4.869870     26.145212     26.145212     52.290425
      4.879880     29.203373     29.203373     58.406747
      4.889890     32.552135     32.552135     65.104271
      4.899900     35.741249     35.741249     71.482498
      4.909910     38.228422     38.228422     76.456844
      4.919920     39.498682     39.498682     78.997364
      4.929930     39.189513     39.189513     78.379027
      4.939940     37.177877     37.177877     74.355753
      4.949950     33.607468     33.607468     67.214935
      4.959960     28.856919     28.856919     57.713838
      4.969970     23.460975     23.460975     46.921949
      4.979980     18.001916     18.001916     36.003831
      4.989990     12.995203     12.995203     25.990406
      5.000000      8.799058      8.799058     17.598116
