# EIG2DOS: Utility for SIESTA to obtain the electronic density of states
#  E. Artacho, Apr 1999, A. Garcia, Apr 2012
#  Nick R. Papior, Feb 2017
# ------------------------------------------
# Eigenvalues calculated from a non-polarized calculation
# Eigenvalues read from siesta.EIG
# Kpoint weights read from siesta.KP
# Using smearing parameter:   0.0500
# Using 1000 points in the energy range
# Selected bands: 1 to: 2981
# Emin, Emax in file for selected band(s):    -27.3637237    218.3836980
# Nbands, Nspin, Nk   =   2981     1     1
# E_F                 =    -4.2149 eV --> (shifted to ZERO)
# Broadening          =     0.0500 eV
#
#        E            N(up)  (=)   N(down)         Ntot
     -5.000000     30.348908     30.348908     60.697816
     -4.989990     35.173610     35.173610     70.347220
     -4.979980     39.951012     39.951012     79.902024
     -4.969970     43.914702     43.914702     87.829404
     -4.959960     46.331929     46.331929     92.663858
     -4.949950     46.741708     46.741708     93.483415
     -4.939940     45.116586     45.116586     90.233172
     -4.929930     41.891068     41.891068     83.782135
     -4.919920     37.862522     37.862522     75.725044
     -4.909910     34.016008     34.016008     68.032016
     -4.899900     31.328358     31.328358     62.656717
     -4.889890     30.580488     30.580488     61.160976
     -4.879880     32.186016     32.186016     64.372033
     -4.869870     36.054718     36.054718     72.109436
     -4.859860     41.539853     41.539853     83.079705
     -4.849850     47.529676     47.529676     95.059352
     -4.839840     52.704656     52.704656    105.409312
     -4.829830     55.903037     55.903037    111.806075
     -4.819820     56.466641     56.466641    112.933283
     -4.809810     54.427451     54.427451    108.854903
     -4.799800     50.458676     50.458676    100.917352
     -4.789790     45.617821     45.617821     91.235643
     -4.779780     40.994541     40.994541     81.989081
     -4.769770     37.398967     37.398967     74.797933
     -4.759760     35.185847     35.185847     70.371693
     -4.749750     34.241197     34.241197     68.482395
     -4.739740     34.100823     34.100823     68.201645
     -4.729730     34.141049     34.141049     68.282098
     -4.719720     33.776494     33.776494     67.552989
     -4.709710     32.609036     32.609036     65.218072
     -4.699700     30.495165     30.495165     60.990330
     -4.689690     27.533444     27.533444     55.066889
     -4.679680     24.005695     24.005695     48.011390
     -4.669670     20.315268     20.315268     40.630536
     -4.659660     16.947068     16.947068     33.894136
     -4.649650     14.442029     14.442029     28.884058
     -4.639640     13.357268     13.357268     26.714535
     -4.629630     14.185155     14.185155     28.370311
     -4.619620     17.227206     17.227206     34.454412
     -4.609610     22.450678     22.450678     44.901357
     -4.599600     29.384531     29.384531     58.769063
     -4.589590     37.122067     37.122067     74.244133
     -4.579580     44.475308     44.475308     88.950615
     -4.569570     50.267715     50.267715    100.535429
     -4.559560     53.678467     53.678467    107.356933
     -4.549550     54.504361     54.504361    109.008723
     -4.539540     53.219855     53.219855    106.439710
     -4.529530     50.794232     50.794232    101.588465
     -4.519520     48.330948     48.330948     96.661897
     -4.509510     46.673730     46.673730     93.347461
     -4.499499     46.137004     46.137004     92.274009
     -4.489489     46.459565     46.459565     92.919129
     -4.479479     46.980419     46.980419     93.960838
     -4.469469     46.942953     46.942953     93.885906
     -4.459459     45.790347     45.790347     91.580694
     -4.449449     43.337547     43.337547     86.675094
     -4.439439     39.776387     39.776387     79.552773
     -4.429429     35.551222     35.551222     71.102444
     -4.419419     31.191583     31.191583     62.383166
     -4.409409     27.184149     27.184149     54.368297
     -4.399399     23.918272     23.918272     47.836545
     -4.389389     21.682443     21.682443     43.364886
     -4.379379     20.662268     20.662268     41.324536
     -4.369369     20.909517     20.909517     41.819033
     -4.359359     22.297209     22.297209     44.594417
     -4.349349     24.508451     24.508451     49.016902
     -4.339339     27.098760     27.098760     54.197521
     -4.329329     29.627812     29.627812     59.255625
     -4.319319     31.808991     31.808991     63.617982
     -4.309309     33.606366     33.606366     67.212733
     -4.299299     35.228597     35.228597     70.457194
     -4.289289     37.013121     37.013121     74.026242
     -4.279279     39.239170     39.239170     78.478341
     -4.269269     41.939448     41.939448     83.878896
     -4.259259     44.790867     44.790867     89.581735
     -4.249249     47.148456     47.148456     94.296913
     -4.239239     48.237879     48.237879     96.475757
     -4.229229     47.449568     47.449568     94.899135
     -4.219219     44.613620     44.613620     89.227239
     -4.209209     40.122766     40.122766     80.245533
     -4.199199     34.832069     34.832069     69.664138
     -4.189189     29.772346     29.772346     59.544691
     -4.179179     25.807555     25.807555     51.615110
     -4.169169     23.388843     23.388843     46.777686
     -4.159159     22.499912     22.499912     44.999823
     -4.149149     22.789403     22.789403     45.578806
     -4.139139     23.802927     23.802927     47.605853
     -4.129129     25.196973     25.196973     50.393946
     -4.119119     26.841306     26.841306     53.682612
     -4.109109     28.774941     28.774941     57.549882
     -4.099099     31.048562     31.048562     62.097124
     -4.089089     33.541214     33.541214     67.082429
     -4.079079     35.859628     35.859628     71.719256
     -4.069069     37.397162     37.397162     74.794324
     -4.059059     37.549437     37.549437     75.098874
     -4.049049     35.991982     35.991982     71.983964
     -4.039039     32.877888     32.877888     65.755776
     -4.029029     28.847020     28.847020     57.694041
     -4.019019     24.837033     24.837033     49.674066
     -4.009009     21.789024     21.789024     43.578048
     -3.998999     20.384373     20.384373     40.768746
     -3.988989     20.914077     20.914077     41.828155
     -3.978979     23.299759     23.299759     46.599519
     -3.968969     27.212322     27.212322     54.424644
     -3.958959     32.209647     32.209647     64.419295
     -3.948949     37.840154     37.840154     75.680309
     -3.938939     43.703374     43.703374     87.406748
     -3.928929     49.485144     49.485144     98.970288
     -3.918919     54.978596     54.978596    109.957191
     -3.908909     60.078949     60.078949    120.157897
     -3.898899     64.731219     64.731219    129.462439
     -3.888889     68.832094     68.832094    137.664188
     -3.878879     72.127138     72.127138    144.254275
     -3.868869     74.169155     74.169155    148.338309
     -3.858859     74.387815     74.387815    148.775630
     -3.848849     72.267813     72.267813    144.535626
     -3.838839     67.572158     67.572158    135.144316
     -3.828829     60.514232     60.514232    121.028463
     -3.818819     51.796313     51.796313    103.592627
     -3.808809     42.486442     42.486442     84.972884
     -3.798799     33.771786     33.771786     67.543573
     -3.788789     26.673222     26.673222     53.346445
     -3.778779     21.813897     21.813897     43.627794
     -3.768769     19.306886     19.306886     38.613771
     -3.758759     18.782197     18.782197     37.564394
     -3.748749     19.532013     19.532013     39.064026
     -3.738739     20.727072     20.727072     41.454143
     -3.728729     21.647558     21.647558     43.295115
     -3.718719     21.874086     21.874086     43.748173
     -3.708709     21.394157     21.394157     42.788314
     -3.698699     20.595399     20.595399     41.190798
     -3.688689     20.139788     20.139788     40.279575
     -3.678679     20.742892     20.742892     41.485785
     -3.668669     22.915159     22.915159     45.830318
     -3.658659     26.747255     26.747255     53.494509
     -3.648649     31.822193     31.822193     63.644386
     -3.638639     37.300964     37.300964     74.601928
     -3.628629     42.161144     42.161144     84.322288
     -3.618619     45.499175     45.499175     90.998350
     -3.608609     46.776960     46.776960     93.553920
     -3.598599     45.924145     45.924145     91.848290
     -3.588589     43.281297     43.281297     86.562594
     -3.578579     39.438767     39.438767     78.877534
     -3.568569     35.051128     35.051128     70.102255
     -3.558559     30.685465     30.685465     61.370930
     -3.548549     26.725096     26.725096     53.450191
     -3.538539     23.329962     23.329962     46.659925
     -3.528529     20.454444     20.454444     40.908889
     -3.518519     17.922571     17.922571     35.845142
     -3.508509     15.544389     15.544389     31.088778
     -3.498498     13.233799     13.233799     26.467598
     -3.488488     11.079906     11.079906     22.159812
     -3.478478      9.342036      9.342036     18.684071
     -3.468468      8.371471      8.371471     16.742942
     -3.458458      8.488872      8.488872     16.977745
     -3.448448      9.855022      9.855022     19.710045
     -3.438438     12.371139     12.371139     24.742277
     -3.428428     15.643490     15.643490     31.286980
     -3.418418     19.042167     19.042167     38.084334
     -3.408408     21.861271     21.861271     43.722543
     -3.398398     23.543101     23.543101     47.086201
     -3.388388     23.883129     23.883129     47.766259
     -3.378378     23.121823     23.121823     46.243647
     -3.368368     21.873054     21.873054     43.746108
     -3.358358     20.916771     20.916771     41.833542
     -3.348348     20.946166     20.946166     41.892331
     -3.338338     22.366946     22.366946     44.733892
     -3.328328     25.201011     25.201011     50.402023
     -3.318318     29.090184     29.090184     58.180367
     -3.308308     33.370431     33.370431     66.740862
     -3.298298     37.199590     37.199590     74.399181
     -3.288288     39.738681     39.738681     79.477363
     -3.278278     40.371854     40.371854     80.743708
     -3.268268     38.904075     38.904075     77.808151
     -3.258258     35.643186     35.643186     71.286372
     -3.248248     31.300537     31.300537     62.601074
     -3.238238     26.731971     26.731971     53.463942
     -3.228228     22.633228     22.633228     45.266456
     -3.218218     19.333859     19.333859     38.667718
     -3.208208     16.777829     16.777829     33.555658
     -3.198198     14.675247     14.675247     29.350493
     -3.188188     12.726001     12.726001     25.452001
     -3.178178     10.799435     10.799435     21.598869
     -3.168168      9.001704      9.001704     18.003408
     -3.158158      7.632167      7.632167     15.264334
     -3.148148      7.076270      7.076270     14.152539
     -3.138138      7.686299      7.686299     15.372599
     -3.128128      9.677997      9.677997     19.355994
     -3.118118     13.049962     13.049962     26.099925
     -3.108108     17.532533     17.532533     35.065066
     -3.098098     22.586935     22.586935     45.173871
     -3.088088     27.480969     27.480969     54.961938
     -3.078078     31.445978     31.445978     62.891956
     -3.068068     33.876278     33.876278     67.752556
     -3.058058     34.494581     34.494581     68.989162
     -3.048048     33.407224     33.407224     66.814448
     -3.038038     31.021055     31.021055     62.042111
     -3.028028     27.865268     27.865268     55.730535
     -3.018018     24.411222     24.411222     48.822443
     -3.008008     20.977735     20.977735     41.955469
     -2.997998     17.752184     17.752184     35.504367
     -2.987988     14.888283     14.888283     29.776567
     -2.977978     12.604078     12.604078     25.208156
     -2.967968     11.215911     11.215911     22.431822
     -2.957958     11.088219     11.088219     22.176438
     -2.947948     12.522287     12.522287     25.044574
     -2.937938     15.629142     15.629142     31.258284
     -2.927928     20.233038     20.233038     40.466075
     -2.917918     25.842778     25.842778     51.685555
     -2.907908     31.713071     31.713071     63.426143
     -2.897898     36.994403     36.994403     73.988806
     -2.887888     40.937209     40.937209     81.874418
     -2.877878     43.085644     43.085644     86.171287
     -2.867868     43.386851     43.386851     86.773702
     -2.857858     42.166588     42.166588     84.333176
     -2.847848     39.976071     39.976071     79.952142
     -2.837838     37.373659     37.373659     74.747318
     -2.827828     34.737021     34.737021     69.474042
     -2.817818     32.186805     32.186805     64.373610
     -2.807808     29.646215     29.646215     59.292429
     -2.797798     26.991452     26.991452     53.982903
     -2.787788     24.203483     24.203483     48.406966
     -2.777778     21.436777     21.436777     42.873554
     -2.767768     18.972271     18.972271     37.944543
     -2.757758     17.090002     17.090002     34.180004
     -2.747748     15.942212     15.942212     31.884423
     -2.737738     15.503963     15.503963     31.007926
     -2.727728     15.627381     15.627381     31.254762
     -2.717718     16.158401     16.158401     32.316802
     -2.707708     17.033679     17.033679     34.067357
     -2.697698     18.288744     18.288744     36.577488
     -2.687688     19.970569     19.970569     39.941138
     -2.677678     22.018387     22.018387     44.036774
     -2.667668     24.205727     24.205727     48.411454
     -2.657658     26.199710     26.199710     52.399420
     -2.647648     27.712576     27.712576     55.425151
     -2.637638     28.651753     28.651753     57.303506
     -2.627628     29.169566     29.169566     58.339133
     -2.617618     29.577835     29.577835     59.155669
     -2.607608     30.180211     30.180211     60.360421
     -2.597598     31.122638     31.122638     62.245277
     -2.587588     32.338356     32.338356     64.676713
     -2.577578     33.593160     33.593160     67.186321
     -2.567568     34.577356     34.577356     69.154711
     -2.557558     34.985204     34.985204     69.970407
     -2.547548     34.563436     34.563436     69.126873
     -2.537538     33.151953     33.151953     66.303906
     -2.527528     30.742158     30.742158     61.484316
     -2.517518     27.542503     27.542503     55.085005
     -2.507508     24.004311     24.004311     48.008622
     -2.497497     20.761376     20.761376     41.522751
     -2.487487     18.478329     18.478329     36.956658
     -2.477477     17.656453     17.656453     35.312907
     -2.467467     18.475677     18.475677     36.951354
     -2.457457     20.741555     20.741555     41.483110
     -2.447447     23.963317     23.963317     47.926633
     -2.437437     27.534153     27.534153     55.068305
     -2.427427     30.940154     30.940154     61.880308
     -2.417417     33.908670     33.908670     67.817339
     -2.407407     36.430284     36.430284     72.860569
     -2.397397     38.645486     38.645486     77.290972
     -2.387387     40.653558     40.653558     81.307115
     -2.377377     42.344577     42.344577     84.689153
     -2.367367     43.350503     43.350503     86.701007
     -2.357357     43.155714     43.155714     86.311429
     -2.347347     41.325482     41.325482     82.650965
     -2.337337     37.745182     37.745182     75.490363
     -2.327327     32.751718     32.751718     65.503435
     -2.317317     27.091119     27.091119     54.182239
     -2.307307     21.722694     21.722694     43.445388
     -2.297297     17.559406     17.559406     35.118812
     -2.287287     15.249022     15.249022     30.498044
     -2.277277     15.062280     15.062280     30.124560
     -2.267267     16.896005     16.896005     33.792010
     -2.257257     20.356475     20.356475     40.712951
     -2.247247     24.875786     24.875786     49.751572
     -2.237237     29.823447     29.823447     59.646894
     -2.227227     34.591957     34.591957     69.183914
     -2.217217     38.650014     38.650014     77.300029
     -2.207207     41.569384     41.569384     83.138769
     -2.197197     43.041043     43.041043     86.082086
     -2.187187     42.898488     42.898488     85.796977
     -2.177177     41.155106     41.155106     82.310212
     -2.167167     38.039612     38.039612     76.079224
     -2.157157     33.993426     33.993426     67.986852
     -2.147147     29.597098     29.597098     59.194197
     -2.137137     25.428019     25.428019     50.856038
     -2.127127     21.900677     21.900677     43.801354
     -2.117117     19.167146     19.167146     38.334292
     -2.107107     17.132696     17.132696     34.265393
     -2.097097     15.577808     15.577808     31.155616
     -2.087087     14.314536     14.314536     28.629072
     -2.077077     13.286019     13.286019     26.572039
     -2.067067     12.556411     12.556411     25.112821
     -2.057057     12.208629     12.208629     24.417259
     -2.047047     12.223221     12.223221     24.446441
     -2.037037     12.419236     12.419236     24.838471
     -2.027027     12.496102     12.496102     24.992204
     -2.017017     12.152906     12.152906     24.305811
     -2.007007     11.217597     11.217597     22.435193
     -1.996997      9.717923      9.717923     19.435846
     -1.986987      7.864606      7.864606     15.729212
     -1.976977      5.967679      5.967679     11.935358
     -1.966967      4.337385      4.337385      8.674771
     -1.956957      3.216603      3.216603      6.433206
     -1.946947      2.761646      2.761646      5.523291
     -1.936937      3.055841      3.055841      6.111682
     -1.926927      4.125644      4.125644      8.251287
     -1.916917      5.937618      5.937618     11.875236
     -1.906907      8.376741      8.376741     16.753481
     -1.896897     11.226040     11.226040     22.452079
     -1.886887     14.172183     14.172183     28.344365
     -1.876877     16.849492     16.849492     33.698985
     -1.866867     18.914843     18.914843     37.829687
     -1.856857     20.130249     20.130249     40.260498
     -1.846847     20.425516     20.425516     40.851032
     -1.836837     19.918488     19.918488     39.836977
     -1.826827     18.880701     18.880701     37.761402
     -1.816817     17.650945     17.650945     35.301889
     -1.806807     16.519354     16.519354     33.038708
     -1.796797     15.624518     15.624518     31.249036
     -1.786787     14.911230     14.911230     29.822460
     -1.776777     14.174615     14.174615     28.349230
     -1.766767     13.173274     13.173274     26.346548
     -1.756757     11.755424     11.755424     23.510849
     -1.746747      9.935097      9.935097     19.870195
     -1.736737      7.886357      7.886357     15.772715
     -1.726727      5.871065      5.871065     11.742130
     -1.716717      4.147979      4.147979      8.295957
     -1.706707      2.909829      2.909829      5.819658
     -1.696697      2.266902      2.266902      4.533804
     -1.686687      2.263126      2.263126      4.526252
     -1.676677      2.894362      2.894362      5.788724
     -1.666667      4.105552      4.105552      8.211103
     -1.656657      5.766242      5.766242     11.532485
     -1.646647      7.647621      7.647621     15.295241
     -1.636637      9.433323      9.433323     18.866646
     -1.626627     10.783211     10.783211     21.566422
     -1.616617     11.439278     11.439278     22.878556
     -1.606607     11.333482     11.333482     22.666963
     -1.596597     10.647979     10.647979     21.295958
     -1.586587      9.795881      9.795881     19.591761
     -1.576577      9.323730      9.323730     18.647460
     -1.566567      9.765002      9.765002     19.530003
     -1.556557     11.484942     11.484942     22.969883
     -1.546547     14.554683     14.554683     29.109365
     -1.536537     18.687203     18.687203     37.374405
     -1.526527     23.261581     23.261581     46.523163
     -1.516517     27.446551     27.446551     54.893103
     -1.506507     30.403141     30.403141     60.806282
     -1.496496     31.509028     31.509028     63.018055
     -1.486486     30.527505     30.527505     61.055009
     -1.476476     27.659885     27.659885     55.319769
     -1.466466     23.467456     23.467456     46.934913
     -1.456456     18.702181     18.702181     37.404362
     -1.446446     14.115487     14.115487     28.230974
     -1.436436     10.308917     10.308917     20.617833
     -1.426426      7.657787      7.657787     15.315574
     -1.416416      6.301451      6.301451     12.602903
     -1.406406      6.172097      6.172097     12.344194
     -1.396396      7.036649      7.036649     14.073298
     -1.386386      8.545040      8.545040     17.090080
     -1.376376     10.293980     10.293980     20.587959
     -1.366366     11.912201     11.912201     23.824401
     -1.356356     13.151269     13.151269     26.302538
     -1.346346     13.944245     13.944245     27.888491
     -1.336336     14.396401     14.396401     28.792802
     -1.326326     14.704721     14.704721     29.409442
     -1.316316     15.046220     15.046220     30.092439
     -1.306306     15.495789     15.495789     30.991577
     -1.296296     16.013443     16.013443     32.026887
     -1.286286     16.492397     16.492397     32.984793
     -1.276276     16.820941     16.820941     33.641882
     -1.266266     16.912486     16.912486     33.824971
     -1.256256     16.695302     16.695302     33.390605
     -1.246246     16.092415     16.092415     32.184829
     -1.236236     15.028697     15.028697     30.057393
     -1.226226     13.473100     13.473100     26.946200
     -1.216216     11.487238     11.487238     22.974475
     -1.206206      9.240351      9.240351     18.480701
     -1.196196      6.973354      6.973354     13.946709
     -1.186186      4.930492      4.930492      9.860984
     -1.176176      3.297188      3.297188      6.594375
     -1.166166      2.174573      2.174573      4.349147
     -1.156156      1.594863      1.594863      3.189726
     -1.146146      1.557295      1.557295      3.114590
     -1.136136      2.055526      2.055526      4.111052
     -1.126126      3.075854      3.075854      6.151707
     -1.116116      4.564874      4.564874      9.129748
     -1.106106      6.385953      6.385953     12.771907
     -1.096096      8.296568      8.296568     16.593136
     -1.086086      9.974814      9.974814     19.949629
     -1.076076     11.100971     11.100971     22.201943
     -1.066066     11.467939     11.467939     22.935878
     -1.056056     11.071334     11.071334     22.142668
     -1.046046     10.132313     10.132313     20.264626
     -1.036036      9.034975      9.034975     18.069950
     -1.026026      8.199127      8.199127     16.398254
     -1.016016      7.936711      7.936711     15.873423
     -1.006006      8.344773      8.344773     16.689547
     -0.995996      9.272239      9.272239     18.544479
     -0.985986     10.371650     10.371650     20.743300
     -0.975976     11.218395     11.218395     22.436791
     -0.965966     11.455393     11.455393     22.910786
     -0.955956     10.909267     10.909267     21.818533
     -0.945946      9.633927      9.633927     19.267854
     -0.935936      7.868952      7.868952     15.737903
     -0.925926      5.938618      5.938618     11.877235
     -0.915916      4.141208      4.141208      8.282415
     -0.905906      2.674478      2.674478      5.348956
     -0.895896      1.617651      1.617651      3.235302
     -0.885886      0.961105      0.961105      1.922209
     -0.875876      0.658191      0.658191      1.316383
     -0.865866      0.673147      0.673147      1.346293
     -0.855856      1.007977      1.007977      2.015954
     -0.845846      1.701034      1.701034      3.402069
     -0.835836      2.797585      2.797585      5.595171
     -0.825826      4.300425      4.300425      8.600850
     -0.815816      6.118460      6.118460     12.236921
     -0.805806      8.039471      8.039471     16.078941
     -0.795796      9.751208      9.751208     19.502416
     -0.785786     10.916644     10.916644     21.833288
     -0.775776     11.280013     11.280013     22.560026
     -0.765766     10.757657     10.757657     21.515314
     -0.755756      9.469207      9.469207     18.938414
     -0.745746      7.693084      7.693084     15.386168
     -0.735736      5.768921      5.768921     11.537842
     -0.725726      3.993716      3.993716      7.987432
     -0.715716      2.554773      2.554773      5.109546
     -0.705706      1.517125      1.517125      3.034249
     -0.695696      0.855173      0.855173      1.710347
     -0.685686      0.503662      0.503662      1.007325
     -0.675676      0.404794      0.404794      0.809589
     -0.665666      0.538453      0.538453      1.076906
     -0.655656      0.931390      0.931390      1.862780
     -0.645646      1.644877      1.644877      3.289754
     -0.635636      2.741585      2.741585      5.483169
     -0.625626      4.236809      4.236809      8.473618
     -0.615616      6.048705      6.048705     12.097411
     -0.605606      7.971738      7.971738     15.943476
     -0.595596      9.697205      9.697205     19.394409
     -0.585586     10.887551     10.887551     21.775101
     -0.575576     11.282395     11.282395     22.564790
     -0.565566     10.790943     10.790943     21.581887
     -0.555556      9.525864      9.525864     19.051728
     -0.545546      7.761331      7.761331     15.522663
     -0.535536      5.836532      5.836532     11.673065
     -0.525526      4.050983      4.050983      8.101966
     -0.515516      2.595092      2.595092      5.190185
     -0.505506      1.534377      1.534377      3.068754
     -0.495495      0.837333      0.837333      1.674666
     -0.485485      0.421746      0.421746      0.843492
     -0.475475      0.196061      0.196061      0.392122
     -0.465465      0.084124      0.084124      0.168247
     -0.455455      0.033314      0.033314      0.066629
     -0.445445      0.012177      0.012177      0.024354
     -0.435435      0.004108      0.004108      0.008217
     -0.425425      0.001282      0.001282      0.002564
     -0.415415      0.000381      0.000381      0.000761
     -0.405405      0.000152      0.000152      0.000305
     -0.395395      0.000237      0.000237      0.000475
     -0.385385      0.000774      0.000774      0.001548
     -0.375375      0.002553      0.002553      0.005105
     -0.365365      0.007820      0.007820      0.015641
     -0.355355      0.022121      0.022121      0.044242
     -0.345345      0.057756      0.057756      0.115511
     -0.335335      0.139177      0.139177      0.278354
     -0.325325      0.309548      0.309548      0.619096
     -0.315315      0.635440      0.635440      1.270880
     -0.305305      1.203949      1.203949      2.407898
     -0.295295      2.105371      2.105371      4.210742
     -0.285285      3.398099      3.398099      6.796198
     -0.275275      5.062095      5.062095     10.124189
     -0.265265      6.960033      6.960033     13.920067
     -0.255255      8.832410      8.832410     17.664821
     -0.245245     10.345084     10.345084     20.690167
     -0.235235     11.183445     11.183445     22.366891
     -0.225225     11.158456     11.158456     22.316911
     -0.215215     10.275889     10.275889     20.551778
     -0.205205      8.734169      8.734169     17.468338
     -0.195195      6.851893      6.851893     13.703787
     -0.185185      4.961197      4.961197      9.922394
     -0.175175      3.315501      3.315501      6.631002
     -0.165165      2.045026      2.045026      4.090051
     -0.155155      1.164220      1.164220      2.328441
     -0.145145      0.611728      0.611728      1.223456
     -0.135135      0.296667      0.296667      0.593333
     -0.125125      0.132790      0.132790      0.265580
     -0.115115      0.054859      0.054859      0.109718
     -0.105105      0.020918      0.020918      0.041836
     -0.095095      0.007362      0.007362      0.014723
     -0.085085      0.002391      0.002391      0.004782
     -0.075075      0.000717      0.000717      0.001434
     -0.065065      0.000198      0.000198      0.000397
     -0.055055      0.000051      0.000051      0.000101
     -0.045045      0.000012      0.000012      0.000024
     -0.035035      0.000003      0.000003      0.000005
     -0.025025      0.000001      0.000001      0.000001
     -0.015015      0.000000      0.000000      0.000000
     -0.005005      0.000000      0.000000      0.000000
      0.005005      0.000000      0.000000      0.000000
      0.015015      0.000000      0.000000      0.000000
      0.025025      0.000001      0.000001      0.000001
      0.035035      0.000003      0.000003      0.000005
      0.045045      0.000012      0.000012      0.000024
      0.055055      0.000051      0.000051      0.000101
      0.065065      0.000198      0.000198      0.000397
      0.075075      0.000717      0.000717      0.001434
      0.085085      0.002391      0.002391      0.004782
      0.095095      0.007362      0.007362      0.014723
      0.105105      0.020918      0.020918      0.041836
      0.115115      0.054859      0.054859      0.109719
      0.125125      0.132790      0.132790      0.265581
      0.135135      0.296667      0.296667      0.593334
      0.145145      0.611729      0.611729      1.223458
      0.155155      1.164222      1.164222      2.328443
      0.165165      2.045028      2.045028      4.090055
      0.175175      3.315504      3.315504      6.631008
      0.185185      4.961201      4.961201      9.922401
      0.195195      6.851897      6.851897     13.703795
      0.205205      8.734172      8.734172     17.468345
      0.215215     10.275892     10.275892     20.551783
      0.225225     11.158457     11.158457     22.316913
      0.235235     11.183445     11.183445     22.366889
      0.245245     10.345081     10.345081     20.690162
      0.255255      8.832407      8.832407     17.664814
      0.265265      6.960029      6.960029     13.920059
      0.275275      5.062091      5.062091     10.124182
      0.285285      3.398096      3.398096      6.796192
      0.295295      2.105369      2.105369      4.210738
      0.305305      1.203948      1.203948      2.407895
      0.315315      0.635439      0.635439      1.270878
      0.325325      0.309547      0.309547      0.619095
      0.335335      0.139177      0.139177      0.278354
      0.345345      0.057756      0.057756      0.115511
      0.355355      0.022121      0.022121      0.044242
      0.365365      0.007820      0.007820      0.015640
      0.375375      0.002552      0.002552      0.005103
      0.385385      0.000770      0.000770      0.001539
      0.395395      0.000219      0.000219      0.000439
      0.405405      0.000081      0.000081      0.000162
      0.415415      0.000119      0.000119      0.000237
      0.425425      0.000399      0.000399      0.000798
      0.435435      0.001373      0.001373      0.002746
      0.445445      0.004387      0.004387      0.008774
      0.455455      0.012943      0.012943      0.025886
      0.465465      0.035246      0.035246      0.070491
      0.475475      0.088584      0.088584      0.177169
      0.485485      0.205492      0.205492      0.410984
      0.495495      0.439967      0.439967      0.879934
      0.505506      0.869425      0.869425      1.738850
      0.515516      1.585737      1.585737      3.171473
      0.525526      2.669419      2.669419      5.338839
      0.535536      4.147528      4.147528      8.295057
      0.545546      5.947697      5.947697     11.895393
      0.555556      7.872183      7.872183     15.744367
      0.565566      9.616760      9.616760     19.233520
      0.575576     10.843024     10.843024     21.686049
      0.585586     11.284014     11.284014     22.568028
      0.595596     10.838797     10.838797     21.677594
      0.605606      9.610598      9.610598     19.221196
      0.615616      7.869536      7.869536     15.739073
      0.625626      5.959887      5.959887     11.919774
      0.635636      4.198140      4.198140      8.396280
      0.645646      2.806457      2.806457      5.612915
      0.655656      1.900654      1.900654      3.801308
      0.665666      1.520855      1.520855      3.041710
      0.675676      1.674129      1.674129      3.348257
      0.685686      2.358504      2.358504      4.717007
      0.695696      3.553013      3.553013      7.106026
      0.705706      5.180345      5.180345     10.360689
      0.715716      7.067987      7.067987     14.135974
      0.725726      8.941338      8.941338     17.882676
      0.735736     10.471418     10.471418     20.942836
      0.745746     11.371920     11.371920     22.743841
      0.755756     11.508601     11.508601     23.017203
      0.765766     10.968118     10.968118     21.936236
      0.775776     10.046099     10.046099     20.092197
      0.785786      9.150385      9.150385     18.300771
      0.795796      8.654998      8.654998     17.309996
      0.805806      8.762581      8.762581     17.525162
      0.815816      9.429311      9.429311     18.858622
      0.825826     10.381150     10.381150     20.762299
      0.835836     11.215231     11.215231     22.430461
      0.845846     11.547102     11.547102     23.094205
      0.855856     11.145652     11.145652     22.291304
      0.865866     10.002633     10.002633     20.005266
      0.875876      8.313526      8.313526     16.627052
      0.885886      6.387340      6.387340     12.774680
      0.895896      4.532641      4.532641      9.065283
      0.905906      2.969695      2.969695      5.939389
      0.915916      1.796100      1.796100      3.592200
      0.925926      1.002802      1.002802      2.005605
      0.935936      0.517195      0.517195      1.034391
      0.945946      0.247626      0.247626      0.495253
      0.955956      0.113882      0.113882      0.227764
      0.965966      0.061096      0.061096      0.122192
      0.975976      0.062657      0.062657      0.125314
      0.985986      0.119432      0.119432      0.238864
      0.995996      0.259859      0.259859      0.519719
      1.006006      0.540836      0.540836      1.081672
      1.016016      1.044736      1.044736      2.089471
      1.026026      1.865494      1.865494      3.730988
      1.036036      3.078939      3.078939      6.157877
      1.046046      4.701101      4.701101      9.402202
      1.056056      6.650762      6.650762     13.301524
      1.066066      8.740874      8.740874     17.481748
      1.076076     10.717673     10.717673     21.435347
      1.086086     12.342854     12.342854     24.685708
      1.096096     13.484036     13.484036     26.968072
      1.106106     14.163831     14.163831     28.327662
      1.116116     14.534854     14.534854     29.069707
      1.126126     14.791732     14.791732     29.583464
      1.136136     15.072542     15.072542     30.145084
      1.146146     15.409037     15.409037     30.818073
      1.156156     15.749616     15.749616     31.499232
      1.166166     16.027040     16.027040     32.054081
      1.176176     16.214937     16.214937     32.429874
      1.186186     16.334438     16.334438     32.668875
      1.196196     16.418209     16.418209     32.836418
      1.206206     16.473228     16.473228     32.946455
      1.216216     16.477366     16.477366     32.954732
      1.226226     16.406877     16.406877     32.813754
      1.236236     16.259512     16.259512     32.519023
      1.246246     16.042291     16.042291     32.084582
      1.256256     15.729727     15.729727     31.459454
      1.266266     15.232495     15.232495     30.464989
      1.276276     14.415309     14.415309     28.830619
      1.286286     13.165684     13.165684     26.331368
      1.296296     11.474157     11.474157     22.948313
      1.306306      9.475959      9.475959     18.951917
      1.316316      7.431095      7.431095     14.862189
      1.326326      5.660406      5.660406     11.320812
      1.336336      4.477093      4.477093      8.954187
      1.346346      4.142797      4.142797      8.285595
      1.356356      4.847845      4.847845      9.695689
      1.366366      6.692907      6.692907     13.385815
      1.376376      9.652357      9.652357     19.304714
      1.386386     13.525330     13.525330     27.050659
      1.396396     17.908233     17.908233     35.816465
      1.406406     22.227817     22.227817     44.455634
      1.416416     25.847673     25.847673     51.695346
      1.426426     28.217827     28.217827     56.435654
      1.436436     29.007548     29.007548     58.015097
      1.446446     28.168102     28.168102     56.336205
      1.456456     25.910557     25.910557     51.821114
      1.466466     22.625298     22.625298     45.250597
      1.476476     18.786966     18.786966     37.573931
      1.486486     14.876466     14.876466     29.752933
      1.496496     11.328409     11.328409     22.656818
      1.506507      8.497408      8.497408     16.994816
      1.516517      6.635315      6.635315     13.270629
      1.526527      5.875720      5.875720     11.751440
      1.536537      6.225066      6.225066     12.450133
      1.546547      7.561703      7.561703     15.123407
      1.556557      9.647787      9.647787     19.295574
      1.566567     12.161421     12.161421     24.322842
      1.576577     14.752038     14.752038     29.504076
      1.586587     17.110277     17.110277     34.220554
      1.596597     19.032825     19.032825     38.065650
      1.606607     20.462278     20.462278     40.924555
      1.616617     21.491925     21.491925     42.983850
      1.626627     22.336162     22.336162     44.672324
      1.636637     23.271504     23.271504     46.543008
      1.646647     24.554469     24.554469     49.108937
      1.656657     26.330184     26.330184     52.660367
      1.666667     28.560327     28.560327     57.120655
      1.676677     31.007753     31.007753     62.015507
      1.686687     33.301540     33.301540     66.603079
      1.696697     35.068268     35.068268     70.136537
      1.706707     36.072486     36.072486     72.144973
      1.716717     36.291778     36.291778     72.583557
      1.726727     35.879649     35.879649     71.759297
      1.736737     35.034128     35.034128     70.068255
      1.746747     33.853676     33.853676     67.707352
      1.756757     32.278572     32.278572     64.557145
      1.766767     30.166010     30.166010     60.332020
      1.776777     27.458523     27.458523     54.917047
      1.786787     24.338000     24.338000     48.675999
      1.796797     21.258994     21.258994     42.517988
      1.806807     18.824017     18.824017     37.648034
      1.816817     17.553186     17.553186     35.106373
      1.826827     17.657081     17.657081     35.314161
      1.836837     18.919515     18.919515     37.839029
      1.846847     20.746444     20.746444     41.492887
      1.856857     22.366307     22.366307     44.732613
      1.866867     23.104152     23.104152     46.208305
      1.876877     22.619560     22.619560     45.239120
      1.886887     21.011109     21.011109     42.022218
      1.896897     18.746635     18.746635     37.493269
      1.906907     16.455469     16.455469     32.910938
      1.916917     14.679343     14.679343     29.358687
      1.926927     13.692415     13.692415     27.384831
      1.936937     13.462525     13.462525     26.925050
      1.946947     13.755620     13.755620     27.511241
      1.956957     14.317144     14.317144     28.634289
      1.966967     15.029247     15.029247     30.058493
      1.976977     15.957930     15.957930     31.915861
      1.986987     17.264862     17.264862     34.529725
      1.996997     19.036467     19.036467     38.072934
      2.007007     21.136039     21.136039     42.272079
      2.017017     23.178462     23.178462     46.356925
      2.027027     24.658574     24.658574     49.317148
      2.037037     25.170252     25.170252     50.340504
      2.047047     24.592552     24.592552     49.185104
      2.057057     23.134211     23.134211     46.268421
      2.067067     21.212270     21.212270     42.424541
      2.077077     19.240453     19.240453     38.480907
      2.087087     17.452600     17.452600     34.905201
      2.097097     15.856028     15.856028     31.712055
      2.107107     14.324306     14.324306     28.648612
      2.117117     12.758054     12.758054     25.516108
      2.127127     11.214673     11.214673     22.429346
      2.137137      9.940641      9.940641     19.881282
      2.147147      9.301122      9.301122     18.602243
      2.157157      9.650145      9.650145     19.300289
      2.167167     11.199018     11.199018     22.398037
      2.177177     13.926699     13.926699     27.853397
      2.187187     17.552333     17.552333     35.104666
      2.197197     21.571270     21.571270     43.142540
      2.207207     25.344150     25.344150     50.688300
      2.217217     28.220796     28.220796     56.441591
      2.227227     29.673852     29.673852     59.347703
      2.237237     29.412450     29.412450     58.824901
      2.247247     27.446529     27.446529     54.893057
      2.257257     24.081112     24.081112     48.162225
      2.267267     19.838248     19.838248     39.676495
      2.277277     15.328514     15.328514     30.657029
      2.287287     11.114113     11.114113     22.228226
      2.297297      7.609664      7.609664     15.219328
      2.307307      5.050463      5.050463     10.100925
      2.317317      3.528245      3.528245      7.056489
      2.327327      3.066506      3.066506      6.133012
      2.337337      3.693803      3.693803      7.387605
      2.347347      5.477924      5.477924     10.955849
      2.357357      8.501880      8.501880     17.003759
      2.367367     12.786586     12.786586     25.573173
      2.377377     18.188113     18.188113     36.376227
      2.387387     24.313148     24.313148     48.626297
      2.397397     30.499082     30.499082     60.998164
      2.407407     35.889957     35.889957     71.779914
      2.417417     39.606793     39.606793     79.213586
      2.427427     40.969419     40.969419     81.938839
      2.437437     39.694701     39.694701     79.389401
      2.447447     35.992448     35.992448     71.984896
      2.457457     30.514475     30.514475     61.028949
      2.467467     24.172453     24.172453     48.344906
      2.477477     17.896530     17.896530     35.793060
      2.487487     12.428188     12.428188     24.856377
      2.497497      8.216459      8.216459     16.432919
      2.507508      5.432440      5.432440     10.864881
      2.517518      4.064310      4.064310      8.128621
      2.527528      4.029130      4.029130      8.058260
      2.537538      5.245080      5.245080     10.490159
      2.547548      7.637842      7.637842     15.275684
      2.557558     11.090469     11.090469     22.180937
      2.567568     15.372963     15.372963     30.745927
      2.577578     20.097488     20.097488     40.194976
      2.587588     24.735155     24.735155     49.470309
      2.597598     28.704321     28.704321     57.408642
      2.607608     31.507546     31.507546     63.015093
      2.617618     32.868315     32.868315     65.736630
      2.627628     32.812170     32.812170     65.624340
      2.637638     31.656346     31.656346     63.312693
      2.647648     29.911315     29.911315     59.822630
      2.657658     28.137804     28.137804     56.275608
      2.667668     26.820314     26.820314     53.640628
      2.677678     26.301051     26.301051     52.602102
      2.687688     26.777346     26.777346     53.554693
      2.697698     28.328812     28.328812     56.657624
      2.707708     30.931539     30.931539     61.863078
      2.717718     34.438126     34.438126     68.876252
      2.727728     38.536795     38.536795     77.073589
      2.737738     42.728516     42.728516     85.457032
      2.747748     46.364853     46.364853     92.729707
      2.757758     48.768163     48.768163     97.536327
      2.767768     49.415006     49.415006     98.830011
      2.777778     48.118584     48.118584     96.237168
      2.787788     45.123241     45.123241     90.246481
      2.797798     41.047460     41.047460     82.094919
      2.807808     36.680176     36.680176     73.360353
      2.817818     32.712641     32.712641     65.425282
      2.827828     29.525283     29.525283     59.050567
      2.837838     27.120490     27.120490     54.240979
      2.847848     25.216534     25.216534     50.433068
      2.857858     23.442229     23.442229     46.884459
      2.867868     21.536123     21.536123     43.072246
      2.877878     19.467438     19.467438     38.934876
      2.887888     17.440900     17.440900     34.881800
      2.897898     15.798931     15.798931     31.597863
      2.907908     14.873365     14.873365     29.746730
      2.917918     14.853567     14.853567     29.707134
      2.927928     15.724036     15.724036     31.448072
      2.937938     17.287102     17.287102     34.574203
      2.947948     19.243134     19.243134     38.486267
      2.957958     21.276042     21.276042     42.552083
      2.967968     23.101099     23.101099     46.202197
      2.977978     24.467980     24.467980     48.935959
      2.987988     25.147689     25.147689     50.295378
      2.997998     24.941245     24.941245     49.882490
      3.008008     23.725003     23.725003     47.450006
      3.018018     21.511701     21.511701     43.023401
      3.028028     18.485791     18.485791     36.971582
      3.038038     14.981497     14.981497     29.962993
      3.048048     11.404189     11.404189     22.808377
      3.058058      8.127361      8.127361     16.254721
      3.068068      5.408555      5.408555     10.817110
      3.078078      3.354010      3.354010      6.708020
      3.088088      1.935272      1.935272      3.870545
      3.098098      1.038740      1.038740      2.077479
      3.108108      0.521730      0.521730      1.043460
      3.118118      0.255635      0.255635      0.511271
      3.128128      0.149768      0.149768      0.299536
      3.138138      0.160032      0.160032      0.320064
      3.148148      0.290283      0.290283      0.580566
      3.158158      0.591624      0.591624      1.183249
      3.168168      1.158996      1.158996      2.317992
      3.178178      2.118972      2.118972      4.237943
      3.188188      3.601283      3.601283      7.202565
      3.198198      5.691661      5.691661     11.383323
      3.208208      8.374593      8.374593     16.749185
      3.218218     11.486542     11.486542     22.973084
      3.228228     14.705155     14.705155     29.410310
      3.238238     17.591764     17.591764     35.183528
      3.248248     19.684378     19.684378     39.368756
      3.258258     20.615247     20.615247     41.230494
      3.268268     20.213033     20.213033     40.426066
      3.278278     18.552340     18.552340     37.104680
      3.288288     15.932053     15.932053     31.864106
      3.298298     12.790691     12.790691     25.581382
      3.308308      9.590227      9.590227     19.180455
      3.318318      6.709646      6.709646     13.419292
      3.328328      4.381882      4.381882      8.763763
      3.338338      2.687139      2.687139      5.374279
      3.348348      1.592719      1.592719      3.185438
      3.358358      1.014975      1.014975      2.029950
      3.368368      0.877095      0.877095      1.754190
      3.378378      1.143572      1.143572      2.287144
      3.388388      1.822283      1.822283      3.644567
      3.398398      2.934680      2.934680      5.869360
      3.408408      4.464399      4.464399      8.928798
      3.418418      6.305315      6.305315     12.610630
      3.428428      8.237520      8.237520     16.475041
      3.438438      9.955613      9.955613     19.911226
      3.448448     11.152932     11.152932     22.305864
      3.458458     11.634416     11.634416     23.268833
      3.468468     11.407359     11.407359     22.814719
      3.478478     10.701122     10.701122     21.402244
      3.488488      9.897085      9.897085     19.794170
      3.498498      9.393371      9.393371     18.786742
      3.508509      9.461279      9.461279     18.922558
      3.518519     10.155168     10.155168     20.310336
      3.528529     11.313137     11.313137     22.626273
      3.538539     12.644026     12.644026     25.288051
      3.548549     13.855735     13.855735     27.711470
      3.558559     14.760220     14.760220     29.520441
      3.568569     15.304664     15.304664     30.609329
      3.578579     15.522163     15.522163     31.044325
      3.588589     15.444403     15.444403     30.888807
      3.598599     15.040692     15.040692     30.081384
      3.608609     14.225692     14.225692     28.451385
      3.618619     12.927531     12.927531     25.855062
      3.628629     11.165543     11.165543     22.331086
      3.638639      9.082999      9.082999     18.165998
      3.648649      6.914108      6.914108     13.828215
      3.658659      4.908300      4.908300      9.816600
      3.668669      3.257251      3.257251      6.514502
      3.678679      2.060715      2.060715      4.121430
      3.688689      1.339031      1.339031      2.678063
      3.698699      1.074276      1.074276      2.148553
      3.708709      1.251573      1.251573      2.503147
      3.718719      1.876858      1.876858      3.753715
      3.728729      2.960911      2.960911      5.921823
      3.738739      4.475774      4.475774      8.951549
      3.748749      6.304854      6.304854     12.609708
      3.758759      8.216950      8.216950     16.433901
      3.768769      9.889883      9.889883     19.779766
      3.778779     10.988091     10.988091     21.976182
      3.788789     11.268237     11.268237     22.536474
      3.798799     10.665481     10.665481     21.330963
      3.808809      9.317362      9.317362     18.634723
      3.818819      7.512657      7.512657     15.025313
      3.828829      5.590962      5.590962     11.181924
      3.838839      3.840577      3.840577      7.681155
      3.848849      2.435890      2.435890      4.871780
      3.858859      1.428898      1.428898      2.857796
      3.868869      0.782306      0.782306      1.564612
      3.878879      0.418878      0.418878      0.837757
      3.888889      0.265426      0.265426      0.530851
      3.898899      0.281387      0.281387      0.562774
      3.908909      0.471514      0.471514      0.943029
      3.918919      0.884875      0.884875      1.769751
      3.928929      1.600131      1.600131      3.200263
      3.938939      2.695483      2.695483      5.390966
      3.948949      4.205921      4.205921      8.411841
      3.958959      6.080957      6.080957     12.161915
      3.968969      8.166335      8.166335     16.332670
      3.978979     10.232481     10.232481     20.464962
      3.988989     12.053697     12.053697     24.107394
      3.998999     13.510877     13.510877     27.021755
      4.009009     14.666230     14.666230     29.332460
      4.019019     15.761440     15.761440     31.522879
      4.029029     17.125373     17.125373     34.250746
      4.039039     19.025073     19.025073     38.050145
      4.049049     21.524921     21.524921     43.049843
      4.059059     24.415612     24.415612     48.831225
      4.069069     27.242796     27.242796     54.485593
      4.079079     29.426218     29.426218     58.852437
      4.089089     30.431403     30.431403     60.862806
      4.099099     29.941683     29.941683     59.883367
      4.109109     27.975841     27.975841     55.951681
      4.119119     24.906966     24.906966     49.813931
      4.129129     21.365942     21.365942     42.731885
      4.139139     18.055380     18.055380     36.110760
      4.149149     15.539870     15.539870     31.079740
      4.159159     14.093449     14.093449     28.186899
      4.169169     13.662882     13.662882     27.325764
      4.179179     13.954089     13.954089     27.908179
      4.189189     14.593594     14.593594     29.187188
      4.199199     15.285455     15.285455     30.570910
      4.209209     15.893872     15.893872     31.787744
      4.219219     16.427467     16.427467     32.854933
      4.229229     16.956360     16.956360     33.912720
      4.239239     17.523708     17.523708     35.047415
      4.249249     18.102115     18.102115     36.204230
      4.259259     18.605661     18.605661     37.211321
      4.269269     18.932829     18.932829     37.865658
      4.279279     19.008378     19.008378     38.016757
      4.289289     18.808579     18.808579     37.617158
      4.299299     18.370745     18.370745     36.741490
      4.309309     17.788942     17.788942     35.577883
      4.319319     17.191159     17.191159     34.382317
      4.329329     16.697573     16.697573     33.395147
      4.339339     16.378234     16.378234     32.756468
      4.349349     16.241826     16.241826     32.483652
      4.359359     16.272872     16.272872     32.545745
      4.369369     16.495279     16.495279     32.990558
      4.379379     17.007077     17.007077     34.014153
      4.389389     17.938554     17.938554     35.877108
      4.399399     19.337779     19.337779     38.675558
      4.409409     21.049266     21.049266     42.098531
      4.419419     22.675005     22.675005     45.350009
      4.429429     23.668368     23.668368     47.336737
      4.439439     23.531760     23.531760     47.063521
      4.449449     22.021206     22.021206     44.042412
      4.459459     19.251840     19.251840     38.503679
      4.469469     15.653572     15.653572     31.307144
      4.479479     11.808262     11.808262     23.616525
      4.489489      8.255815      8.255815     16.511630
      4.499499      5.357067      5.357067     10.714134
      4.509510      3.256429      3.256429      6.512857
      4.519520      1.932538      1.932538      3.865076
      4.529530      1.292213      1.292213      2.584426
      4.539540      1.260208      1.260208      2.520416
      4.549550      1.832678      1.832678      3.665356
      4.559560      3.079965      3.079965      6.159930
      4.569570      5.097851      5.097851     10.195703
      4.579580      7.919779      7.919779     15.839558
      4.589590     11.420226     11.420226     22.840453
      4.599600     15.256292     15.256292     30.512584
      4.609610     18.894867     18.894867     37.789734
      4.619620     21.743155     21.743155     43.486309
      4.629630     23.346129     23.346129     46.692258
      4.639640     23.565445     23.565445     47.130890
      4.649650     22.646909     22.646909     45.293817
      4.659660     21.132481     21.132481     42.264963
      4.669670     19.653435     19.653435     39.306869
      4.679680     18.703781     18.703781     37.407562
      4.689690     18.497757     18.497757     36.995515
      4.699700     18.961633     18.961633     37.923266
      4.709710     19.836334     19.836334     39.672667
      4.719720     20.819835     20.819835     41.639670
      4.729730     21.679352     21.679352     43.358703
      4.739740     22.300336     22.300336     44.600671
      4.749750     22.680607     22.680607     45.361215
      4.759760     22.898880     22.898880     45.797761
      4.769770     23.083273     23.083273     46.166546
      4.779780     23.388462     23.388462     46.776924
      4.789790     23.974269     23.974269     47.948537
      4.799800     24.973634     24.973634     49.947268
      4.809810     26.447619     26.447619     52.895238
      4.819820     28.343495     28.343495     56.686989
      4.829830     30.483607     30.483607     60.967213
      4.839840     32.602227     32.602227     65.204454
      4.849850     34.417268     34.417268     68.834536
      4.859860     35.698047     35.698047     71.396095
      4.869870     36.295148     36.295148     72.590295
      4.879880     36.132289     36.132289     72.264578
      4.889890     35.190678     35.190678     70.381356
      4.899900     33.512444     33.512444     67.024888
      4.909910     31.216063     31.216063     62.432127
      4.919920     28.490759     28.490759     56.981519
      4.929930     25.549468     25.549468     51.098937
      4.939940     22.560885     22.560885     45.121770
      4.949950     19.608909     19.608909     39.217817
      4.959960     16.712851     16.712851     33.425703
      4.969970     13.895954     13.895954     27.791909
      4.979980     11.253183     11.253183     22.506367
      4.989990      8.970846      8.970846     17.941691
      5.000000      7.284068      7.284068     14.568136
