# EIG2DOS: Utility for SIESTA to obtain the electronic density of states
#  E. Artacho, Apr 1999, A. Garcia, Apr 2012
#  Nick R. Papior, Feb 2017
# ------------------------------------------
# Eigenvalues calculated from a non-polarized calculation
# Eigenvalues read from siesta.EIG
# Kpoint weights read from siesta.KP
# Using smearing parameter:   0.0500
# Using 1000 points in the energy range
# Selected bands: 1 to: 2981
# Emin, Emax in file for selected band(s):    -27.2687961    218.3822660
# Nbands, Nspin, Nk   =   2981     1     1
# E_F                 =    -4.2201 eV --> (shifted to ZERO)
# Broadening          =     0.0500 eV
#
#        E            N(up)  (=)   N(down)         Ntot
     -5.000000     32.192841     32.192841     64.385682
     -4.989990     36.938563     36.938563     73.877125
     -4.979980     41.327517     41.327517     82.655035
     -4.969970     44.628411     44.628411     89.256823
     -4.959960     46.234894     46.234894     92.469788
     -4.949950     45.865641     45.865641     91.731283
     -4.939940     43.663594     43.663594     87.327189
     -4.929930     40.168547     40.168547     80.337095
     -4.919920     36.194871     36.194871     72.389742
     -4.909910     32.670566     32.670566     65.341132
     -4.899900     30.476489     30.476489     60.952977
     -4.889890     30.291243     30.291243     60.582486
     -4.879880     32.436056     32.436056     64.872111
     -4.869870     36.740458     36.740458     73.480916
     -4.859860     42.489845     42.489845     84.979691
     -4.849850     48.524553     48.524553     97.049105
     -4.839840     53.510355     53.510355    107.020709
     -4.829830     56.311585     56.311585    112.623170
     -4.819820     56.326648     56.326648    112.653296
     -4.809810     53.644379     53.644379    107.288758
     -4.799800     48.957760     48.957760     97.915519
     -4.789790     43.285334     43.285334     86.570668
     -4.779780     37.633272     37.633272     75.266545
     -4.769770     32.737858     32.737858     65.475716
     -4.759760     28.965372     28.965372     57.930744
     -4.749750     26.360526     26.360526     52.721052
     -4.739740     24.775525     24.775525     49.551050
     -4.729730     24.000420     24.000420     48.000840
     -4.719720     23.840757     23.840757     47.681515
     -4.709710     24.127726     24.127726     48.255452
     -4.699700     24.682099     24.682099     49.364197
     -4.689690     25.276649     25.276649     50.553298
     -4.679680     25.644147     25.644147     51.288294
     -4.669670     25.554207     25.554207     51.108415
     -4.659660     24.939108     24.939108     49.878216
     -4.649650     24.007839     24.007839     48.015678
     -4.639640     23.274249     23.274249     46.548498
     -4.629630     23.451139     23.451139     46.902279
     -4.619620     25.218879     25.218879     50.437759
     -4.609610     28.940682     28.940682     57.881363
     -4.599600     34.438645     34.438645     68.877291
     -4.589590     40.941990     40.941990     81.883981
     -4.579580     47.262820     47.262820     94.525639
     -4.569570     52.160170     52.160170    104.320341
     -4.559560     54.760339     54.760339    109.520678
     -4.549550     54.860330     54.860330    109.720660
     -4.539540     52.981459     52.981459    105.962917
     -4.529530     50.147617     50.147617    100.295234
     -4.519520     47.484247     47.484247     94.968494
     -4.509510     45.808347     45.808347     91.616694
     -4.499499     45.373036     45.373036     90.746072
     -4.489489     45.851635     45.851635     91.703269
     -4.479479     46.538688     46.538688     93.077376
     -4.469469     46.659939     46.659939     93.319878
     -4.459459     45.655150     45.655150     91.310301
     -4.449449     43.331997     43.331997     86.663995
     -4.439439     39.862232     39.862232     79.724464
     -4.429429     35.663988     35.663988     71.327977
     -4.419419     31.251545     31.251545     62.503090
     -4.409409     27.122236     27.122236     54.244472
     -4.399399     23.703458     23.703458     47.406916
     -4.389389     21.334840     21.334840     42.669681
     -4.379379     20.244288     20.244288     40.488576
     -4.369369     20.500410     20.500410     41.000821
     -4.359359     21.965457     21.965457     43.930913
     -4.349349     24.296083     24.296083     48.592165
     -4.339339     27.022692     27.022692     54.045385
     -4.329329     29.692109     29.692109     59.384219
     -4.319319     32.015686     32.015686     64.031373
     -4.309309     33.954684     33.954684     67.909368
     -4.299299     35.701485     35.701485     71.402969
     -4.289289     37.560326     37.560326     75.120651
     -4.279279     39.771152     39.771152     79.542304
     -4.269269     42.342262     42.342262     84.684523
     -4.259259     44.960340     44.960340     89.920679
     -4.249249     47.029416     47.029416     94.058833
     -4.239239     47.849185     47.849185     95.698371
     -4.229229     46.881969     46.881969     93.763938
     -4.219219     44.001221     44.001221     88.002443
     -4.209209     39.601359     39.601359     79.202718
     -4.199199     34.501612     34.501612     69.003225
     -4.189189     29.675878     29.675878     59.351757
     -4.179179     25.929631     25.929631     51.859262
     -4.169169     23.669266     23.669266     47.338532
     -4.159159     22.855771     22.855771     45.711541
     -4.149149     23.139081     23.139081     46.278162
     -4.139139     24.087232     24.087232     48.174464
     -4.129129     25.393076     25.393076     50.786153
     -4.119119     26.965192     26.965192     53.930384
     -4.109109     28.869616     28.869616     57.739231
     -4.099099     31.159978     31.159978     62.319957
     -4.089089     33.690907     33.690907     67.381814
     -4.079079     36.028006     36.028006     72.056012
     -4.069069     37.529054     37.529054     75.058107
     -4.059059     37.582454     37.582454     75.164909
     -4.049049     35.894084     35.894084     71.788168
     -4.039039     32.672821     32.672821     65.345641
     -4.029029     28.611578     28.611578     57.223156
     -4.019019     24.669957     24.669957     49.339914
     -4.009009     21.767794     21.767794     43.535588
     -3.998999     20.532630     20.532630     41.065260
     -3.988989     21.195381     21.195381     42.390761
     -3.978979     23.638116     23.638116     47.276232
     -3.968969     27.526284     27.526284     55.052568
     -3.958959     32.442471     32.442471     64.884943
     -3.948949     37.974394     37.974394     75.948788
     -3.938939     43.758673     43.758673     87.517347
     -3.928929     49.505475     49.505475     99.010949
     -3.918919     55.016066     55.016066    110.032132
     -3.908909     60.177827     60.177827    120.355653
     -3.898899     64.913039     64.913039    129.826079
     -3.888889     69.083624     69.083624    138.167248
     -3.878879     72.395863     72.395863    144.791727
     -3.868869     74.371571     74.371571    148.743141
     -3.858859     74.431739     74.431739    148.863478
     -3.848849     72.082801     72.082801    144.165602
     -3.838839     67.136579     67.136579    134.273157
     -3.828829     59.867593     59.867593    119.735186
     -3.818819     51.031437     51.031437    102.062874
     -3.808809     41.724575     41.724575     83.449149
     -3.798799     33.130120     33.130120     66.260241
     -3.788789     26.235769     26.235769     52.471538
     -3.778779     21.613682     21.613682     43.227364
     -3.768769     19.322652     19.322652     38.645304
     -3.758759     18.948645     18.948645     37.897290
     -3.748749     19.760064     19.760064     39.520127
     -3.738739     20.929268     20.929268     41.858535
     -3.728729     21.762853     21.762853     43.525705
     -3.718719     21.885862     21.885862     43.771725
     -3.708709     21.335860     21.335860     42.671721
     -3.698699     20.540430     20.540430     41.080860
     -3.688689     20.176507     20.176507     40.353013
     -3.678679     20.941144     20.941144     41.882288
     -3.668669     23.295634     23.295634     46.591269
     -3.658659     27.266388     27.266388     54.532777
     -3.648649     32.380865     32.380865     64.761730
     -3.638639     37.775515     37.775515     75.551030
     -3.628629     42.444463     42.444463     84.888926
     -3.618619     45.534223     45.534223     91.068446
     -3.608609     46.569033     46.569033     93.138066
     -3.598599     45.529495     45.529495     91.058991
     -3.588589     42.781201     42.781201     85.562401
     -3.578579     38.912738     38.912738     77.825476
     -3.568569     34.559107     34.559107     69.118214
     -3.558559     30.261068     30.261068     60.522136
     -3.548549     26.376507     26.376507     52.753013
     -3.538539     23.044375     23.044375     46.088750
     -3.528529     20.203758     20.203758     40.407515
     -3.518519     17.668670     17.668670     35.337341
     -3.508509     15.240609     15.240609     30.481217
     -3.498498     12.817480     12.817480     25.634960
     -3.488488     10.452742     10.452742     20.905485
     -3.478478      8.341523      8.341523     16.683046
     -3.468468      6.746154      6.746154     13.492308
     -3.458458      5.897560      5.897560     11.795120
     -3.448448      5.909962      5.909962     11.819925
     -3.438438      6.733017      6.733017     13.466035
     -3.428428      8.152993      8.152993     16.305985
     -3.418418      9.847583      9.847583     19.695166
     -3.408408     11.489475     11.489475     22.978950
     -3.398398     12.874196     12.874196     25.748392
     -3.388388     14.024921     14.024921     28.049842
     -3.378378     15.220094     15.220094     30.440188
     -3.368368     16.913632     16.913632     33.827264
     -3.358358     19.565777     19.565777     39.131555
     -3.348348     23.448165     23.448165     46.896331
     -3.338338     28.500502     28.500502     57.001004
     -3.328328     34.290388     34.290388     68.580777
     -3.318318     40.081492     40.081492     80.162985
     -3.308308     44.979263     44.979263     89.958525
     -3.298298     48.114005     48.114005     96.228009
     -3.288288     48.828527     48.828527     97.657054
     -3.278278     46.839728     46.839728     93.679456
     -3.268268     42.333794     42.333794     84.667587
     -3.258258     35.951722     35.951722     71.903445
     -3.248248     28.648758     28.648758     57.297516
     -3.238238     21.464635     21.464635     42.929271
     -3.228228     15.286830     15.286830     30.573660
     -3.218218     10.690350     10.690350     21.380700
     -3.208208      7.892289      7.892289     15.784579
     -3.198198      6.801304      6.801304     13.602608
     -3.188188      7.111759      7.111759     14.223519
     -3.178178      8.402547      8.402547     16.805095
     -3.168168     10.230475     10.230475     20.460950
     -3.158158     12.224636     12.224636     24.449272
     -3.148148     14.175945     14.175945     28.351890
     -3.138138     16.089370     16.089370     32.178741
     -3.128128     18.156414     18.156414     36.312828
     -3.118118     20.632410     20.632410     41.264820
     -3.108108     23.657644     23.657644     47.315287
     -3.098098     27.107410     27.107410     54.214820
     -3.088088     30.557458     30.557458     61.114916
     -3.078078     33.398378     33.398378     66.796755
     -3.068068     35.052523     35.052523     70.105047
     -3.058058     35.187961     35.187961     70.375922
     -3.048048     33.823725     33.823725     67.647450
     -3.038038     31.281736     31.281736     62.563471
     -3.028028     28.026355     28.026355     56.052710
     -3.018018     24.489747     24.489747     48.979493
     -3.008008     20.975808     20.975808     41.951615
     -2.997998     17.675709     17.675709     35.351418
     -2.987988     14.757175     14.757175     29.514349
     -2.977978     12.452985     12.452985     24.905970
     -2.967968     11.087341     11.087341     22.174681
     -2.957958     11.022172     11.022172     22.044343
     -2.947948     12.546748     12.546748     25.093496
     -2.937938     15.754104     15.754104     31.508208
     -2.927928     20.448680     20.448680     40.897359
     -2.917918     26.121253     26.121253     52.242507
     -2.907908     32.013222     32.013222     64.026445
     -2.897898     37.268876     37.268876     74.537752
     -2.887888     41.141202     41.141202     82.282404
     -2.877878     43.185802     43.185802     86.371603
     -2.867868     43.368180     43.368180     86.736360
     -2.857858     42.035281     42.035281     84.070563
     -2.847848     39.757164     39.757164     79.514328
     -2.837838     37.104240     37.104240     74.208479
     -2.827828     34.457508     34.457508     68.915015
     -2.817818     31.933486     31.933486     63.866972
     -2.807808     29.447236     29.447236     58.894472
     -2.797798     26.866175     26.866175     53.732351
     -2.787788     24.163088     24.163088     48.326176
     -2.777778     21.483609     21.483609     42.967217
     -2.767768     19.097207     19.097207     38.194414
     -2.757758     17.269846     17.269846     34.539693
     -2.747748     16.140784     16.140784     32.281567
     -2.737738     15.679388     15.679388     31.358776
     -2.727728     15.744384     15.744384     31.488769
     -2.717718     16.200346     16.200346     32.400691
     -2.707708     17.007893     17.007893     34.015786
     -2.697698     18.221776     18.221776     36.443552
     -2.687688     19.895832     19.895832     39.791665
     -2.677678     21.963287     21.963287     43.926573
     -2.667668     24.185396     24.185396     48.370792
     -2.657658     26.219794     26.219794     52.439589
     -2.647648     27.777303     27.777303     55.554606
     -2.637638     28.770160     28.770160     57.540321
     -2.627628     29.354487     29.354487     58.708974
     -2.617618     29.837682     29.837682     59.675364
     -2.607608     30.508830     30.508830     61.017659
     -2.597598     31.493875     31.493875     62.987751
     -2.587588     32.708859     32.708859     65.417717
     -2.577578     33.911844     33.911844     67.823687
     -2.567568     34.796830     34.796830     69.593659
     -2.557558     35.071160     35.071160     70.142321
     -2.547548     34.501086     34.501086     69.002173
     -2.537538     32.950709     32.950709     65.901418
     -2.527528     30.438853     30.438853     60.877706
     -2.517518     27.200689     27.200689     54.401378
     -2.507508     23.705849     23.705849     47.411698
     -2.497497     20.588726     20.588726     41.177451
     -2.487487     18.490939     18.490939     36.981878
     -2.477477     17.869331     17.869331     35.738661
     -2.467467     18.849603     18.849603     37.699205
     -2.457457     21.191101     21.191101     42.382202
     -2.447447     24.381854     24.381854     48.763707
     -2.437437     27.827382     27.827382     55.654763
     -2.427427     31.055247     31.055247     62.110495
     -2.417417     33.847546     33.847546     67.695092
     -2.407407     36.242398     36.242398     72.484796
     -2.397397     38.404139     38.404139     76.808278
     -2.387387     40.425925     40.425925     80.851849
     -2.377377     42.167102     42.167102     84.334204
     -2.367367     43.218523     43.218523     86.437045
     -2.357357     43.030592     43.030592     86.061185
     -2.347347     41.155778     41.155778     82.311557
     -2.337337     37.492447     37.492447     74.984894
     -2.327327     32.409307     32.409307     64.818613
     -2.317317     26.687864     26.687864     53.375727
     -2.307307     21.311123     21.311123     42.622247
     -2.297297     17.195914     17.195914     34.391827
     -2.287287     14.976236     14.976236     29.952471
     -2.277277     14.900801     14.900801     29.801603
     -2.267267     16.846424     16.846424     33.692849
     -2.257257     20.407355     20.407355     40.814709
     -2.247247     25.011654     25.011654     50.023309
     -2.237237     30.028586     30.028586     60.057173
     -2.227227     34.849134     34.849134     69.698267
     -2.217217     38.936462     38.936462     77.872924
     -2.207207     41.854039     41.854039     83.708078
     -2.197197     43.286606     43.286606     86.573212
     -2.187187     43.069404     43.069404     86.138808
     -2.177177     41.228814     41.228814     82.457628
     -2.167167     38.015330     38.015330     76.030661
     -2.157157     33.892283     33.892283     67.784566
     -2.147147     29.450550     29.450550     58.901099
     -2.137137     25.256749     25.256749     50.513498
     -2.127127     21.690301     21.690301     43.380602
     -2.117117     18.847334     18.847334     37.694668
     -2.107107     16.563428     16.563428     33.126857
     -2.097097     14.544416     14.544416     29.088831
     -2.087087     12.536113     12.536113     25.072226
     -2.077077     10.448719     10.448719     20.897437
     -2.067067      8.386219      8.386219     16.772439
     -2.057057      6.587216      6.587216     13.174432
     -2.047047      5.322571      5.322571     10.645143
     -2.037037      4.798405      4.798405      9.596810
     -2.027027      5.090636      5.090636     10.181271
     -2.017017      6.114830      6.114830     12.229660
     -2.007007      7.628894      7.628894     15.257788
     -1.996997      9.272040      9.272040     18.544080
     -1.986987     10.644539     10.644539     21.289078
     -1.976977     11.418334     11.418334     22.836668
     -1.966967     11.445554     11.445554     22.891107
     -1.956957     10.819795     10.819795     21.639589
     -1.946947      9.857848      9.857848     19.715697
     -1.936937      9.002897      9.002897     18.005794
     -1.926927      8.684421      8.684421     17.368843
     -1.916917      9.185902      9.185902     18.371805
     -1.906907     10.563643     10.563643     21.127287
     -1.896897     12.637212     12.637212     25.274423
     -1.886887     15.046858     15.046858     30.093717
     -1.876877     17.354728     17.354728     34.709456
     -1.866867     19.158443     19.158443     38.316886
     -1.856857     20.187457     20.187457     40.374913
     -1.846847     20.360831     20.360831     40.721661
     -1.836837     19.794496     19.794496     39.588991
     -1.826827     18.754458     18.754458     37.508917
     -1.816817     17.563315     17.563315     35.126631
     -1.806807     16.484508     16.484508     32.969016
     -1.796797     15.626367     15.626367     31.252735
     -1.786787     14.910654     14.910654     29.821308
     -1.776777     14.126134     14.126134     28.252268
     -1.766767     13.044516     13.044516     26.089033
     -1.756757     11.540589     11.540589     23.081178
     -1.746747      9.656503      9.656503     19.313007
     -1.736737      7.584575      7.584575     15.169150
     -1.726727      5.589821      5.589821     11.179642
     -1.716717      3.921573      3.921573      7.843146
     -1.706707      2.757748      2.757748      5.515495
     -1.696697      2.195344      2.195344      4.390687
     -1.686687      2.269581      2.269581      4.539161
     -1.676677      2.970941      2.970941      5.941882
     -1.666667      4.239030      4.239030      8.478061
     -1.656657      5.935952      5.935952     11.871905
     -1.646647      7.824434      7.824434     15.648868
     -1.636637      9.582790      9.582790     19.165580
     -1.626627     10.873446     10.873446     21.746892
     -1.616617     11.450923     11.450923     22.901845
     -1.606607     11.267086     11.267086     22.534171
     -1.596597     10.524934     10.524934     21.049868
     -1.586587      9.652174      9.652174     19.304349
     -1.576577      9.199197      9.199197     18.398394
     -1.566567      9.692327      9.692327     19.384654
     -1.556557     11.481853     11.481853     22.963706
     -1.546547     14.620735     14.620735     29.241469
     -1.536537     18.804919     18.804919     37.609838
     -1.526527     23.401096     23.401096     46.802191
     -1.516517     27.572795     27.572795     55.145590
     -1.506507     30.484260     30.484260     60.968519
     -1.496496     31.524049     31.524049     63.048098
     -1.486486     30.471006     30.471006     60.942011
     -1.476476     27.542140     27.542140     55.084281
     -1.466466     23.310184     23.310184     46.620367
     -1.456456     18.531661     18.531661     37.063323
     -1.446446     13.955682     13.955682     27.911364
     -1.436436     10.176799     10.176799     20.353598
     -1.426426      7.561894      7.561894     15.123788
     -1.416416      6.243351      6.243351     12.486702
     -1.406406      6.149674      6.149674     12.299349
     -1.396396      7.048017      7.048017     14.096033
     -1.386386      8.592101      8.592101     17.184203
     -1.376376     10.384721     10.384721     20.769442
     -1.366366     12.060530     12.060530     24.121060
     -1.356356     13.373156     13.373156     26.746313
     -1.346346     14.249880     14.249880     28.499761
     -1.336336     14.780430     14.780430     29.560860
     -1.326326     15.139239     15.139239     30.278478
     -1.316316     15.481856     15.481856     30.963712
     -1.306306     15.873157     15.873157     31.746315
     -1.296296     16.281228     16.281228     32.562457
     -1.286286     16.623299     16.623299     33.246597
     -1.276276     16.816890     16.816890     33.633780
     -1.266266     16.796787     16.796787     33.593575
     -1.256256     16.497622     16.497622     32.995244
     -1.246246     15.836488     15.836488     31.672977
     -1.236236     14.729446     14.729446     29.458893
     -1.226226     13.142251     13.142251     26.284503
     -1.216216     11.140772     11.140772     22.281543
     -1.206206      8.901212      8.901212     17.802423
     -1.196196      6.667737      6.667737     13.335474
     -1.186186      4.681147      4.681147      9.362295
     -1.176176      3.118772      3.118772      6.237545
     -1.166166      2.073747      2.073747      4.147495
     -1.156156      1.574073      1.574073      3.148146
     -1.146146      1.618653      1.618653      3.237305
     -1.136136      2.201174      2.201174      4.402349
     -1.126126      3.303369      3.303369      6.606739
     -1.116116      4.859500      4.859500      9.719001
     -1.106106      6.714253      6.714253     13.428506
     -1.096096      8.606776      8.606776     17.213552
     -1.086086     10.206656     10.206656     20.413313
     -1.076076     11.202634     11.202634     22.405268
     -1.066066     11.413042     11.413042     22.826084
     -1.056056     10.867577     10.867577     21.735154
     -1.046046      9.817407      9.817407     19.634815
     -1.036036      8.662270      8.662270     17.324541
     -1.026026      7.820562      7.820562     15.641124
     -1.016016      7.591012      7.591012     15.182023
     -1.006006      8.054457      8.054457     16.108913
     -0.995996      9.047431      9.047431     18.094862
     -0.985986     10.215652     10.215652     20.431304
     -0.975976     11.130815     11.130815     22.261631
     -0.965966     11.431915     11.431915     22.863830
     -0.955956     10.940081     10.940081     21.880162
     -0.945946      9.703547      9.703547     19.407095
     -0.935936      7.958662      7.958662     15.917324
     -0.925926      6.030695      6.030695     12.061390
     -0.915916      4.222936      4.222936      8.445872
     -0.905906      2.740409      2.740409      5.480818
     -0.895896      1.669901      1.669901      3.339802
     -0.885886      1.008576      1.008576      2.017152
     -0.875876      0.715725      0.715725      1.431449
     -0.865866      0.760716      0.760716      1.521432
     -0.855856      1.148830      1.148830      2.297659
     -0.845846      1.917067      1.917067      3.834134
     -0.835836      3.101089      3.101089      6.202178
     -0.825826      4.683799      4.683799      9.367597
     -0.815816      6.546485      6.546485     13.092971
     -0.805806      8.450089      8.450089     16.900179
     -0.795796     10.068361     10.068361     20.136723
     -0.785786     11.072764     11.072764     22.145529
     -0.775776     11.239400     11.239400     22.478800
     -0.765766     10.529748     10.529748     21.059497
     -0.755756      9.105028      9.105028     18.210056
     -0.745746      7.266723      7.266723     14.533446
     -0.735736      5.353254      5.353254     10.706509
     -0.725726      3.641302      3.641302      7.282604
     -0.715716      2.290503      2.290503      4.581006
     -0.705706      1.342555      1.342555      2.685111
     -0.695696      0.759743      0.759743      1.519486
     -0.685686      0.477046      0.477046      0.954093
     -0.675676      0.446337      0.446337      0.892674
     -0.665666      0.661563      0.661563      1.323126
     -0.655656      1.161643      1.161643      2.323285
     -0.645646      2.010841      2.010841      4.021681
     -0.635636      3.258774      3.258774      6.517548
     -0.625626      4.888668      4.888668      9.777336
     -0.615616      6.772874      6.772874     13.545747
     -0.605606      8.661537      8.661537     17.323074
     -0.595596     10.223851     10.223851     20.447703
     -0.585586     11.138408     11.138408     22.276816
     -0.575576     11.200025     11.200025     22.400050
     -0.565566     10.394457     10.394457     20.788914
     -0.555556      8.903720      8.903720     17.807439
     -0.545546      7.039276      7.039276     14.078553
     -0.535536      5.136549      5.136549     10.273097
     -0.525526      3.459407      3.459407      6.918814
     -0.515516      2.150397      2.150397      4.300795
     -0.505506      1.233737      1.233737      2.467474
     -0.495495      0.653301      0.653301      1.306602
     -0.485485      0.319294      0.319294      0.638588
     -0.475475      0.144031      0.144031      0.288062
     -0.465465      0.059966      0.059966      0.119933
     -0.455455      0.023043      0.023043      0.046087
     -0.445445      0.008173      0.008173      0.016346
     -0.435435      0.002676      0.002676      0.005352
     -0.425425      0.000811      0.000811      0.001622
     -0.415415      0.000238      0.000238      0.000477
     -0.405405      0.000113      0.000113      0.000226
     -0.395395      0.000229      0.000229      0.000457
     -0.385385      0.000776      0.000776      0.001552
     -0.375375      0.002567      0.002567      0.005133
     -0.365365      0.007861      0.007861      0.015723
     -0.355355      0.022229      0.022229      0.044458
     -0.345345      0.058015      0.058015      0.116030
     -0.335335      0.139747      0.139747      0.279494
     -0.325325      0.310694      0.310694      0.621389
     -0.315315      0.637545      0.637545      1.275090
     -0.305305      1.207466      1.207466      2.414932
     -0.295295      2.110696      2.110696      4.221393
     -0.285285      3.405364      3.405364      6.810729
     -0.275275      5.070937      5.070937     10.141874
     -0.265265      6.969469      6.969469     13.938938
     -0.255255      8.840932      8.840932     17.681864
     -0.245245     10.351022     10.351022     20.702044
     -0.235235     11.185497     11.185497     22.370993
     -0.225225     11.156145     11.156145     22.312290
     -0.215215     10.269751     10.269751     20.539501
     -0.205205      8.725543      8.725543     17.451087
     -0.195195      6.842455      6.842455     13.684909
     -0.185185      4.952428      4.952428      9.904857
     -0.175175      3.308349      3.308349      6.616699
     -0.165165      2.039818      2.039818      4.079635
     -0.155155      1.160802      1.160802      2.321604
     -0.145145      0.609694      0.609694      1.219388
     -0.135135      0.295565      0.295565      0.591129
     -0.125125      0.132245      0.132245      0.264490
     -0.115115      0.054613      0.054613      0.109225
     -0.105105      0.020816      0.020816      0.041632
     -0.095095      0.007323      0.007323      0.014646
     -0.085085      0.002378      0.002378      0.004755
     -0.075075      0.000713      0.000713      0.001425
     -0.065065      0.000197      0.000197      0.000394
     -0.055055      0.000050      0.000050      0.000101
     -0.045045      0.000012      0.000012      0.000024
     -0.035035      0.000003      0.000003      0.000005
     -0.025025      0.000001      0.000001      0.000001
     -0.015015      0.000000      0.000000      0.000000
     -0.005005      0.000000      0.000000      0.000000
      0.005005      0.000000      0.000000      0.000000
      0.015015      0.000000      0.000000      0.000000
      0.025025      0.000001      0.000001      0.000001
      0.035035      0.000003      0.000003      0.000005
      0.045045      0.000012      0.000012      0.000024
      0.055055      0.000050      0.000050      0.000101
      0.065065      0.000197      0.000197      0.000394
      0.075075      0.000713      0.000713      0.001425
      0.085085      0.002378      0.002378      0.004755
      0.095095      0.007323      0.007323      0.014646
      0.105105      0.020816      0.020816      0.041632
      0.115115      0.054613      0.054613      0.109226
      0.125125      0.132245      0.132245      0.264491
      0.135135      0.295565      0.295565      0.591130
      0.145145      0.609694      0.609694      1.219389
      0.155155      1.160803      1.160803      2.321606
      0.165165      2.039819      2.039819      4.079637
      0.175175      3.308351      3.308351      6.616701
      0.185185      4.952430      4.952430      9.904861
      0.195195      6.842457      6.842457     13.684913
      0.205205      8.725545      8.725545     17.451090
      0.215215     10.269752     10.269752     20.539504
      0.225225     11.156146     11.156146     22.312291
      0.235235     11.185496     11.185496     22.370992
      0.245245     10.351021     10.351021     20.702042
      0.255255      8.840930      8.840930     17.681860
      0.265265      6.969467      6.969467     13.938935
      0.275275      5.070935      5.070935     10.141870
      0.285285      3.405363      3.405363      6.810726
      0.295295      2.110695      2.110695      4.221391
      0.305305      1.207465      1.207465      2.414930
      0.315315      0.637544      0.637544      1.275089
      0.325325      0.310694      0.310694      0.621388
      0.335335      0.139747      0.139747      0.279494
      0.345345      0.058015      0.058015      0.116030
      0.355355      0.022229      0.022229      0.044458
      0.365365      0.007861      0.007861      0.015723
      0.375375      0.002566      0.002566      0.005133
      0.385385      0.000775      0.000775      0.001550
      0.395395      0.000223      0.000223      0.000446
      0.405405      0.000091      0.000091      0.000181
      0.415415      0.000155      0.000155      0.000310
      0.425425      0.000527      0.000527      0.001054
      0.435435      0.001784      0.001784      0.003568
      0.445445      0.005601      0.005601      0.011202
      0.455455      0.016236      0.016236      0.032473
      0.465465      0.043442      0.043442      0.086885
      0.475475      0.107282      0.107282      0.214564
      0.485485      0.244526      0.244526      0.489052
      0.495495      0.514412      0.514412      1.028825
      0.505506      0.998814      0.998814      1.997627
      0.515516      1.789964      1.789964      3.579928
      0.525526      2.960677      2.960677      5.921353
      0.535536      4.519855      4.519855      9.039710
      0.545546      6.368614      6.368614     12.737228
      0.555556      8.282326      8.282326     16.564652
      0.565566      9.941388      9.941388     19.882775
      0.575576     11.013622     11.013622     22.027245
      0.585586     11.261762     11.261762     22.523524
      0.595596     10.628996     10.628996     21.257992
      0.605606      9.260843      9.260843     18.521686
      0.615616      7.452724      7.452724     14.905449
      0.625626      5.550809      5.550809     11.101619
      0.635636      3.854617      3.854617      7.709233
      0.645646      2.561913      2.561913      5.123827
      0.655656      1.768017      1.768017      3.536034
      0.665666      1.502080      1.502080      3.004160
      0.675676      1.768086      1.768086      3.536173
      0.685686      2.562249      2.562249      5.124498
      0.695696      3.855906      3.855906      7.711811
      0.705706      5.555104      5.555104     11.110207
      0.715716      7.465595      7.465595     14.931189
      0.725726      9.296088      9.296088     18.592177
      0.735736     10.717738     10.717738     21.435477
      0.745746     11.467703     11.467703     22.935406
      0.755756     11.454517     11.454517     22.909033
      0.765766     10.812453     10.812453     21.624907
      0.775776      9.870656      9.870656     19.741312
      0.785786      9.041732      9.041732     18.083464
      0.795796      8.672127      8.672127     17.344254
      0.805806      8.913777      8.913777     17.827555
      0.815816      9.667484      9.667484     19.334969
      0.825826     10.619895     10.619895     21.239791
      0.835836     11.359818     11.359818     22.719636
      0.845846     11.528314     11.528314     23.056629
      0.855856     10.942835     10.942835     21.885671
      0.865866      9.647046      9.647046     19.294092
      0.875876      7.872287      7.872287     15.744574
      0.885886      5.937055      5.937055     11.874110
      0.895896      4.135162      4.135162      8.270323
      0.905906      2.659027      2.659027      5.318054
      0.915916      1.578351      1.578351      3.156702
      0.925926      0.864884      0.864884      1.729768
      0.935936      0.437878      0.437878      0.875757
      0.945946      0.206122      0.206122      0.412245
      0.955956      0.094237      0.094237      0.188473
      0.965966      0.053109      0.053109      0.106217
      0.975976      0.060978      0.060978      0.121955
      0.985986      0.122244      0.122244      0.244487
      0.995996      0.267856      0.267856      0.535712
      1.006006      0.556543      0.556543      1.113086
      1.016016      1.071860      1.071860      2.143720
      1.026026      1.907918      1.907918      3.815836
      1.036036      3.139228      3.139228      6.278456
      1.046046      4.778917      4.778917      9.557835
      1.056056      6.742063      6.742063     13.484127
      1.066066      8.838820      8.838820     17.677640
      1.076076     10.815409     10.815409     21.630818
      1.086086     12.437020     12.437020     24.874040
      1.096096     13.576874     13.576874     27.153748
      1.106106     14.262113     14.262113     28.524225
      1.116116     14.645788     14.645788     29.291576
      1.126126     14.918328     14.918328     29.836656
      1.136136     15.211665     15.211665     30.423331
      1.146146     15.553603     15.553603     31.107206
      1.156156     15.893012     15.893012     31.786025
      1.166166     16.165760     16.165760     32.331520
      1.176176     16.346672     16.346672     32.693343
      1.186186     16.452926     16.452926     32.905853
      1.196196     16.509642     16.509642     33.019284
      1.206206     16.518602     16.518602     33.037204
      1.216216     16.460702     16.460702     32.921404
      1.226226     16.324137     16.324137     32.648274
      1.236236     16.121828     16.121828     32.243656
      1.246246     15.870949     15.870949     31.741897
      1.256256     15.546258     15.546258     31.092515
      1.266266     15.050462     15.050462     30.100923
      1.276276     14.238574     14.238574     28.477147
      1.286286     12.993001     12.993001     25.986003
      1.296296     11.305927     11.305927     22.611854
      1.306306      9.318583      9.318583     18.637167
      1.316316      7.297150      7.297150     14.594300
      1.326326      5.565950      5.565950     11.131900
      1.336336      4.438517      4.438517      8.877034
      1.346346      4.174452      4.174452      8.348904
      1.356356      4.959820      4.959820      9.919639
      1.366366      6.887695      6.887695     13.775390
      1.376376      9.920364      9.920364     19.840727
      1.386386     13.841327     13.841327     27.682653
      1.396396     18.231960     18.231960     36.463920
      1.406406     22.510719     22.510719     45.021438
      1.416416     26.044460     26.044460     52.088920
      1.426426     28.298394     28.298394     56.596788
      1.436436     28.964072     28.964072     57.928144
      1.446446     28.014639     28.014639     56.029278
      1.456456     25.676349     25.676349     51.352698
      1.466466     22.345628     22.345628     44.691256
      1.476476     18.495281     18.495281     36.990561
      1.486486     14.599505     14.599505     29.199010
      1.496496     11.084133     11.084133     22.168266
      1.506507      8.294953      8.294953     16.589906
      1.516517      6.476550      6.476550     12.953100
      1.526527      5.758328      5.758328     11.516656
      1.536537      6.146643      6.146643     12.293286
      1.546547      7.523562      7.523562     15.047123
      1.556557      9.656682      9.656682     19.313364
      1.566567     12.227945     12.227945     24.455891
      1.576577     14.885966     14.885966     29.771933
      1.586587     17.314946     17.314946     34.629891
      1.596597     19.301543     19.301543     38.603085
      1.606607     20.778844     20.778844     41.557687
      1.616617     21.834863     21.834863     43.669726
      1.626627     22.683867     22.683867     45.367734
      1.636637     23.605100     23.605100     47.210201
      1.646647     24.857350     24.857350     49.714700
      1.656657     26.586246     26.586246     53.172491
      1.666667     28.754147     28.754147     57.508295
      1.676677     31.128207     31.128207     62.256414
      1.686687     33.347006     33.347006     66.694011
      1.696697     35.049490     35.049490     70.098981
      1.706707     36.010019     36.010019     72.020038
      1.716717     36.208087     36.208087     72.416174
      1.726727     35.789297     35.789297     71.578595
      1.736737     34.937133     34.937133     69.874265
      1.746747     33.736164     33.736164     67.472327
      1.756757     32.121486     32.121486     64.242971
      1.766767     29.958183     29.958183     59.916367
      1.776777     27.207346     27.207346     54.414693
      1.786787     24.071384     24.071384     48.142768
      1.796797     21.016661     21.016661     42.033323
      1.806807     18.641876     18.641876     37.283753
      1.816817     17.448340     17.448340     34.896681
      1.826827     17.620702     17.620702     35.241404
      1.836837     18.920889     18.920889     37.841778
      1.846847     20.746154     20.746154     41.492308
      1.856857     22.332442     22.332442     44.664883
      1.866867     23.024353     23.024353     46.048706
      1.876877     22.504041     22.504041     45.008082
      1.886887     20.886271     20.886271     41.772541
      1.896897     18.643179     18.643179     37.286357
      1.906907     16.396959     16.396959     32.793918
      1.916917     14.676206     14.676206     29.352413
      1.926927     13.743448     13.743448     27.486896
      1.936937     13.562557     13.562557     27.125113
      1.946947     13.905238     13.905238     27.810477
      1.956957     14.528923     14.528923     29.057846
      1.966967     15.325413     15.325413     30.650826
      1.976977     16.357629     16.357629     32.715259
      1.986987     17.764857     17.764857     35.529714
      1.996997     19.594851     19.594851     39.189702
      2.007007     21.670296     21.670296     43.340593
      2.017017     23.584014     23.584014     47.168029
      2.027027     24.843084     24.843084     49.686168
      2.037037     25.088564     25.088564     50.177128
      2.047047     24.264642     24.264642     48.529283
      2.057057     22.636679     22.636679     45.273357
      2.067067     20.648150     20.648150     41.296300
      2.077077     18.703168     18.703168     37.406337
      2.087087     17.001056     17.001056     34.002111
      2.097097     15.509347     15.509347     31.018695
      2.107107     14.073248     14.073248     28.146496
      2.117117     12.582852     12.582852     25.165703
      2.127127     11.099030     11.099030     22.198060
      2.137137      9.876763      9.876763     19.753526
      2.147147      9.286752      9.286752     18.573503
      2.157157      9.682256      9.682256     19.364511
      2.167167     11.269202     11.269202     22.538404
      2.177177     14.021108     14.021108     28.042215
      2.187187     17.655758     17.655758     35.311515
      2.197197     21.672149     21.672149     43.344299
      2.207207     25.436613     25.436613     50.873226
      2.217217     28.301927     28.301927     56.603854
      2.227227     29.738216     29.738216     59.476431
      2.237237     29.448563     29.448563     58.897126
      2.247247     27.439052     27.439052     54.878105
      2.257257     24.018321     24.018321     48.036642
      2.267267     19.720105     19.720105     39.440210
      2.277277     15.170025     15.170025     30.340049
      2.287287     10.941950     10.941950     21.883900
      2.297297      7.454674      7.454674     14.909347
      2.307307      4.940839      4.940839      9.881678
      2.317317      3.486737      3.486737      6.973475
      2.327327      3.111518      3.111518      6.223037
      2.337337      3.841410      3.841410      7.682819
      2.347347      5.741402      5.741402     11.482804
      2.357357      8.887161      8.887161     17.774321
      2.367367     13.284816     13.284816     26.569633
      2.377377     18.768637     18.768637     37.537274
      2.387387     24.920863     24.920863     49.841726
      2.397397     31.059022     31.059022     62.118045
      2.407407     36.319676     36.319676     72.639351
      2.417417     39.834264     39.834264     79.668528
      2.427427     40.951624     40.951624     81.903248
      2.437437     39.430670     39.430670     78.861340
      2.447447     35.525434     35.525434     71.050868
      2.457457     29.921517     29.921517     59.843034
      2.467467     23.544740     23.544740     47.089481
      2.477477     17.318029     17.318029     34.636059
      2.487487     11.960494     11.960494     23.920988
      2.497497      7.894191      7.894191     15.788382
      2.507508      5.267882      5.267882     10.535765
      2.517518      4.055608      4.055608      8.111215
      2.527528      4.165598      4.165598      8.331196
      2.537538      5.506313      5.506313     11.012626
      2.547548      7.988460      7.988460     15.976920
      2.557558     11.476549     11.476549     22.953098
      2.567568     15.726660     15.726660     31.453320
      2.577578     20.352106     20.352106     40.704212
      2.587588     24.846022     24.846022     49.692043
      2.597598     28.665592     28.665592     57.331184
      2.607608     31.355529     31.355529     62.711059
      2.617618     32.668384     32.668384     65.336769
      2.627628     32.634923     32.634923     65.269847
      2.637638     31.553944     31.553944     63.107888
      2.647648     29.903921     29.903921     59.807842
      2.657658     28.213987     28.213987     56.427974
      2.667668     26.948229     26.948229     53.896458
      2.677678     26.443035     26.443035     52.886069
      2.687688     26.900893     26.900893     53.801786
      2.697698     28.410706     28.410706     56.821411
      2.707708     30.956516     30.956516     61.913033
      2.717718     34.396135     34.396135     68.792270
      2.727728     38.422434     38.422434     76.844869
      2.737738     42.543499     42.543499     85.086998
      2.747748     46.121473     46.121473     92.242946
      2.757758     48.490631     48.490631     96.981262
      2.767768     49.136562     49.136562     98.273125
      2.777778     47.874551     47.874551     95.749102
      2.787788     44.942309     44.942309     89.884618
      2.797798     40.944478     40.944478     81.888956
      2.807808     36.653125     36.653125     73.306251
      2.817818     32.744826     32.744826     65.489651
      2.827828     29.591850     29.591850     59.183700
      2.837838     27.197050     27.197050     54.394099
      2.847848     25.287165     25.287165     50.574331
      2.857858     23.504033     23.504033     47.008066
      2.867868     21.597366     21.597366     43.194733
      2.877878     19.536347     19.536347     39.072695
      2.887888     17.503570     17.503570     35.007141
      2.897898     15.789010     15.789010     31.578019
      2.907908     14.643223     14.643223     29.286446
      2.917918     14.164090     14.164090     28.328180
      2.927928     14.272750     14.272750     28.545500
      2.937938     14.786524     14.786524     29.573048
      2.947948     15.540853     15.540853     31.081707
      2.957958     16.480539     16.480539     32.961077
      2.967968     17.656455     17.656455     35.312909
      2.977978     19.123234     19.123234     38.246468
      2.987988     20.801305     20.801305     41.602611
      2.997998     22.398018     22.398018     44.796037
      3.008008     23.453140     23.453140     46.906280
      3.018018     23.499784     23.499784     46.999568
      3.028028     22.260058     22.260058     44.520116
      3.038038     19.772006     19.772006     39.544012
      3.048048     16.384036     16.384036     32.768071
      3.058058     12.626944     12.626944     25.253888
      3.068068      9.034111      9.034111     18.068222
      3.078078      5.993878      5.993878     11.987756
      3.088088      3.685586      3.685586      7.371173
      3.098098      2.100528      2.100528      4.201055
      3.108108      1.112988      1.112988      2.225976
      3.118118      0.558942      0.558942      1.117883
      3.128128      0.294586      0.294586      0.589171
      3.138138      0.227666      0.227666      0.455332
      3.148148      0.328397      0.328397      0.656794
      3.158158      0.629500      0.629500      1.258999
      3.168168      1.219527      1.219527      2.439053
      3.178178      2.226258      2.226258      4.452516
      3.188188      3.783415      3.783415      7.566829
      3.198198      5.977989      5.977989     11.955977
      3.208208      8.787015      8.787015     17.574031
      3.218218     12.026160     12.026160     24.052320
      3.228228     15.338898     15.338898     30.677796
      3.238238     18.246522     18.246522     36.493045
      3.248248     20.255787     20.255787     40.511574
      3.258258     20.992816     20.992816     41.985632
      3.268268     20.314438     20.314438     40.628877
      3.278278     18.352566     18.352566     36.705132
      3.288288     15.473317     15.473317     30.946633
      3.298298     12.167817     12.167817     24.335634
      3.308308      8.918462      8.918462     17.836925
      3.318318      6.089990      6.089990     12.179981
      3.328328      3.878173      3.878173      7.756346
      3.338338      2.321009      2.321009      4.642018
      3.348348      1.353168      1.353168      2.706335
      3.358358      0.874169      0.874169      1.748337
      3.368368      0.804479      0.804479      1.608958
      3.378378      1.114227      1.114227      2.228453
      3.388388      1.819380      1.819380      3.638761
      3.398398      2.948053      2.948053      5.896106
      3.408408      4.487553      4.487553      8.975107
      3.418418      6.332587      6.332587     12.665173
      3.428428      8.262260      8.262260     16.524520
      3.438438      9.969585      9.969585     19.939170
      3.448448     11.146599     11.146599     22.293197
      3.458458     11.597606     11.597606     23.195213
      3.468468     11.330105     11.330105     22.660211
      3.478478     10.575106     10.575106     21.150213
      3.488488      9.718596      9.718596     19.437193
      3.498498      9.168182      9.168182     18.336365
      3.508509      9.210199      9.210199     18.420398
      3.518519      9.917042      9.917042     19.834085
      3.528529     11.141442     11.141442     22.282883
      3.538539     12.595161     12.595161     25.190322
      3.548549     13.971270     13.971270     27.942541
      3.558559     15.049478     15.049478     30.098957
      3.568569     15.735437     15.735437     31.470873
      3.578579     16.024844     16.024844     32.049687
      3.588589     15.929408     15.929408     31.858816
      3.598599     15.423331     15.423331     30.846662
      3.608609     14.449414     14.449414     28.898827
      3.618619     12.977064     12.977064     25.954128
      3.628629     11.065789     11.065789     22.131578
      3.638639      8.885487      8.885487     17.770975
      3.648649      6.677657      6.677657     13.355314
      3.658659      4.681838      4.681838      9.363676
      3.668669      3.070273      3.070273      6.140546
      3.678679      1.922413      1.922413      3.844825
      3.688689      1.243390      1.243390      2.486780
      3.698699      1.007174      1.007174      2.014347
      3.708709      1.196918      1.196918      2.393837
      3.718719      1.820778      1.820778      3.641556
      3.728729      2.894394      2.894394      5.788788
      3.738739      4.396389      4.396389      8.792777
      3.748749      6.217533      6.217533     12.435067
      3.758759      8.133162      8.133162     16.266324
      3.768769      9.824603      9.824603     19.649206
      3.778779     10.955012     10.955012     21.910024
      3.788789     11.274857     11.274857     22.549714
      3.798799     10.710244     10.710244     21.420488
      3.808809      9.390211      9.390211     18.780422
      3.818819      7.598685      7.598685     15.197371
      3.828829      5.675301      5.675301     11.350603
      3.838839      3.912273      3.912273      7.824546
      3.848849      2.489284      2.489284      4.978568
      3.858859      1.462247      1.462247      2.924495
      3.868869      0.794088      0.794088      1.588175
      3.878879      0.402107      0.402107      0.804214
      3.888889      0.199737      0.199737      0.399474
      3.898899      0.122712      0.122712      0.245424
      3.908909      0.140941      0.140941      0.281882
      3.918919      0.262104      0.262104      0.524208
      3.928929      0.531228      0.531228      1.062455
      3.938939      1.025414      1.025414      2.050827
      3.948949      1.838743      1.838743      3.677486
      3.958959      3.053091      3.053091      6.106181
      3.968969      4.698147      4.698147      9.396295
      3.978979      6.715929      6.715929     13.431857
      3.988989      8.953322      8.953322     17.906645
      3.998999     11.200734     11.200734     22.401468
      4.009009     13.272248     13.272248     26.544496
      4.019019     15.093249     15.093249     30.186498
      4.029029     16.745833     16.745833     33.491665
      4.039039     18.436454     18.436454     36.872908
      4.049049     20.390106     20.390106     40.780212
      4.059059     22.716994     22.716994     45.433988
      4.069069     25.315152     25.315152     50.630304
      4.079079     27.857071     27.857071     55.714142
      4.089089     29.872092     29.872092     59.744183
      4.099099     30.898239     30.898239     61.796477
      4.109109     30.649848     30.649848     61.299697
      4.119119     29.136471     29.136471     58.272942
      4.129129     26.679527     26.679527     53.359054
      4.139139     23.810036     23.810036     47.620072
      4.149149     21.084756     21.084756     42.169512
      4.159159     18.902496     18.902496     37.804993
      4.169169     17.406341     17.406341     34.812683
      4.179179     16.511449     16.511449     33.022899
      4.189189     16.027221     16.027221     32.054442
      4.199199     15.792431     15.792431     31.584862
      4.209209     15.745458     15.745458     31.490915
      4.219219     15.904081     15.904081     31.808162
      4.229229     16.291024     16.291024     32.582048
      4.239239     16.868905     16.868905     33.737810
      4.249249     17.527328     17.527328     35.054656
      4.259259     18.119243     18.119243     36.238485
      4.269269     18.512526     18.512526     37.025052
      4.279279     18.625881     18.625881     37.251762
      4.289289     18.442316     18.442316     36.884631
      4.299299     18.009832     18.009832     36.019663
      4.309309     17.434232     17.434232     34.868464
      4.319319     16.856897     16.856897     33.713794
      4.329329     16.413288     16.413288     32.826576
      4.339339     16.188467     16.188467     32.376934
      4.349349     16.201567     16.201567     32.403134
      4.359359     16.437714     16.437714     32.875428
      4.369369     16.906421     16.906421     33.812842
      4.379379     17.672850     17.672850     35.345701
      4.389389     18.816924     18.816924     37.633848
      4.399399     20.327646     20.327646     40.655292
      4.409409     21.999358     21.999358     43.998716
      4.419419     23.414498     23.414498     46.828997
      4.429429     24.053105     24.053105     48.106210
      4.439439     23.489344     23.489344     46.978689
      4.449449     21.575129     21.575129     43.150257
      4.459459     18.513370     18.513370     37.026740
      4.469469     14.786624     14.786624     29.573248
      4.479479     10.987033     10.987033     21.974067
      4.489489      7.638912      7.638912     15.277825
      4.499499      5.093517      5.093517     10.187034
      4.509510      3.523417      3.523417      7.046835
      4.519520      2.988826      2.988826      5.977652
      4.529530      3.519490      3.519490      7.038981
      4.539540      5.160257      5.160257     10.320514
      4.549550      7.955517      7.955517     15.911034
      4.559560     11.881739     11.881739     23.763478
      4.569570     16.764695     16.764695     33.529391
      4.579580     22.228824     22.228824     44.457648
      4.589590     27.715019     27.715019     55.430038
      4.599600     32.573481     32.573481     65.146963
      4.609610     36.204153     36.204153     72.408306
      4.619620     38.196692     38.196692     76.393384
      4.629630     38.424369     38.424369     76.848738
      4.639640     37.066239     37.066239     74.132479
      4.649650     34.555513     34.555513     69.111026
      4.659660     31.469745     31.469745     62.939491
      4.669670     28.390417     28.390417     56.780834
      4.679680     25.768171     25.768171     51.536342
      4.689690     23.831810     23.831810     47.663619
      4.699700     22.566869     22.566869     45.133738
      4.709710     21.763919     21.763919     43.527838
      4.719720     21.111318     21.111318     42.222637
      4.729730     20.297710     20.297710     40.595420
      4.739740     19.098534     19.098534     38.197069
      4.749750     17.435293     17.435293     34.870587
      4.759760     15.402627     15.402627     30.805253
      4.769770     13.256415     13.256415     26.512829
      4.779780     11.357597     11.357597     22.715195
      4.789790     10.079359     10.079359     20.158719
      4.799800      9.704402      9.704402     19.408805
      4.809810     10.349868     10.349868     20.699736
      4.819820     11.949266     11.949266     23.898532
      4.829830     14.294759     14.294759     28.589518
      4.839840     17.112631     17.112631     34.225263
      4.849850     20.128534     20.128534     40.257067
      4.859860     23.090514     23.090514     46.181029
      4.869870     25.752941     25.752941     51.505881
      4.879880     27.858494     27.858494     55.716987
      4.889890     29.158936     29.158936     58.317871
      4.899900     29.480581     29.480581     58.961162
      4.909910     28.794600     28.794600     57.589200
      4.919920     27.237403     27.237403     54.474806
      4.929930     25.059723     25.059723     50.119446
      4.939940     22.537640     22.537640     45.075279
      4.949950     19.906358     19.906358     39.812716
      4.959960     17.353387     17.353387     34.706773
      4.969970     15.053924     15.053924     30.107848
      4.979980     13.195071     13.195071     26.390143
      4.989990     11.946794     11.946794     23.893588
      5.000000     11.385100     11.385100     22.770201
