# EIG2DOS: Utility for SIESTA to obtain the electronic density of states
#  E. Artacho, Apr 1999, A. Garcia, Apr 2012
#  Nick R. Papior, Feb 2017
# ------------------------------------------
# Eigenvalues calculated from a non-polarized calculation
# Eigenvalues read from siesta.EIG
# Kpoint weights read from siesta.KP
# Using smearing parameter:   0.0500
# Using 1000 points in the energy range
# Selected bands: 1 to: 2981
# Emin, Emax in file for selected band(s):    -27.0325373    218.3140380
# Nbands, Nspin, Nk   =   2981     1     1
# E_F                 =    -4.2956 eV --> (shifted to ZERO)
# Broadening          =     0.0500 eV
#
#        E            N(up)  (=)   N(down)         Ntot
     -5.000000     46.221872     46.221872     92.443743
     -4.989990     49.053811     49.053811     98.107622
     -4.979980     50.361195     50.361195    100.722391
     -4.969970     50.105823     50.105823    100.211646
     -4.959960     48.439418     48.439418     96.878836
     -4.949950     45.654006     45.654006     91.308012
     -4.939940     42.131549     42.131549     84.263097
     -4.929930     38.315408     38.315408     76.630816
     -4.919920     34.706905     34.706905     69.413809
     -4.909910     31.867980     31.867980     63.735960
     -4.899900     30.394554     30.394554     60.789108
     -4.889890     30.824267     30.824267     61.648535
     -4.879880     33.468251     33.468251     66.936502
     -4.869870     38.210076     38.210076     76.420152
     -4.859860     44.371140     44.371140     88.742280
     -4.849850     50.754772     50.754772    101.509544
     -4.839840     55.918862     55.918862    111.837723
     -4.829830     58.606843     58.606843    117.213686
     -4.819820     58.160333     58.160333    116.320666
     -4.809810     54.721595     54.721595    109.443191
     -4.799800     49.132786     49.132786     98.265573
     -4.789790     42.593996     42.593996     85.187993
     -4.779780     36.254420     36.254420     72.508840
     -4.769770     30.914598     30.914598     61.829196
     -4.759760     26.925911     26.925911     53.851821
     -4.749750     24.260188     24.260188     48.520376
     -4.739740     22.658467     22.658467     45.316933
     -4.729730     21.772770     21.772770     43.545539
     -4.719720     21.258411     21.258411     42.516823
     -4.709710     20.816469     20.816469     41.632939
     -4.699700     20.207796     20.207796     40.415592
     -4.689690     19.263634     19.263634     38.527267
     -4.679680     17.910442     17.910442     35.820884
     -4.669670     16.211171     16.211171     32.422343
     -4.659660     14.406416     14.406416     28.812832
     -4.649650     12.926467     12.926467     25.852934
     -4.639640     12.347488     12.347488     24.694976
     -4.629630     13.281009     13.281009     26.562018
     -4.619620     16.208092     16.208092     32.416184
     -4.609610     21.292660     21.292660     42.585321
     -4.599600     28.230622     28.230622     56.461245
     -4.589590     36.205173     36.205173     72.410346
     -4.579580     44.006576     44.006576     88.013151
     -4.569570     50.322654     50.322654    100.645307
     -4.559560     54.125304     54.125304    108.250608
     -4.549550     55.010539     55.010539    110.021079
     -4.539540     53.343370     53.343370    106.686740
     -4.529530     50.131348     50.131348    100.262696
     -4.519520     46.669282     46.669282     93.338563
     -4.509510     44.099100     44.099100     88.198200
     -4.499499     43.059883     43.059883     86.119766
     -4.489489     43.552259     43.552259     87.104517
     -4.479479     45.041236     45.041236     90.082473
     -4.469469     46.724384     46.724384     93.448768
     -4.459459     47.840286     47.840286     95.680571
     -4.449449     47.899439     47.899439     95.798877
     -4.439439     46.772299     46.772299     93.544599
     -4.429429     44.637917     44.637917     89.275833
     -4.419419     41.851180     41.851180     83.702359
     -4.409409     38.806086     38.806086     77.612172
     -4.399399     35.851520     35.851520     71.703040
     -4.389389     33.269551     33.269551     66.539102
     -4.379379     31.283803     31.283803     62.567605
     -4.369369     30.054801     30.054801     60.109601
     -4.359359     29.645844     29.645844     59.291688
     -4.349349     29.983666     29.983666     59.967331
     -4.339339     30.857903     30.857903     61.715806
     -4.329329     31.984213     31.984213     63.968426
     -4.319319     33.112195     33.112195     66.224389
     -4.309309     34.125434     34.125434     68.250869
     -4.299299     35.081688     35.081688     70.163377
     -4.289289     36.172370     36.172370     72.344740
     -4.279279     37.617577     37.617577     75.235155
     -4.269269     39.535378     39.535378     79.070757
     -4.259259     41.830647     41.830647     83.661293
     -4.249249     44.148054     44.148054     88.296107
     -4.239239     45.925662     45.925662     91.851323
     -4.229229     46.557569     46.557569     93.115137
     -4.219219     45.621941     45.621941     91.243882
     -4.209209     43.078324     43.078324     86.156648
     -4.199199     39.328357     39.328357     78.656714
     -4.189189     35.091260     35.091260     70.182519
     -4.179179     31.144252     31.144252     62.288505
     -4.169169     28.054919     28.054919     56.109837
     -4.159159     26.034759     26.034759     52.069519
     -4.149149     24.970946     24.970946     49.941892
     -4.139139     24.596104     24.596104     49.192209
     -4.129129     24.691504     24.691504     49.383008
     -4.119119     25.214399     25.214399     50.428798
     -4.109109     26.286453     26.286453     52.572906
     -4.099099     28.051081     28.051081     56.102163
     -4.089089     30.475681     30.475681     60.951362
     -4.079079     33.213171     33.213171     66.426342
     -4.069069     35.621470     35.621470     71.242940
     -4.059059     36.963860     36.963860     73.927721
     -4.049049     36.709335     36.709335     73.418670
     -4.039039     34.782206     34.782206     69.564412
     -4.029029     31.626451     31.626451     63.252902
     -4.019019     28.050290     28.050290     56.100581
     -4.009009     24.937795     24.937795     49.875591
     -3.998999     22.977834     22.977834     45.955667
     -3.988989     22.528971     22.528971     45.057941
     -3.978979     23.642398     23.642398     47.284796
     -3.968969     26.174632     26.174632     52.349264
     -3.958959     29.895248     29.895248     59.790495
     -3.948949     34.536942     34.536942     69.073883
     -3.938939     39.801057     39.801057     79.602114
     -3.928929     45.366609     45.366609     90.733217
     -3.918919     50.932472     50.932472    101.864944
     -3.908909     56.273994     56.273994    112.547988
     -3.898899     61.262532     61.262532    122.525064
     -3.888889     65.809561     65.809561    131.619123
     -3.878879     69.749115     69.749115    139.498229
     -3.868869     72.726990     72.726990    145.453979
     -3.858859     74.182937     74.182937    148.365873
     -3.848849     73.475371     73.475371    146.950742
     -3.838839     70.122412     70.122412    140.244825
     -3.828829     64.059367     64.059367    128.118734
     -3.818819     55.786168     55.786168    111.572336
     -3.808809     46.319511     46.319511     92.639023
     -3.798799     36.953649     36.953649     73.907298
     -3.788789     28.920894     28.920894     57.841787
     -3.778779     23.080556     23.080556     46.161113
     -3.768769     19.739807     19.739807     39.479614
     -3.758759     18.646176     18.646176     37.292352
     -3.748749     19.128280     19.128280     38.256560
     -3.738739     20.324852     20.324852     40.649705
     -3.728729     21.434497     21.434497     42.868995
     -3.718719     21.927541     21.927541     43.855082
     -3.708709     21.675268     21.675268     43.350536
     -3.698699     20.967380     20.967380     41.934759
     -3.688689     20.408628     20.408628     40.817255
     -3.678679     20.713339     20.713339     41.426678
     -3.668669     22.449453     22.449453     44.898907
     -3.658659     25.811088     25.811088     51.622175
     -3.648649     30.503814     30.503814     61.007628
     -3.638639     35.796227     35.796227     71.592453
     -3.628629     40.728107     40.728107     81.456214
     -3.618619     44.396313     44.396313     88.792626
     -3.608609     46.204040     46.204040     92.408080
     -3.598599     45.982001     45.982001     91.964002
     -3.588589     43.958431     43.958431     87.916861
     -3.578579     40.623983     40.623983     81.247966
     -3.568569     36.565739     36.565739     73.131478
     -3.558559     32.325988     32.325988     64.651977
     -3.548549     28.306033     28.306033     56.612066
     -3.538539     24.715937     24.715937     49.431874
     -3.528529     21.573084     21.573084     43.146167
     -3.518519     18.754925     18.754925     37.509850
     -3.508509     16.096418     16.096418     32.192837
     -3.498498     13.497212     13.497212     26.994423
     -3.488488     10.991695     10.991695     21.983390
     -3.478478      8.751379      8.751379     17.502759
     -3.468468      7.023392      7.023392     14.046785
     -3.458458      6.036785      6.036785     12.073570
     -3.448448      5.914388      5.914388     11.828776
     -3.438438      6.617061      6.617061     13.234121
     -3.428428      7.934136      7.934136     15.868271
     -3.418418      9.525971      9.525971     19.051943
     -3.408408     11.015924     11.015924     22.031848
     -3.398398     12.112153     12.112153     24.224305
     -3.388388     12.718878     12.718878     25.437757
     -3.378378     12.988776     12.988776     25.977553
     -3.368368     13.286537     13.286537     26.573074
     -3.358358     14.072851     14.072851     28.145702
     -3.348348     15.754065     15.754065     31.508130
     -3.338338     18.551735     18.551735     37.103470
     -3.328328     22.425272     22.425272     44.850544
     -3.318318     27.050957     27.050957     54.101914
     -3.308308     31.847951     31.847951     63.695903
     -3.298298     36.052260     36.052260     72.104521
     -3.288288     38.851153     38.851153     77.702306
     -3.278278     39.575272     39.575272     79.150544
     -3.268268     37.901873     37.901873     75.803746
     -3.258258     33.984495     33.984495     67.968990
     -3.248248     28.434021     28.434021     56.868042
     -3.238238     22.141632     22.141632     44.283263
     -3.228228     16.015785     16.015785     32.031569
     -3.218218     10.746776     10.746776     21.493552
     -3.208208      6.687612      6.687612     13.375225
     -3.198198      3.871757      3.871757      7.743513
     -3.188188      2.124914      2.124914      4.249828
     -3.178178      1.203529      1.203529      2.407058
     -3.168168      0.907364      0.907364      1.814729
     -3.158158      1.144139      1.144139      2.288279
     -3.148148      1.947028      1.947028      3.894056
     -3.138138      3.452488      3.452488      6.904976
     -3.128128      5.843239      5.843239     11.686478
     -3.118118      9.261734      9.261734     18.523468
     -3.108108     13.710430     13.710430     27.420860
     -3.098098     18.972444     18.972444     37.944888
     -3.088088     24.595440     24.595440     49.190881
     -3.078078     29.967410     29.967410     59.934821
     -3.068068     34.472283     34.472283     68.944566
     -3.058058     37.664476     37.664476     75.328951
     -3.048048     39.377890     39.377890     78.755781
     -3.038038     39.712219     39.712219     79.424438
     -3.028028     38.910366     38.910366     77.820733
     -3.018018     37.211091     37.211091     74.422181
     -3.008008     34.777760     34.777760     69.555520
     -2.997998     31.749286     31.749286     63.498573
     -2.987988     28.369129     28.369129     56.738257
     -2.977978     25.088228     25.088228     50.176456
     -2.967968     22.550591     22.550591     45.101181
     -2.957958     21.443412     21.443412     42.886823
     -2.947948     22.273910     22.273910     44.547820
     -2.937938     25.172889     25.172889     50.345778
     -2.927928     29.807575     29.807575     59.615151
     -2.917918     35.435331     35.435331     70.870662
     -2.907908     41.076963     41.076963     82.153925
     -2.897898     45.753500     45.753500     91.507001
     -2.887888     48.717835     48.717835     97.435669
     -2.877878     49.618459     49.618459     99.236918
     -2.867868     48.551990     48.551990     97.103979
     -2.857858     45.990920     45.990920     91.981840
     -2.847848     42.609199     42.609199     85.218399
     -2.837838     39.062493     39.062493     78.124986
     -2.827828     35.799395     35.799395     71.598790
     -2.817818     32.971776     32.971776     65.943552
     -2.807808     30.473801     30.473801     60.947602
     -2.797798     28.083196     28.083196     56.166393
     -2.787788     25.631375     25.631375     51.262751
     -2.777778     23.117037     23.117037     46.234073
     -2.767768     20.710113     20.710113     41.420227
     -2.757758     18.654227     18.654227     37.308453
     -2.747748     17.132543     17.132543     34.265087
     -2.737738     16.180952     16.180952     32.361903
     -2.727728     15.700887     15.700887     31.401773
     -2.717718     15.559564     15.559564     31.119128
     -2.707708     15.707395     15.707395     31.414790
     -2.697698     16.228940     16.228940     32.457881
     -2.687688     17.286015     17.286015     34.572030
     -2.677678     18.984173     18.984173     37.968347
     -2.667668     21.249481     21.249481     42.498963
     -2.657658     23.802378     23.802378     47.604755
     -2.647648     26.256119     26.256119     52.512238
     -2.637638     28.285961     28.285961     56.571923
     -2.627628     29.766893     29.766893     59.533786
     -2.617618     30.797418     30.797418     61.594837
     -2.607608     31.602247     31.602247     63.204494
     -2.597598     32.383804     32.383804     64.767609
     -2.587588     33.215554     33.215554     66.431108
     -2.577578     34.026118     34.026118     68.052235
     -2.567568     34.652681     34.652681     69.305361
     -2.557558     34.904340     34.904340     69.808681
     -2.547548     34.596808     34.596808     69.193616
     -2.537538     33.570479     33.570479     67.140959
     -2.527528     31.730496     31.730496     63.460992
     -2.517518     29.122815     29.122815     58.245630
     -2.507508     26.008646     26.008646     52.017293
     -2.497497     22.871742     22.871742     45.743485
     -2.487487     20.318673     20.318673     40.637346
     -2.477477     18.895445     18.895445     37.790890
     -2.467467     18.899434     18.899434     37.798869
     -2.457457     20.276864     20.276864     40.553728
     -2.447447     22.657610     22.657610     45.315220
     -2.437437     25.514034     25.514034     51.028068
     -2.427427     28.371932     28.371932     56.743864
     -2.417417     30.976603     30.976603     61.953205
     -2.407407     33.336895     33.336895     66.673790
     -2.397397     35.626971     35.626971     71.253942
     -2.387387     37.994183     37.994183     75.988367
     -2.377377     40.369885     40.369885     80.739770
     -2.367367     42.384142     42.384142     84.768284
     -2.357357     43.440746     43.440746     86.881491
     -2.347347     42.933651     42.933651     85.867303
     -2.337337     40.514444     40.514444     81.028888
     -2.327327     36.289349     36.289349     72.578698
     -2.317317     30.853391     30.853391     61.706782
     -2.307307     25.145513     25.145513     50.291026
     -2.297297     20.189803     20.189803     40.379606
     -2.287287     16.829601     16.829601     33.659201
     -2.277277     15.546196     15.546196     31.092393
     -2.267267     16.401833     16.401833     32.803665
     -2.257257     19.093936     19.093936     38.187872
     -2.247247     23.078001     23.078001     46.156002
     -2.237237     27.710948     27.710948     55.421896
     -2.227227     32.373988     32.373988     64.747976
     -2.217217     36.547393     36.547393     73.094786
     -2.207207     39.830017     39.830017     79.660035
     -2.197197     41.922404     41.922404     83.844808
     -2.187187     42.611519     42.611519     85.223039
     -2.177177     41.790814     41.790814     83.581627
     -2.167167     39.516805     39.516805     79.033611
     -2.157157     36.061554     36.061554     72.123108
     -2.147147     31.902218     31.902218     63.804436
     -2.137137     27.615939     27.615939     55.231879
     -2.127127     23.708539     23.708539     47.417077
     -2.117117     20.457424     20.457424     40.914848
     -2.107107     17.852107     17.852107     35.704214
     -2.097097     15.663328     15.663328     31.326657
     -2.087087     13.598574     13.598574     27.197148
     -2.077077     11.457111     11.457111     22.914222
     -2.067067      9.208618      9.208618     18.417237
     -2.057057      6.972745      6.972745     13.945490
     -2.047047      4.933169      4.933169      9.866338
     -2.037037      3.244662      3.244662      6.489325
     -2.027027      1.978404      1.978404      3.956808
     -2.017017      1.117760      1.117760      2.235520
     -2.007007      0.588926      0.588926      1.177853
     -1.996997      0.301552      0.301552      0.603105
     -1.986987      0.181409      0.181409      0.362819
     -1.976977      0.189480      0.189480      0.378961
     -1.966967      0.330206      0.330206      0.660412
     -1.956957      0.652786      0.652786      1.305573
     -1.946947      1.245619      1.245619      2.491238
     -1.936937      2.219864      2.219864      4.439728
     -1.926927      3.678275      3.678275      7.356550
     -1.916917      5.671795      5.671795     11.343589
     -1.906907      8.156391      8.156391     16.312782
     -1.896897     10.969572     10.969572     21.939144
     -1.886887     13.842962     13.842962     27.685924
     -1.876877     16.453502     16.453502     32.907004
     -1.866867     18.498711     18.498711     36.997422
     -1.856857     19.771428     19.771428     39.542855
     -1.846847     20.211018     20.211018     40.422037
     -1.836837     19.916417     19.916417     39.832835
     -1.826827     19.115039     19.115039     38.230079
     -1.816817     18.090439     18.090439     36.180879
     -1.806807     17.085408     17.085408     34.170815
     -1.796797     16.214500     16.214500     32.428999
     -1.786787     15.427566     15.427566     30.855132
     -1.776777     14.549178     14.549178     29.098356
     -1.766767     13.380328     13.380328     26.760656
     -1.756757     11.812074     11.812074     23.624148
     -1.746747      9.893346      9.893346     19.786692
     -1.736737      7.824095      7.824095     15.648190
     -1.726727      5.889642      5.889642     11.779284
     -1.716717      4.380909      4.380909      8.761818
     -1.706707      3.540736      3.540736      7.081472
     -1.696697      3.546614      3.546614      7.093227
     -1.686687      4.509379      4.509379      9.018758
     -1.676677      6.457532      6.457532     12.915064
     -1.666667      9.293829      9.293829     18.587658
     -1.656657     12.742842     12.742842     25.485684
     -1.646647     16.333122     16.333122     32.666245
     -1.636637     19.455609     19.455609     38.911219
     -1.626627     21.506058     21.506058     43.012115
     -1.616617     22.070128     22.070128     44.140256
     -1.606607     21.076116     21.076116     42.152233
     -1.596597     18.846588     18.846588     37.693176
     -1.586587     16.025159     16.025159     32.050318
     -1.576577     13.409951     13.409951     26.819903
     -1.566567     11.756735     11.756735     23.513471
     -1.556557     11.608815     11.608815     23.217631
     -1.546547     13.182829     13.182829     26.365658
     -1.536537     16.317357     16.317357     32.634715
     -1.526527     20.488066     20.488066     40.976132
     -1.516517     24.897957     24.897957     49.795914
     -1.506507     28.642989     28.642989     57.285978
     -1.496496     30.924679     30.924679     61.849359
     -1.486486     31.249377     31.249377     62.498753
     -1.476476     29.545549     29.545549     59.091098
     -1.466466     26.158115     26.158115     52.316230
     -1.456456     21.728905     21.728905     43.457810
     -1.446446     17.015897     17.015897     34.031793
     -1.436436     12.718132     12.718132     25.436263
     -1.426426      9.355470      9.355470     18.710940
     -1.416416      7.217768      7.217768     14.435535
     -1.406406      6.368130      6.368130     12.736260
     -1.396396      6.674378      6.674378     13.348756
     -1.386386      7.852643      7.852643     15.705287
     -1.376376      9.524068      9.524068     19.048136
     -1.366366     11.292089     11.292089     22.584178
     -1.356356     12.834840     12.834840     25.669681
     -1.346346     13.984286     13.984286     27.968572
     -1.336336     14.753268     14.753268     29.506535
     -1.326326     15.289928     15.289928     30.579855
     -1.316316     15.778741     15.778741     31.557483
     -1.306306     16.339947     16.339947     32.679893
     -1.296296     16.977883     16.977883     33.955766
     -1.286286     17.593536     17.593536     35.187072
     -1.276276     18.035795     18.035795     36.071590
     -1.266266     18.151543     18.151543     36.303085
     -1.256256     17.813575     17.813575     35.627150
     -1.246246     16.934454     16.934454     33.868908
     -1.236236     15.484680     15.484680     30.969361
     -1.226226     13.518101     13.518101     27.036202
     -1.216216     11.185999     11.185999     22.371998
     -1.206206      8.718280      8.718280     17.436561
     -1.196196      6.370094      6.370094     12.740188
     -1.186186      4.357211      4.357211      8.714422
     -1.176176      2.812194      2.812194      5.624388
     -1.166166      1.780130      1.780130      3.560261
     -1.156156      1.249192      1.249192      2.498383
     -1.146146      1.193740      1.193740      2.387479
     -1.136136      1.604146      1.604146      3.208292
     -1.126126      2.486258      2.486258      4.972515
     -1.116116      3.828857      3.828857      7.657714
     -1.106106      5.554403      5.554403     11.108805
     -1.096096      7.481500      7.481500     14.963001
     -1.086086      9.329610      9.329610     18.659220
     -1.076076     10.781364     10.781364     21.562727
     -1.066066     11.588046     11.588046     23.176093
     -1.056056     11.673954     11.673954     23.347909
     -1.046046     11.185318     11.185318     22.370637
     -1.036036     10.449775     10.449775     20.899550
     -1.026026      9.854462      9.854462     19.708925
     -1.016016      9.691850      9.691850     19.383700
     -1.006006     10.040158     10.040158     20.080316
     -0.995996     10.731084     10.731084     21.462167
     -0.985986     11.419101     11.419101     22.838202
     -0.975976     11.721705     11.721705     23.443410
     -0.965966     11.368963     11.368963     22.737926
     -0.955956     10.298512     10.298512     20.597024
     -0.945946      8.660526      8.660526     17.321052
     -0.935936      6.741526      6.741526     13.483053
     -0.925926      4.851862      4.851862      9.703725
     -0.915916      3.230439      3.230439      6.460878
     -0.905906      2.001064      2.001064      4.002128
     -0.895896      1.183580      1.183580      2.367160
     -0.885886      0.739150      0.739150      1.478299
     -0.875876      0.622046      0.622046      1.244092
     -0.865866      0.816540      0.816540      1.633081
     -0.855856      1.347748      1.347748      2.695496
     -0.845846      2.263696      2.263696      4.527391
     -0.835836      3.593008      3.593008      7.186016
     -0.825826      5.291526      5.291526     10.583052
     -0.815816      7.201053      7.201053     14.402107
     -0.805806      9.047088      9.047088     18.094176
     -0.795796     10.491383     10.491383     20.982766
     -0.785786     11.229201     11.229201     22.458403
     -0.775776     11.093103     11.093103     22.186206
     -0.765766     10.114505     10.114505     20.229009
     -0.755756      8.511860      8.511860     17.023721
     -0.745746      6.611475      6.611475     13.222950
     -0.735736      4.740187      4.740187      9.480374
     -0.725726      3.138084      3.138084      6.276167
     -0.715716      1.921590      1.921590      3.843181
     -0.705706      1.097957      1.097957      2.195914
     -0.695696      0.610515      0.610515      1.221030
     -0.685686      0.389264      0.389264      0.778529
     -0.675676      0.389381      0.389381      0.778763
     -0.665666      0.610893      0.610893      1.221786
     -0.655656      1.098664      1.098664      2.197329
     -0.645646      1.922705      1.922705      3.845410
     -0.635636      3.139642      3.139642      6.279285
     -0.625626      4.742128      4.742128      9.484257
     -0.615616      6.613602      6.613602     13.227203
     -0.605606      8.513848      8.513848     17.027697
     -0.595596     10.115976     10.115976     20.231951
     -0.585586     11.093737     11.093737     22.187475
     -0.575576     11.228846     11.228846     22.457692
     -0.565566     10.490091     10.490091     20.980182
     -0.555556      9.045035      9.045035     18.090070
     -0.545546      7.198270      7.198270     14.396539
     -0.535536      5.287286      5.287286     10.574572
     -0.525526      3.584465      3.584465      7.168930
     -0.515516      2.242863      2.242863      4.485726
     -0.505506      1.295293      1.295293      2.590586
     -0.495495      0.690431      0.690431      1.380862
     -0.485485      0.339671      0.339671      0.679343
     -0.475475      0.154236      0.154236      0.308471
     -0.465465      0.064639      0.064639      0.129279
     -0.455455      0.025003      0.025003      0.050007
     -0.445445      0.008927      0.008927      0.017853
     -0.435435      0.002942      0.002942      0.005884
     -0.425425      0.000897      0.000897      0.001795
     -0.415415      0.000263      0.000263      0.000527
     -0.405405      0.000117      0.000117      0.000235
     -0.395395      0.000220      0.000220      0.000440
     -0.385385      0.000740      0.000740      0.001481
     -0.375375      0.002455      0.002455      0.004909
     -0.365365      0.007541      0.007541      0.015082
     -0.355355      0.021389      0.021389      0.042779
     -0.345345      0.055996      0.055996      0.111991
     -0.335335      0.135300      0.135300      0.270599
     -0.325325      0.301735      0.301735      0.603471
     -0.315315      0.621073      0.621073      1.242147
     -0.305305      1.179904      1.179904      2.359807
     -0.295295      2.068888      2.068888      4.137776
     -0.285285      3.348223      3.348223      6.696445
     -0.275275      5.001249      5.001249     10.002499
     -0.265265      6.894924      6.894924     13.789849
     -0.255255      8.773389      8.773389     17.546777
     -0.245245     10.303673     10.303673     20.607347
     -0.235235     11.168726     11.168726     22.337452
     -0.225225     11.173830     11.173830     22.347660
     -0.215215     10.317805     10.317805     20.635610
     -0.205205      8.793453      8.793453     17.586905
     -0.195195      6.917010      6.917010     13.834020
     -0.185185      5.021855      5.021855     10.043711
     -0.175175      3.365091      3.365091      6.730183
     -0.165165      2.081212      2.081212      4.162424
     -0.155155      1.188017      1.188017      2.376034
     -0.145145      0.625916      0.625916      1.251832
     -0.135135      0.304366      0.304366      0.608732
     -0.125125      0.136604      0.136604      0.273208
     -0.115115      0.056587      0.056587      0.113174
     -0.105105      0.021635      0.021635      0.043270
     -0.095095      0.007635      0.007635      0.015269
     -0.085085      0.002487      0.002487      0.004973
     -0.075075      0.000747      0.000747      0.001495
     -0.065065      0.000207      0.000207      0.000415
     -0.055055      0.000053      0.000053      0.000106
     -0.045045      0.000013      0.000013      0.000025
     -0.035035      0.000003      0.000003      0.000005
     -0.025025      0.000001      0.000001      0.000001
     -0.015015      0.000000      0.000000      0.000000
     -0.005005      0.000000      0.000000      0.000000
      0.005005      0.000000      0.000000      0.000000
      0.015015      0.000000      0.000000      0.000000
      0.025025      0.000001      0.000001      0.000001
      0.035035      0.000003      0.000003      0.000005
      0.045045      0.000013      0.000013      0.000025
      0.055055      0.000053      0.000053      0.000106
      0.065065      0.000207      0.000207      0.000415
      0.075075      0.000747      0.000747      0.001495
      0.085085      0.002487      0.002487      0.004973
      0.095095      0.007635      0.007635      0.015269
      0.105105      0.021635      0.021635      0.043270
      0.115115      0.056587      0.056587      0.113174
      0.125125      0.136604      0.136604      0.273208
      0.135135      0.304366      0.304366      0.608733
      0.145145      0.625917      0.625917      1.251833
      0.155155      1.188019      1.188019      2.376037
      0.165165      2.081214      2.081214      4.162429
      0.175175      3.365094      3.365094      6.730189
      0.185185      5.021859      5.021859     10.043718
      0.195195      6.917014      6.917014     13.834027
      0.205205      8.793456      8.793456     17.586912
      0.215215     10.317807     10.317807     20.635615
      0.225225     11.173831     11.173831     22.347662
      0.235235     11.168725     11.168725     22.337451
      0.245245     10.303671     10.303671     20.607342
      0.255255      8.773385      8.773385     17.546770
      0.265265      6.894921      6.894921     13.789841
      0.275275      5.001246      5.001246     10.002491
      0.285285      3.348220      3.348220      6.696440
      0.295295      2.068886      2.068886      4.137772
      0.305305      1.179902      1.179902      2.359805
      0.315315      0.621073      0.621073      1.242145
      0.325325      0.301735      0.301735      0.603470
      0.335335      0.135299      0.135299      0.270599
      0.345345      0.055995      0.055995      0.111991
      0.355355      0.021389      0.021389      0.042779
      0.365365      0.007541      0.007541      0.015082
      0.375375      0.002454      0.002454      0.004908
      0.385385      0.000739      0.000739      0.001477
      0.395395      0.000212      0.000212      0.000424
      0.405405      0.000087      0.000087      0.000173
      0.415415      0.000150      0.000150      0.000300
      0.425425      0.000511      0.000511      0.001022
      0.435435      0.001734      0.001734      0.003468
      0.445445      0.005455      0.005455      0.010909
      0.455455      0.015843      0.015843      0.031685
      0.465465      0.042470      0.042470      0.084940
      0.475475      0.105082      0.105082      0.210165
      0.485485      0.239973      0.239973      0.479947
      0.495495      0.505805      0.505805      1.011610
      0.505506      0.983988      0.983988      1.967976
      0.515516      1.766784      1.766784      3.533568
      0.525526      2.927951      2.927951      5.855903
      0.535536      4.478486      4.478486      8.956971
      0.545546      6.322450      6.322450     12.644900
      0.555556      8.238093      8.238093     16.476187
      0.565566      9.907311      9.907311     19.814621
      0.575576     10.997016     10.997016     21.994032
      0.585586     11.266582     11.266582     22.533164
      0.595596     10.654600     10.654600     21.309199
      0.605606      9.302825      9.302825     18.605649
      0.615616      7.505870      7.505870     15.011740
      0.625626      5.613486      5.613486     11.226972
      0.635636      3.933609      3.933609      7.867219
      0.645646      2.676636      2.676636      5.353272
      0.655656      1.952605      1.952605      3.905210
      0.665666      1.802962      1.802962      3.605924
      0.675676      2.234121      2.234121      4.468242
      0.685686      3.226062      3.226062      6.452123
      0.695696      4.709819      4.709819      9.419637
      0.705706      6.531589      6.531589     13.063179
      0.715716      8.436053      8.436053     16.872107
      0.725726     10.097853     10.097853     20.195707
      0.735736     11.206405     11.206405     22.412809
      0.745746     11.575983     11.575983     23.151966
      0.755756     11.230089     11.230089     22.460178
      0.765766     10.413000     10.413000     20.825999
      0.775776      9.512789      9.512789     19.025578
      0.785786      8.921832      8.921832     17.843665
      0.795796      8.890254      8.890254     17.780508
      0.805806      9.431309      9.431309     18.862617
      0.815816     10.316351     10.316351     20.632702
      0.825826     11.161357     11.161357     22.322714
      0.835836     11.570595     11.570595     23.141190
      0.845846     11.279557     11.279557     22.559113
      0.855856     10.239880     10.239880     20.479759
      0.865866      8.615943      8.615943     17.231886
      0.875876      6.704118      6.704118     13.408236
      0.885886      4.819005      4.819005      9.638010
      0.895896      3.198453      3.198453      6.396905
      0.905906      1.959714      1.959714      3.919428
      0.915916      1.108345      1.108345      2.216690
      0.925926      0.578625      0.578625      1.157250
      0.935936      0.278997      0.278997      0.557994
      0.945946      0.124818      0.124818      0.249636
      0.955956      0.053699      0.053699      0.107398
      0.965966      0.027858      0.027858      0.055715
      0.975976      0.030862      0.030862      0.061724
      0.985986      0.064767      0.064767      0.129535
      0.995996      0.150606      0.150606      0.301212
      1.006006      0.331965      0.331965      0.663930
      1.016016      0.678202      0.678202      1.356405
      1.026026      1.281161      1.281161      2.562322
      1.036036      2.238733      2.238733      4.477465
      1.046046      3.622797      3.622797      7.245595
      1.056056      5.438682      5.438682     10.877364
      1.066066      7.594309      7.594309     15.188618
      1.076076      9.900841      9.900841     19.801682
      1.086086     12.115232     12.115232     24.230464
      1.096096     14.011083     14.011083     28.022167
      1.106106     15.442947     15.442947     30.885893
      1.116116     16.369603     16.369603     32.739206
      1.126126     16.828578     16.828578     33.657156
      1.136136     16.888817     16.888817     33.777633
      1.146146     16.622009     16.622009     33.244018
      1.156156     16.111806     16.111806     32.223611
      1.166166     15.481259     15.481259     30.962519
      1.176176     14.897380     14.897380     29.794761
      1.186186     14.528959     14.528959     29.057918
      1.196196     14.476461     14.476461     28.952922
      1.206206     14.723219     14.723219     29.446438
      1.216216     15.146871     15.146871     30.293742
      1.226226     15.585513     15.585513     31.171026
      1.236236     15.911039     15.911039     31.822078
      1.246246     16.058233     16.058233     32.116466
      1.256256     15.996106     15.996106     31.992213
      1.266266     15.676049     15.676049     31.352098
      1.276276     15.009559     15.009559     30.019118
      1.286286     13.902387     13.902387     27.804774
      1.296296     12.324800     12.324800     24.649600
      1.306306     10.368550     10.368550     20.737100
      1.316316      8.251780      8.251780     16.503559
      1.326326      6.271371      6.271371     12.542742
      1.336336      4.735576      4.735576      9.471151
      1.346346      3.913799      3.913799      7.827597
      1.356356      4.016545      4.016545      8.033090
      1.366366      5.189182      5.189182     10.378363
      1.376376      7.492055      7.492055     14.984109
      1.386386     10.854952     10.854952     21.709905
      1.396396     15.024297     15.024297     30.048594
      1.406406     19.543749     19.543749     39.087497
      1.416416     23.803886     23.803886     47.607772
      1.426426     27.163291     27.163291     54.326583
      1.436436     29.101858     29.101858     58.203716
      1.446446     29.345955     29.345955     58.691909
      1.456456     27.918984     27.918984     55.837969
      1.466466     25.109042     25.109042     50.218084
      1.476476     21.380856     21.380856     42.761712
      1.486486     17.271801     17.271801     34.543602
      1.496496     13.302042     13.302042     26.604084
      1.506507      9.911499      9.911499     19.822998
      1.516517      7.423803      7.423803     14.847606
      1.526527      6.031575      6.031575     12.063150
      1.536537      5.795125      5.795125     11.590250
      1.546547      6.647399      6.647399     13.294798
      1.556557      8.403481      8.403481     16.806961
      1.566567     10.780739     10.780739     21.561479
      1.576577     13.438415     13.438415     26.876830
      1.586587     16.037716     16.037716     32.075433
      1.596597     18.309679     18.309679     36.619358
      1.606607     20.109469     20.109469     40.218938
      1.616617     21.439815     21.439815     42.879629
      1.626627     22.438568     22.438568     44.877136
      1.636637     23.335420     23.335420     46.670840
      1.646647     24.385776     24.385776     48.771552
      1.656657     25.791030     25.791030     51.582060
      1.666667     27.621508     27.621508     55.243016
      1.676677     29.769223     29.769223     59.538445
      1.686687     31.960166     31.960166     63.920331
      1.696697     33.838305     33.838305     67.676609
      1.706707     35.097114     35.097114     70.194228
      1.716717     35.598354     35.598354     71.196708
      1.726727     35.409868     35.409868     70.819737
      1.736737     34.731382     34.731382     69.462765
      1.746747     33.746219     33.746219     67.492437
      1.756757     32.493454     32.493454     64.986908
      1.766767     30.852876     30.852876     61.705751
      1.776777     28.665546     28.665546     57.331092
      1.786787     25.919631     25.919631     51.839262
      1.796797     22.880424     22.880424     45.760849
      1.806807     20.071551     20.071551     40.143103
      1.816817     18.100391     18.100391     36.200782
      1.826827     17.407665     17.407665     34.815330
      1.836837     18.060114     18.060114     36.120228
      1.846847     19.683947     19.683947     39.367894
      1.856857     21.574196     21.574196     43.148393
      1.866867     22.940823     22.940823     45.881646
      1.876877     23.194132     23.194132     46.388265
      1.886887     22.152535     22.152535     44.305070
      1.896897     20.086855     20.086855     40.173709
      1.906907     17.587406     17.587406     35.174812
      1.916917     15.319452     15.319452     30.638904
      1.926927     13.779275     13.779275     27.558550
      1.936937     13.154543     13.154543     26.309086
      1.946947     13.336577     13.336577     26.673154
      1.956957     14.058135     14.058135     28.116269
      1.966967     15.072862     15.072862     30.145725
      1.976977     16.277010     16.277010     32.554020
      1.986987     17.708843     17.708843     35.417686
      1.996997     19.432473     19.432473     38.864946
      2.007007     21.384588     21.384588     42.769176
      2.017017     23.291427     23.291427     46.582855
      2.027027     24.725267     24.725267     49.450534
      2.037037     25.282149     25.282149     50.564299
      2.047047     24.780137     24.780137     49.560273
      2.057057     23.356756     23.356756     46.713511
      2.067067     21.403051     21.403051     42.806103
      2.077077     19.372176     19.372176     38.744353
      2.087087     17.575737     17.575737     35.151474
      2.097097     16.082756     16.082756     32.165513
      2.107107     14.767490     14.767490     29.534979
      2.117117     13.462628     13.462628     26.925256
      2.127127     12.120747     12.120747     24.241493
      2.137137     10.895603     10.895603     21.791205
      2.147147     10.109839     10.109839     20.219679
      2.157157     10.136505     10.136505     20.273011
      2.167167     11.254869     11.254869     22.509739
      2.177177     13.537785     13.537785     27.075569
      2.187187     16.802265     16.802265     33.604529
      2.197197     20.627264     20.627264     41.254527
      2.207207     24.425650     24.425650     48.851301
      2.217217     27.552126     27.552126     55.104253
      2.227227     29.428711     29.428711     58.857423
      2.237237     29.667005     29.667005     59.334010
      2.247247     28.160189     28.160189     56.320378
      2.257257     25.114723     25.114723     50.229446
      2.267267     21.002365     21.002365     42.004730
      2.277277     16.440321     16.440321     32.880641
      2.287287     12.039176     12.039176     24.078351
      2.297297      8.274759      8.274759     16.549517
      2.307307      5.428724      5.428724     10.857448
      2.317317      3.609327      3.609327      7.218654
      2.327327      2.828017      2.828017      5.656034
      2.337337      3.087291      3.087291      6.174581
      2.347347      4.436549      4.436549      8.873099
      2.357357      6.969738      6.969738     13.939476
      2.367367     10.762071     10.762071     21.524141
      2.377377     15.766512     15.766512     31.533024
      2.387387     21.709524     21.709524     43.419047
      2.397397     28.034858     28.034858     56.069715
      2.407407     33.937333     33.937333     67.874665
      2.417417     38.501745     38.501745     77.003490
      2.427427     40.919973     40.919973     81.839947
      2.437437     40.718002     40.718002     81.436004
      2.447447     37.906453     37.906453     75.812905
      2.457457     32.989383     32.989383     65.978765
      2.467467     26.822514     26.822514     53.645029
      2.477477     20.377026     20.377026     40.754053
      2.487487     14.503261     14.503261     29.006523
      2.497497      9.779448      9.779448     19.558897
      2.507508      6.481634      6.481634     12.963269
      2.517518      4.652505      4.652505      9.305009
      2.527528      4.209884      4.209884      8.419768
      2.537538      5.034367      5.034367     10.068735
      2.547548      7.002394      7.002394     14.004787
      2.557558      9.966804      9.966804     19.933609
      2.567568     13.713098     13.713098     27.426197
      2.577578     17.926778     17.926778     35.853555
      2.587588     22.197123     22.197123     44.394246
      2.597598     26.064432     26.064432     52.128864
      2.607608     29.100642     29.100642     58.201284
      2.617618     31.001722     31.001722     62.003443
      2.627628     31.664010     31.664010     63.328020
      2.637638     31.216775     31.216775     62.433550
      2.647648     29.993945     29.993945     59.987889
      2.657658     28.450896     28.450896     56.901793
      2.667668     27.057773     27.057773     54.115546
      2.677678     26.211183     26.211183     52.422365
      2.687688     26.190713     26.190713     52.381425
      2.697698     27.155353     27.155353     54.310706
      2.707708     29.151723     29.151723     58.303446
      2.717718     32.108057     32.108057     64.216114
      2.727728     35.810767     35.810767     71.621534
      2.737738     39.884674     39.884674     79.769347
      2.747748     43.807293     43.807293     87.614585
      2.757758     46.978463     46.978463     93.956927
      2.767768     48.844220     48.844220     97.688441
      2.777778     49.045306     49.045306     98.090612
      2.787788     47.536409     47.536409     95.072819
      2.797798     44.617696     44.617696     89.235393
      2.807808     40.848056     40.848056     81.696113
      2.817818     36.863492     36.863492     73.726984
      2.827828     33.175071     33.175071     66.350143
      2.837838     30.034949     30.034949     60.069898
      2.847848     27.424512     27.424512     54.849024
      2.857858     25.156387     25.156387     50.312775
      2.867868     23.028558     23.028558     46.057116
      2.877878     20.951080     20.951080     41.902160
      2.887888     18.987675     18.987675     37.975349
      2.897898     17.301144     17.301144     34.602288
      2.907908     16.040799     16.040799     32.081599
      2.917918     15.239533     15.239533     30.479066
      2.927928     14.782124     14.782124     29.564249
      2.937938     14.464711     14.464711     28.929422
      2.947948     14.109330     14.109330     28.218661
      2.957958     13.661142     13.661142     27.322284
      2.967968     13.204819     13.204819     26.409639
      2.977978     12.887396     12.887396     25.774792
      2.987988     12.795343     12.795343     25.590685
      2.997998     12.863920     12.863920     25.727840
      3.008008     12.877006     12.877006     25.754012
      3.018018     12.559332     12.559332     25.118664
      3.028028     11.707538     11.707538     23.415075
      3.038038     10.286592     10.286592     20.573184
      3.048048      8.443493      8.443493     16.886987
      3.058058      6.440458      6.440458     12.880917
      3.068068      4.551357      4.551357      9.102714
      3.078078      2.974913      2.974913      5.949826
      3.088088      1.797267      1.797267      3.594534
      3.098098      1.004507      1.004507      2.009013
      3.108108      0.523686      0.523686      1.047372
      3.118118      0.267263      0.267263      0.534527
      3.128128      0.165746      0.165746      0.331491
      3.138138      0.185843      0.185843      0.371686
      3.148148      0.338666      0.338666      0.677332
      3.158158      0.682385      0.682385      1.364770
      3.168168      1.318925      1.318925      2.637849
      3.178178      2.379160      2.379160      4.758320
      3.188188      3.990165      3.990165      7.980330
      3.198198      6.224024      6.224024     12.448048
      3.208208      9.039518      9.039518     18.079036
      3.218218     12.239820     12.239820     24.479640
      3.228228     15.472699     15.472699     30.945397
      3.238238     18.288984     18.288984     36.577969
      3.248248     20.252233     20.252233     40.504466
      3.258258     21.067635     21.067635     42.135271
      3.268268     20.683706     20.683706     41.367411
      3.278278     19.324090     19.324090     38.648179
      3.288288     17.428986     17.428986     34.857972
      3.298298     15.518857     15.518857     31.037713
      3.308308     14.025428     14.025428     28.050857
      3.318318     13.153069     13.153069     26.306138
      3.328328     12.826935     12.826935     25.653871
      3.338338     12.751469     12.751469     25.502939
      3.348348     12.555640     12.555640     25.111281
      3.358358     11.962177     11.962177     23.924354
      3.368368     10.907967     10.907967     21.815934
      3.378378      9.567901      9.567901     19.135801
      3.388388      8.280081      8.280081     16.560162
      3.398398      7.411073      7.411073     14.822145
      3.408408      7.216956      7.216956     14.433912
      3.418418      7.748402      7.748402     15.496805
      3.428428      8.827634      8.827634     17.655269
      3.438438     10.103047     10.103047     20.206095
      3.448448     11.166045     11.166045     22.332089
      3.458458     11.693901     11.693901     23.387802
      3.468468     11.567819     11.567819     23.135637
      3.478478     10.917987     10.917987     21.835974
      3.488488     10.073306     10.073306     20.146612
      3.498498      9.433644      9.433644     18.867288
      3.508509      9.317150      9.317150     18.634299
      3.518519      9.846221      9.846221     19.692442
      3.528529     10.918012     10.918012     21.836025
      3.538539     12.267152     12.267152     24.534304
      3.548549     13.586204     13.586204     27.172408
      3.558559     14.642640     14.642640     29.285279
      3.568569     15.335011     15.335011     30.670022
      3.578579     15.667335     15.667335     31.334671
      3.588589     15.670672     15.670672     31.341344
      3.598599     15.332529     15.332529     30.665059
      3.608609     14.585052     14.585052     29.170103
      3.618619     13.357926     13.357926     26.715852
      3.628629     11.654835     11.654835     23.309671
      3.638639      9.597427      9.597427     19.194855
      3.648649      7.406437      7.406437     14.812875
      3.658659      5.333160      5.333160     10.666320
      3.668669      3.583385      3.583385      7.166770
      3.678679      2.273676      2.273676      4.547353
      3.688689      1.434626      1.434626      2.869253
      3.698699      1.048230      1.048230      2.096460
      3.708709      1.092402      1.092402      2.184803
      3.718719      1.567304      1.567304      3.134607
      3.728729      2.489569      2.489569      4.979139
      3.738739      3.855510      3.855510      7.711021
      3.748749      5.589526      5.589526     11.179052
      3.758759      7.505443      7.505443     15.010885
      3.768769      9.309726      9.309726     18.619452
      3.778779     10.660443     10.660443     21.320885
      3.788789     11.267372     11.267372     22.534743
      3.798799     10.991634     10.991634     21.983268
      3.808809      9.896692      9.896692     19.793385
      3.818819      8.224416      8.224416     16.448831
      3.828829      6.308223      6.308223     12.616445
      3.838839      4.465767      4.465767      8.931534
      3.848849      2.917922      2.917922      5.835845
      3.858859      1.759747      1.759747      3.519495
      3.868869      0.979710      0.979710      1.959419
      3.878879      0.504092      0.504092      1.008184
      3.888889      0.241595      0.241595      0.483189
      3.898899      0.113539      0.113539      0.227078
      3.908909      0.067721      0.067721      0.135443
      3.918919      0.081756      0.081756      0.163511
      3.928929      0.163046      0.163046      0.326091
      3.938939      0.349389      0.349389      0.698778
      3.948949      0.709296      0.709296      1.418592
      3.958959      1.336827      1.336827      2.673654
      3.968969      2.334515      2.334515      4.669029
      3.978979      3.781999      3.781999      7.563999
      3.988989      5.697561      5.697561     11.395122
      3.998999      8.010174      8.010174     16.020348
      4.009009     10.562357     10.562357     21.124714
      4.019019     13.151879     13.151879     26.303758
      4.029029     15.596500     15.596500     31.193000
      4.039039     17.785876     17.785876     35.571753
      4.049049     19.686657     19.686657     39.373314
      4.059059     21.295014     21.295014     42.590027
      4.069069     22.568390     22.568390     45.136779
      4.079079     23.387387     23.387387     46.774774
      4.089089     23.583260     23.583260     47.166519
      4.099099     23.025063     23.025063     46.050126
      4.109109     21.720179     21.720179     43.440357
      4.119119     19.868213     19.868213     39.736426
      4.129129     17.829229     17.829229     35.658458
      4.139139     16.011241     16.011241     32.022481
      4.149149     14.725816     14.725816     29.451631
      4.159159     14.081388     14.081388     28.162775
      4.169169     13.968714     13.968714     27.937428
      4.179179     14.146771     14.146771     28.293542
      4.189189     14.383696     14.383696     28.767392
      4.199199     14.577480     14.577480     29.154959
      4.209209     14.795006     14.795006     29.590013
      4.219219     15.218297     15.218297     30.436595
      4.229229     16.040334     16.040334     32.080668
      4.239239     17.373345     17.373345     34.746689
      4.249249     19.208748     19.208748     38.417496
      4.259259     21.423747     21.423747     42.847494
      4.269269     23.803803     23.803803     47.607606
      4.279279     26.062185     26.062185     52.124370
      4.289289     27.868988     27.868988     55.737977
      4.299299     28.913944     28.913944     57.827889
      4.309309     29.001099     29.001099     58.002199
      4.319319     28.131800     28.131800     56.263600
      4.329329     26.519992     26.519992     53.039984
      4.339339     24.521246     24.521246     49.042491
      4.349349     22.516370     22.516370     45.032740
      4.359359     20.819307     20.819307     41.638614
      4.369369     19.650012     19.650012     39.300025
      4.379379     19.152055     19.152055     38.304111
      4.389389     19.397473     19.397473     38.794945
      4.399399     20.342629     20.342629     40.685257
      4.409409     21.760226     21.760226     43.520453
      4.419419     23.219197     23.219197     46.438394
      4.429429     24.171604     24.171604     48.343208
      4.439439     24.137864     24.137864     48.275728
      4.449449     22.907600     22.907600     45.815200
      4.459459     20.648515     20.648515     41.297030
      4.469469     17.858765     17.858765     35.717531
      4.479479     15.180337     15.180337     30.360675
      4.489489     13.159955     13.159955     26.319910
      4.499499     12.063137     12.063137     24.126273
      4.509510     11.814496     11.814496     23.628991
      4.519520     12.077940     12.077940     24.155881
      4.529530     12.433588     12.433588     24.867176
      4.539540     12.573829     12.573829     25.147657
      4.549550     12.437617     12.437617     24.875234
      4.559560     12.229300     12.229300     24.458599
      4.569570     12.316219     12.316219     24.632437
      4.579580     13.049499     13.049499     26.098999
      4.589590     14.584206     14.584206     29.168412
      4.599600     16.775611     16.775611     33.551223
      4.609610     19.198091     19.198091     38.396181
      4.619620     21.283898     21.283898     42.567796
      4.629630     22.529103     22.529103     45.058207
      4.639640     22.683030     22.683030     45.366060
      4.649650     21.840843     21.840843     43.681687
      4.659660     20.399105     20.399105     40.798209
      4.669670     18.895372     18.895372     37.790744
      4.679680     17.805656     17.805656     35.611312
      4.689690     17.389330     17.389330     34.778659
      4.699700     17.641203     17.641203     35.282406
      4.709710     18.352920     18.352920     36.705841
      4.719720     19.235037     19.235037     38.470074
      4.729730     20.034751     20.034751     40.069502
      4.739740     20.604966     20.604966     41.209931
      4.749750     20.916619     20.916619     41.833237
      4.759760     21.032243     21.032243     42.064485
      4.769770     21.064467     21.064467     42.128934
      4.779780     21.136858     21.136858     42.273715
      4.789790     21.357842     21.357842     42.715683
      4.799800     21.813641     21.813641     43.627282
      4.809810     22.578275     22.578275     45.156549
      4.819820     23.727679     23.727679     47.455359
      4.829830     25.338895     25.338895     50.677790
      4.839840     27.461655     27.461655     54.923311
      4.849850     30.066607     30.066607     60.133215
      4.859860     32.992084     32.992084     65.984167
      4.869870     35.920467     35.920467     71.840935
      4.879880     38.410425     38.410425     76.820851
      4.889890     39.990964     39.990964     79.981928
      4.899900     40.291776     40.291776     80.583552
      4.909910     39.156884     39.156884     78.313768
      4.919920     36.686570     36.686570     73.373141
      4.929930     33.185842     33.185842     66.371684
      4.939940     29.049149     29.049149     58.098299
      4.949950     24.644846     24.644846     49.289691
      4.959960     20.253548     20.253548     40.507096
      4.969970     16.070940     16.070940     32.141881
      4.979980     12.243191     12.243191     24.486382
      4.989990      8.892784      8.892784     17.785568
      5.000000      6.114974      6.114974     12.229948
