# EIG2DOS: Utility for SIESTA to obtain the electronic density of states
#  E. Artacho, Apr 1999, A. Garcia, Apr 2012
#  Nick R. Papior, Feb 2017
# ------------------------------------------
# Eigenvalues calculated from a non-polarized calculation
# Eigenvalues read from siesta.EIG
# Kpoint weights read from siesta.KP
# Using smearing parameter:   0.0500
# Using 1000 points in the energy range
# Selected bands: 1 to: 2981
# Emin, Emax in file for selected band(s):    -27.4605515    218.4065210
# Nbands, Nspin, Nk   =   2981     1     1
# E_F                 =    -4.1986 eV --> (shifted to ZERO)
# Broadening          =     0.0500 eV
#
#        E            N(up)  (=)   N(down)         Ntot
     -5.000000     31.786312     31.786312     63.572625
     -4.989990     36.719965     36.719965     73.439930
     -4.979980     41.389371     41.389371     82.778743
     -4.969970     45.015605     45.015605     90.031211
     -4.959960     46.943388     46.943388     93.886777
     -4.949950     46.873504     46.873504     93.747009
     -4.939940     44.988469     44.988469     89.976939
     -4.929930     41.928333     41.928333     83.856666
     -4.919920     38.638044     38.638044     77.276088
     -4.909910     36.146674     36.146674     72.293348
     -4.899900     35.338063     35.338063     70.676126
     -4.889890     36.750839     36.750839     73.501678
     -4.879880     40.433235     40.433235     80.866469
     -4.869870     45.884603     45.884603     91.769207
     -4.859860     52.121400     52.121400    104.242801
     -4.849850     57.883674     57.883674    115.767348
     -4.839840     61.945457     61.945457    123.890914
     -4.829830     63.437044     63.437044    126.874087
     -4.819820     62.066895     62.066895    124.133789
     -4.809810     58.163640     58.163640    116.327280
     -4.799800     52.529873     52.529873    105.059745
     -4.789790     46.173172     46.173172     92.346343
     -4.779780     40.020702     40.020702     80.041403
     -4.769770     34.715403     34.715403     69.430805
     -4.759760     30.543551     30.543551     61.087103
     -4.749750     27.483269     27.483269     54.966537
     -4.739740     25.320985     25.320985     50.641970
     -4.729730     23.773088     23.773088     47.546177
     -4.719720     22.568994     22.568994     45.137988
     -4.709710     21.484444     21.484444     42.968887
     -4.699700     20.343362     20.343362     40.686724
     -4.689690     19.020527     19.020527     38.041054
     -4.679680     17.469520     17.469520     34.939041
     -4.669670     15.774979     15.774979     31.549958
     -4.659660     14.200323     14.200323     28.400647
     -4.649650     13.190260     13.190260     26.380519
     -4.639640     13.299703     13.299703     26.599407
     -4.629630     15.050483     15.050483     30.100966
     -4.619620     18.749642     18.749642     37.499285
     -4.609610     24.326651     24.326651     48.653301
     -4.599600     31.254727     31.254727     62.509453
     -4.589590     38.607728     38.607728     77.215455
     -4.579580     45.264378     45.264378     90.528756
     -4.569570     50.212854     50.212854    100.425707
     -4.559560     52.854908     52.854908    105.709817
     -4.549550     53.191275     53.191275    106.382549
     -4.539540     51.806253     51.806253    103.612506
     -4.529530     49.647688     49.647688     99.295376
     -4.519520     47.683291     47.683291     95.366582
     -4.509510     46.565972     46.565972     93.131943
     -4.499499     46.435979     46.435979     92.871959
     -4.489489     46.928767     46.928767     93.857534
     -4.479479     47.370718     47.370718     94.741437
     -4.469469     47.069036     47.069036     94.138071
     -4.459459     45.571266     45.571266     91.142531
     -4.449449     42.796867     42.796867     85.593734
     -4.439439     39.012066     39.012066     78.024131
     -4.429429     34.693231     34.693231     69.386462
     -4.419419     30.364849     30.364849     60.729697
     -4.409409     26.487052     26.487052     52.974104
     -4.399399     23.416829     23.416829     46.833658
     -4.389389     21.412862     21.412862     42.825725
     -4.379379     20.633823     20.633823     41.267647
     -4.369369     21.105009     21.105009     42.210019
     -4.359359     22.674964     22.674964     45.349928
     -4.349349     25.012059     25.012059     50.024119
     -4.339339     27.676486     27.676486     55.352973
     -4.329329     30.255681     30.255681     60.511362
     -4.319319     32.505665     32.505665     65.011329
     -4.309309     34.428362     34.428362     68.856725
     -4.299299     36.241678     36.241678     72.483356
     -4.289289     38.246786     38.246786     76.493573
     -4.279279     40.641519     40.641519     81.283037
     -4.269269     43.354503     43.354503     86.709006
     -4.259259     45.976074     45.976074     91.952148
     -4.249249     47.835415     47.835415     95.670831
     -4.239239     48.218873     48.218873     96.437745
     -4.229229     46.655939     46.655939     93.311878
     -4.219219     43.150585     43.150585     86.301170
     -4.209209     38.242747     38.242747     76.485495
     -4.199199     32.857127     32.857127     65.714253
     -4.189189     27.999702     27.999702     55.999403
     -4.179179     24.437175     24.437175     48.874350
     -4.169169     22.497313     22.497313     44.994627
     -4.159159     22.061034     22.061034     44.122067
     -4.149149     22.722775     22.722775     45.445550
     -4.139139     24.024914     24.024914     48.049828
     -4.129129     25.652852     25.652852     51.305705
     -4.119119     27.507843     27.507843     55.015686
     -4.109109     29.635111     29.635111     59.270221
     -4.099099     32.052348     32.052348     64.104696
     -4.089089     34.575193     34.575193     69.150386
     -4.079079     36.747805     36.747805     73.495609
     -4.069069     37.942302     37.942302     75.884605
     -4.059059     37.601796     37.601796     75.203592
     -4.049049     35.513504     35.513504     71.027009
     -4.039039     31.968296     31.968296     63.936592
     -4.029029     27.716926     27.716926     55.433853
     -4.019019     23.741070     23.741070     47.482140
     -4.009009     20.951034     20.951034     41.902068
     -3.998999     19.945933     19.945933     39.891866
     -3.988989     20.920318     20.920318     41.840636
     -3.978979     23.716128     23.716128     47.432257
     -3.968969     27.955236     27.955236     55.910472
     -3.958959     33.176259     33.176259     66.352519
     -3.948949     38.931442     38.931442     77.862885
     -3.938939     44.841161     44.841161     89.682321
     -3.928929     50.622932     50.622932    101.245865
     -3.918919     56.101562     56.101562    112.203124
     -3.908909     61.187660     61.187660    122.375321
     -3.898899     65.810963     65.810963    131.621926
     -3.888889     69.821308     69.821308    139.642616
     -3.878879     72.904766     72.904766    145.809532
     -3.868869     74.574592     74.574592    149.149185
     -3.858859     74.270511     74.270511    148.541021
     -3.848849     71.546635     71.546635    143.093271
     -3.838839     66.278136     66.278136    132.556272
     -3.828829     58.797705     58.797705    117.595411
     -3.818819     49.895617     49.895617     99.791234
     -3.808809     40.670533     40.670533     81.341066
     -3.798799     32.276836     32.276836     64.553672
     -3.788789     25.651830     25.651830     51.303660
     -3.778779     21.308628     21.308628     42.617256
     -3.768769     19.251685     19.251685     38.503371
     -3.758759     19.028631     19.028631     38.057263
     -3.748749     19.892829     19.892829     39.785659
     -3.738739     21.026785     21.026785     42.053571
     -3.728729     21.768432     21.768432     43.536863
     -3.718719     21.786436     21.786436     43.572872
     -3.708709     21.162786     21.162786     42.325573
     -3.698699     20.359151     20.359151     40.718302
     -3.688689     20.068013     20.068013     40.136025
     -3.678679     20.979901     20.979901     41.959801
     -3.668669     23.529383     23.529383     47.058767
     -3.658659     27.702991     27.702991     55.405981
     -3.648649     32.986043     32.986043     65.972086
     -3.638639     38.482951     38.482951     76.965902
     -3.628629     43.177034     43.177034     86.354068
     -3.618619     46.233397     46.233397     92.466793
     -3.608609     47.229180     47.229180     94.458359
     -3.598599     46.233502     46.233502     92.467004
     -3.588589     43.730679     43.730679     87.461358
     -3.578579     40.439520     40.439520     80.879039
     -3.568569     37.099078     37.099078     74.198156
     -3.558559     34.275093     34.275093     68.550185
     -3.548549     32.222144     32.222144     64.444288
     -3.538539     30.831735     30.831735     61.663469
     -3.528529     29.692615     29.692615     59.385230
     -3.518519     28.262268     28.262268     56.524535
     -3.508509     26.097117     26.097117     52.194235
     -3.498498     23.047379     23.047379     46.094758
     -3.488488     19.329009     19.329009     38.658017
     -3.478478     15.444592     15.444592     30.889184
     -3.468468     11.999426     11.999426     23.998852
     -3.458458      9.500223      9.500223     19.000446
     -3.448448      8.212761      8.212761     16.425522
     -3.438438      8.112120      8.112120     16.224240
     -3.428428      8.920240      8.920240     17.840481
     -3.418418     10.208303     10.208303     20.416606
     -3.408408     11.537940     11.537940     23.075881
     -3.398398     12.609600     12.609600     25.219201
     -3.388388     13.376139     13.376139     26.752278
     -3.378378     14.078458     14.078458     28.156916
     -3.368368     15.180354     15.180354     30.360707
     -3.358358     17.216904     17.216904     34.433807
     -3.348348     20.603901     20.603901     41.207802
     -3.338338     25.466568     25.466568     50.933137
     -3.328328     31.533743     31.533743     63.067487
     -3.318318     38.124307     38.124307     76.248614
     -3.308308     44.238450     44.238450     88.476900
     -3.298298     48.753060     48.753060     97.506120
     -3.288288     50.693574     50.693574    101.387148
     -3.278278     49.512710     49.512710     99.025419
     -3.268268     45.274662     45.274662     90.549325
     -3.258258     38.657384     38.657384     77.314769
     -3.248248     30.755776     30.755776     61.511553
     -3.238238     22.760993     22.760993     45.521986
     -3.228228     15.647697     15.647697     31.295394
     -3.218218      9.986128      9.986128     19.972255
     -3.208208      5.923262      5.923262     11.846525
     -3.198198      3.297148      3.297148      6.594297
     -3.188188      1.805964      1.805964      3.611929
     -3.178178      1.159724      1.159724      2.319447
     -3.168168      1.176647      1.176647      2.353295
     -3.158158      1.818652      1.818652      3.637303
     -3.148148      3.175119      3.175119      6.350237
     -3.138138      5.404245      5.404245     10.808490
     -3.128128      8.640249      8.640249     17.280498
     -3.118118     12.883252     12.883252     25.766504
     -3.108108     17.905598     17.905598     35.811196
     -3.098098     23.220264     23.220264     46.440529
     -3.088088     28.147135     28.147135     56.294269
     -3.078078     31.975073     31.975073     63.950145
     -3.068068     34.166513     34.166513     68.333026
     -3.058058     34.517420     34.517420     69.034839
     -3.048048     33.196599     33.196599     66.393199
     -3.038038     30.646167     30.646167     61.292334
     -3.028028     27.398156     27.398156     54.796312
     -3.018018     23.904722     23.904722     47.809443
     -3.008008     20.463113     20.463113     40.926226
     -2.997998     17.253477     17.253477     34.506954
     -2.987988     14.440889     14.440889     28.881778
     -2.977978     12.264379     12.264379     24.528759
     -2.967968     11.055697     11.055697     22.111395
     -2.957958     11.176403     11.176403     22.352806
     -2.947948     12.901753     12.901753     25.803505
     -2.937938     16.297196     16.297196     32.594392
     -2.927928     21.131991     21.131991     42.263982
     -2.917918     26.864502     26.864502     53.729003
     -2.907908     32.718201     32.718201     65.436402
     -2.897898     37.842597     37.842597     75.685195
     -2.887888     41.520252     41.520252     83.040504
     -2.877878     43.352461     43.352461     86.704921
     -2.867868     43.351040     43.351040     86.702080
     -2.857858     41.893229     41.893229     83.786458
     -2.847848     39.553140     39.553140     79.106281
     -2.837838     36.880346     36.880346     73.760693
     -2.827828     34.222800     34.222800     68.445599
     -2.817818     31.669720     31.669720     63.339440
     -2.807808     29.128781     29.128781     58.257561
     -2.797798     26.483070     26.483070     52.966140
     -2.787788     23.735011     23.735011     47.470022
     -2.777778     21.058150     21.058150     42.116299
     -2.767768     18.735084     18.735084     37.470168
     -2.757758     17.027134     17.027134     34.054269
     -2.747748     16.059167     16.059167     32.118334
     -2.737738     15.789025     15.789025     31.578050
     -2.727728     16.073821     16.073821     32.147642
     -2.717718     16.780689     16.780689     33.561377
     -2.707708     17.860106     17.860106     35.720211
     -2.697698     19.327472     19.327472     38.654945
     -2.687688     21.167189     21.167189     42.334377
     -2.677678     23.235761     23.235761     46.471523
     -2.667668     25.249382     25.249382     50.498764
     -2.657658     26.885559     26.885559     53.771118
     -2.647648     27.944695     27.944695     55.889390
     -2.637638     28.467127     28.467127     56.934255
     -2.627628     28.723755     28.723755     57.447510
     -2.617618     29.079676     29.079676     58.159351
     -2.607608     29.811418     29.811418     59.622835
     -2.597598     30.981086     30.981086     61.962172
     -2.587588     32.423193     32.423193     64.846385
     -2.577578     33.823839     33.823839     67.647678
     -2.567568     34.826417     34.826417     69.652834
     -2.557558     35.110713     35.110713     70.221426
     -2.547548     34.439892     34.439892     68.879785
     -2.537538     32.703456     32.703456     65.406912
     -2.527528     29.974414     29.974414     59.948828
     -2.517518     26.559830     26.559830     53.119661
     -2.507508     22.996517     22.996517     45.993034
     -2.497497     19.956909     19.956909     39.913818
     -2.487487     18.077190     18.077190     36.154379
     -2.477477     17.767587     17.767587     35.535174
     -2.467467     19.082809     19.082809     38.165617
     -2.457457     21.710084     21.710084     43.420169
     -2.447447     25.085015     25.085015     50.170030
     -2.437437     28.592315     28.592315     57.184629
     -2.427427     31.770592     31.770592     63.541184
     -2.417417     34.434377     34.434377     68.868755
     -2.407407     36.659189     36.659189     73.318377
     -2.397397     38.636556     38.636556     77.273111
     -2.387387     40.469569     40.469569     80.939138
     -2.377377     42.014320     42.014320     84.028640
     -2.367367     42.857568     42.857568     85.715135
     -2.357357     42.457794     42.457794     84.915587
     -2.347347     40.393048     40.393048     80.786097
     -2.337337     36.598523     36.598523     73.197046
     -2.327327     31.476360     31.476360     62.952720
     -2.317317     25.823615     25.823615     51.647230
     -2.307307     20.614786     20.614786     41.229573
     -2.297297     16.738867     16.738867     33.477733
     -2.287287     14.794359     14.794359     29.588718
     -2.277277     14.998566     14.998566     29.997131
     -2.267267     17.208108     17.208108     34.416216
     -2.257257     21.010823     21.010823     42.021645
     -2.247247     25.843692     25.843692     51.687383
     -2.237237     31.104250     31.104250     62.208501
     -2.227227     36.237133     36.237133     72.474266
     -2.217217     40.786562     40.786562     81.573124
     -2.207207     44.413001     44.413001     88.826001
     -2.197197     46.882415     46.882415     93.764829
     -2.187187     48.047416     48.047416     96.094831
     -2.177177     47.842074     47.842074     95.684148
     -2.167167     46.299222     46.299222     92.598443
     -2.157157     43.575394     43.575394     87.150789
     -2.147147     39.951910     39.951910     79.903819
     -2.137137     35.788281     35.788281     71.576561
     -2.127127     31.435721     31.435721     62.871443
     -2.117117     27.151367     27.151367     54.302735
     -2.107107     23.060431     23.060431     46.120863
     -2.097097     19.185396     19.185396     38.370793
     -2.087087     15.518464     15.518464     31.036927
     -2.077077     12.088033     12.088033     24.176066
     -2.067067      8.979760      8.979760     17.959521
     -2.057057      6.307356      6.307356     12.614713
     -2.047047      4.160274      4.160274      8.320548
     -2.037037      2.563738      2.563738      5.127476
     -2.027027      1.471137      1.471137      2.942275
     -2.017017      0.785851      0.785851      1.571702
     -2.007007      0.395613      0.395613      0.791227
     -1.996997      0.202801      0.202801      0.405602
     -1.986987      0.143011      0.143011      0.286023
     -1.976977      0.193175      0.193175      0.386350
     -1.966967      0.373885      0.373885      0.747770
     -1.956957      0.748395      0.748395      1.496791
     -1.946947      1.415875      1.415875      2.831750
     -1.936937      2.493205      2.493205      4.986410
     -1.926927      4.081295      4.081295      8.162589
     -1.916917      6.219610      6.219610     12.439220
     -1.906907      8.842983      8.842983     17.685967
     -1.896897     11.760987     11.760987     23.521973
     -1.886887     14.675907     14.675907     29.351814
     -1.876877     17.240848     17.240848     34.481695
     -1.866867     19.142338     19.142338     38.284676
     -1.856857     20.181617     20.181617     40.363234
     -1.846847     20.329039     20.329039     40.658079
     -1.836837     19.733352     19.733352     39.466705
     -1.826827     18.677793     18.677793     37.355586
     -1.816817     17.489004     17.489004     34.978008
     -1.806807     16.424144     16.424144     32.848289
     -1.796797     15.579587     15.579587     31.159174
     -1.786787     14.865734     14.865734     29.731468
     -1.776777     14.066355     14.066355     28.132710
     -1.766767     12.956985     12.956985     25.913970
     -1.756757     11.422954     11.422954     22.845907
     -1.746747      9.518414      9.518414     19.036828
     -1.736737      7.443949      7.443949     14.887898
     -1.726727      5.466799      5.466799     10.933597
     -1.716717      3.833671      3.833671      7.667342
     -1.706707      2.718072      2.718072      5.436145
     -1.696697      2.213171      2.213171      4.426341
     -1.686687      2.350927      2.350927      4.701854
     -1.676677      3.116940      3.116940      6.233879
     -1.666667      4.441844      4.441844      8.883688
     -1.656657      6.174525      6.174525     12.349051
     -1.646647      8.063941      8.063941     16.127882
     -1.636637      9.780848      9.780848     19.561696
     -1.626627     10.992942     10.992942     21.985884
     -1.616617     11.475250     11.475250     22.950501
     -1.606607     11.211310     11.211310     22.422621
     -1.596597     10.437455     10.437455     20.874909
     -1.586587      9.605266      9.605266     19.210531
     -1.576577      9.270908      9.270908     18.541816
     -1.566567      9.944596      9.944596     19.889192
     -1.556557     11.940178     11.940178     23.880356
     -1.546547     15.260514     15.260514     30.521027
     -1.536537     19.549131     19.549131     39.098262
     -1.526527     24.132411     24.132411     48.264822
     -1.516517     28.159287     28.159287     56.318573
     -1.506507     30.812422     30.812422     61.624844
     -1.496496     31.528711     31.528711     63.057422
     -1.486486     30.151895     30.151895     60.303790
     -1.476476     26.961804     26.961804     53.923607
     -1.466466     22.575208     22.575208     45.150417
     -1.456456     17.765017     17.765017     35.530033
     -1.446446     13.269851     13.269851     26.539702
     -1.436436      9.654968      9.654968     19.309936
     -1.426426      7.249554      7.249554     14.499108
     -1.416416      6.148192      6.148192     12.296384
     -1.406406      6.246008      6.246008     12.492016
     -1.396396      7.283534      7.283534     14.567069
     -1.386386      8.897530      8.897530     17.795060
     -1.376376     10.687684     10.687684     21.375368
     -1.366366     12.302207     12.302207     24.604414
     -1.356356     13.522021     13.522021     27.044042
     -1.346346     14.305195     14.305195     28.610391
     -1.336336     14.762125     14.762125     29.524251
     -1.326326     15.068748     15.068748     30.137497
     -1.316316     15.364892     15.364892     30.729783
     -1.306306     15.695041     15.695041     31.390082
     -1.296296     16.017867     16.017867     32.035734
     -1.286286     16.261108     16.261108     32.522217
     -1.276276     16.369575     16.369575     32.739149
     -1.266266     16.309071     16.309071     32.618143
     -1.256256     16.033811     16.033811     32.067621
     -1.246246     15.459844     15.459844     30.919688
     -1.236236     14.482290     14.482290     28.964581
     -1.226226     13.035157     13.035157     26.070315
     -1.216216     11.154008     11.154008     22.308016
     -1.206206      8.995927      8.995927     17.991853
     -1.196196      6.800949      6.800949     13.601899
     -1.186186      4.818482      4.818482      9.636964
     -1.176176      3.241360      3.241360      6.482719
     -1.166166      2.178925      2.178925      4.357850
     -1.156156      1.671693      1.671693      3.343385
     -1.146146      1.725190      1.725190      3.450380
     -1.136136      2.333047      2.333047      4.666094
     -1.126126      3.470215      3.470215      6.940430
     -1.116116      5.058429      5.058429     10.116858
     -1.106106      6.927029      6.927029     13.854059
     -1.096096      8.802201      8.802201     17.604402
     -1.086086     10.349028     10.349028     20.698057
     -1.076076     11.264199     11.264199     22.528398
     -1.066066     11.385541     11.385541     22.771082
     -1.056056     10.767484     10.767484     21.534968
     -1.046046      9.681963      9.681963     19.363927
     -1.036036      8.537595      8.537595     17.075190
     -1.026026      7.746506      7.746506     15.493012
     -1.016016      7.588352      7.588352     15.176704
     -1.006006      8.118666      8.118666     16.237332
     -0.995996      9.150764      9.150764     18.301529
     -0.985986     10.316712     10.316712     20.633424
     -0.975976     11.188433     11.188433     22.376866
     -0.965966     11.418545     11.418545     22.837091
     -0.955956     10.849811     10.849811     21.699623
     -0.945946      9.551850      9.551850     19.103700
     -0.935936      7.774653      7.774653     15.549306
     -0.925926      5.845885      5.845885     11.691771
     -0.915916      4.061441      4.061441      8.122882
     -0.905906      2.613879      2.613879      5.227758
     -0.895896      1.577458      1.577458      3.154916
     -0.885886      0.939746      0.939746      1.879492
     -0.875876      0.653896      0.653896      1.307792
     -0.865866      0.685854      0.685854      1.371708
     -0.855856      1.039890      1.039890      2.079781
     -0.845846      1.755585      1.755585      3.511169
     -0.835836      2.876959      2.876959      5.753919
     -0.825826      4.402378      4.402378      8.804756
     -0.815816      6.233776      6.233776     12.467553
     -0.805806      8.151724      8.151724     16.303448
     -0.795796      9.839862      9.839862     19.679724
     -0.785786     10.962948     10.962948     21.925896
     -0.775776     11.273409     11.273409     22.546817
     -0.765766     10.699680     10.699680     21.399361
     -0.755756      9.372912      9.372912     18.745824
     -0.745746      7.578287      7.578287     15.156575
     -0.735736      5.655661      5.655661     11.311321
     -0.725726      3.896943      3.896943      7.793886
     -0.715716      2.482246      2.482246      4.964491
     -0.705706      1.470705      1.470705      2.941411
     -0.695696      0.834399      0.834399      1.668799
     -0.685686      0.510062      0.510062      1.020124
     -0.675676      0.445626      0.445626      0.891252
     -0.665666      0.628694      0.628694      1.257387
     -0.655656      1.092602      1.092602      2.185204
     -0.645646      1.899550      1.899550      3.799101
     -0.635636      3.102622      3.102622      6.205245
     -0.625626      4.694520      4.694520      9.389039
     -0.615616      6.560957      6.560957     13.121913
     -0.605606      8.464412      8.464412     16.928823
     -0.595596     10.079219     10.079219     20.158437
     -0.585586     11.077623     11.077623     22.155246
     -0.575576     11.237086     11.237086     22.474172
     -0.565566     10.520777     10.520777     21.041553
     -0.555556      9.091358      9.091358     18.182716
     -0.545546      7.250978      7.250978     14.501956
     -0.535536      5.337664      5.337664     10.675329
     -0.525526      3.626543      3.626543      7.253085
     -0.515516      2.274161      2.274161      4.548322
     -0.505506      1.316244      1.316244      2.632488
     -0.495495      0.703135      0.703135      1.406269
     -0.485485      0.346679      0.346679      0.693358
     -0.475475      0.157762      0.157762      0.315525
     -0.465465      0.066262      0.066262      0.132524
     -0.455455      0.025687      0.025687      0.051374
     -0.445445      0.009191      0.009191      0.018382
     -0.435435      0.003036      0.003036      0.006071
     -0.425425      0.000928      0.000928      0.001856
     -0.415415      0.000274      0.000274      0.000548
     -0.405405      0.000126      0.000126      0.000252
     -0.395395      0.000242      0.000242      0.000484
     -0.385385      0.000814      0.000814      0.001628
     -0.375375      0.002683      0.002683      0.005365
     -0.365365      0.008191      0.008191      0.016383
     -0.355355      0.023092      0.023092      0.046183
     -0.345345      0.060082      0.060082      0.120164
     -0.335335      0.144284      0.144284      0.288569
     -0.325325      0.319802      0.319802      0.639604
     -0.315315      0.654230      0.654230      1.308460
     -0.305305      1.235283      1.235283      2.470567
     -0.295295      2.152729      2.152729      4.305459
     -0.285285      3.462575      3.462575      6.925149
     -0.275275      5.140386      5.140386     10.280772
     -0.265265      7.043348      7.043348     14.086695
     -0.255255      8.907368      8.907368     17.814735
     -0.245245     10.396963     10.396963     20.793925
     -0.235235     11.200836     11.200836     22.401672
     -0.225225     11.137334     11.137334     22.274668
     -0.215215     10.221130     10.221130     20.442260
     -0.205205      8.657718      8.657718     17.315435
     -0.195195      6.768537      6.768537     13.537073
     -0.185185      4.883970      4.883970      9.767940
     -0.175175      3.252655      3.252655      6.505311
     -0.165165      1.999355      1.999355      3.998710
     -0.155155      1.134302      1.134302      2.268604
     -0.145145      0.593956      0.593956      1.187912
     -0.135135      0.287056      0.287056      0.574112
     -0.125125      0.128046      0.128046      0.256092
     -0.115115      0.052717      0.052717      0.105434
     -0.105105      0.020032      0.020032      0.040064
     -0.095095      0.007026      0.007026      0.014051
     -0.085085      0.002274      0.002274      0.004548
     -0.075075      0.000679      0.000679      0.001359
     -0.065065      0.000187      0.000187      0.000375
     -0.055055      0.000048      0.000048      0.000095
     -0.045045      0.000011      0.000011      0.000022
     -0.035035      0.000002      0.000002      0.000005
     -0.025025      0.000000      0.000000      0.000001
     -0.015015      0.000000      0.000000      0.000000
     -0.005005      0.000000      0.000000      0.000000
      0.005005      0.000000      0.000000      0.000000
      0.015015      0.000000      0.000000      0.000000
      0.025025      0.000000      0.000000      0.000001
      0.035035      0.000002      0.000002      0.000005
      0.045045      0.000011      0.000011      0.000022
      0.055055      0.000048      0.000048      0.000095
      0.065065      0.000187      0.000187      0.000375
      0.075075      0.000679      0.000679      0.001359
      0.085085      0.002274      0.002274      0.004548
      0.095095      0.007026      0.007026      0.014051
      0.105105      0.020032      0.020032      0.040064
      0.115115      0.052717      0.052717      0.105434
      0.125125      0.128046      0.128046      0.256092
      0.135135      0.287056      0.287056      0.574112
      0.145145      0.593956      0.593956      1.187912
      0.155155      1.134302      1.134302      2.268604
      0.165165      1.999355      1.999355      3.998710
      0.175175      3.252655      3.252655      6.505311
      0.185185      4.883970      4.883970      9.767940
      0.195195      6.768537      6.768537     13.537073
      0.205205      8.657718      8.657718     17.315435
      0.215215     10.221130     10.221130     20.442260
      0.225225     11.137334     11.137334     22.274668
      0.235235     11.200836     11.200836     22.401672
      0.245245     10.396963     10.396963     20.793925
      0.255255      8.907368      8.907368     17.814735
      0.265265      7.043348      7.043348     14.086695
      0.275275      5.140386      5.140386     10.280772
      0.285285      3.462575      3.462575      6.925149
      0.295295      2.152729      2.152729      4.305459
      0.305305      1.235283      1.235283      2.470567
      0.315315      0.654230      0.654230      1.308460
      0.325325      0.319802      0.319802      0.639604
      0.335335      0.144284      0.144284      0.288569
      0.345345      0.060082      0.060082      0.120164
      0.355355      0.023092      0.023092      0.046183
      0.365365      0.008191      0.008191      0.016383
      0.375375      0.002682      0.002682      0.005365
      0.385385      0.000813      0.000813      0.001626
      0.395395      0.000237      0.000237      0.000475
      0.405405      0.000106      0.000106      0.000213
      0.415415      0.000203      0.000203      0.000406
      0.425425      0.000688      0.000688      0.001376
      0.435435      0.002292      0.002292      0.004584
      0.445445      0.007075      0.007075      0.014149
      0.455455      0.020161      0.020161      0.040323
      0.465465      0.053030      0.053030      0.106061
      0.475475      0.128741      0.128741      0.257481
      0.485485      0.288465      0.288465      0.576931
      0.495495      0.596567      0.596567      1.193133
      0.505506      1.138705      1.138705      2.277409
      0.515516      2.006088      2.006088      4.012176
      0.525526      3.261939      3.261939      6.523877
      0.535536      4.895403      4.895403      9.790806
      0.545546      6.780910      6.780910     13.561819
      0.555556      8.669108      8.669108     17.338217
      0.565566     10.229353     10.229353     20.458707
      0.575576     11.140645     11.140645     22.281291
      0.585586     11.198642     11.198642     22.397284
      0.595596     10.390347     10.390347     20.780695
      0.605606      8.899562      8.899562     17.799125
      0.615616      7.040856      7.040856     14.081712
      0.625626      5.156180      5.156180     10.312359
      0.635636      3.523372      3.523372      7.046743
      0.645646      2.312396      2.312396      4.624791
      0.655656      1.595041      1.595041      3.190081
      0.665666      1.386626      1.386626      2.773252
      0.675676      1.687199      1.687199      3.374399
      0.685686      2.496136      2.496136      4.992272
      0.695696      3.791656      3.791656      7.583311
      0.705706      5.487564      5.487564     10.975129
      0.715716      7.395827      7.395827     14.791654
      0.725726      9.227352      9.227352     18.454704
      0.735736     10.649105     10.649105     21.298210
      0.745746     11.386407     11.386407     22.772814
      0.755756     11.329710     11.329710     22.659420
      0.765766     10.594311     10.594311     21.188622
      0.775776      9.498854      9.498854     18.997707
      0.785786      8.465132      8.465132     16.930264
      0.795796      7.876560      7.876560     15.753121
      0.805806      7.948159      7.948159     15.896319
      0.815816      8.653870      8.653870     17.307741
      0.825826      9.735345      9.735345     19.470689
      0.835836     10.789347     10.789347     21.578693
      0.845846     11.404421     11.404421     22.808842
      0.855856     11.297987     11.297987     22.595974
      0.865866     10.402166     10.402166     20.804333
      0.875876      8.866856      8.866856     17.733712
      0.885886      6.985408      6.985408     13.970815
      0.895896      5.082297      5.082297     10.164594
      0.905906      3.413740      3.413740      6.827481
      0.915916      2.116647      2.116647      4.233294
      0.925926      1.211565      1.211565      2.423131
      0.935936      0.640800      0.640800      1.281599
      0.945946      0.315132      0.315132      0.630263
      0.955956      0.150016      0.150016      0.300032
      0.965966      0.085178      0.085178      0.170356
      0.975976      0.091446      0.091446      0.182891
      0.985986      0.171849      0.171849      0.343697
      0.995996      0.361631      0.361631      0.723262
      1.006006      0.726731      0.726731      1.453461
      1.016016      1.355514      1.355514      2.711028
      1.026026      2.337131      2.337131      4.674262
      1.036036      3.724499      3.724499      7.448999
      1.046046      5.490858      5.490858     10.981717
      1.056056      7.501147      7.501147     15.002293
      1.066066      9.523210      9.523210     19.046421
      1.076076     11.290321     11.290321     22.580643
      1.086086     12.597519     12.597519     25.195038
      1.096096     13.386391     13.386391     26.772782
      1.106106     13.768572     13.768572     27.537145
      1.116116     13.967696     13.967696     27.935393
      1.126126     14.208109     14.208109     28.416218
      1.136136     14.613195     14.613195     29.226389
      1.146146     15.169795     15.169795     30.339589
      1.156156     15.770296     15.770296     31.540591
      1.166166     16.293192     16.293192     32.586385
      1.176176     16.664274     16.664274     33.328548
      1.186186     16.866241     16.866241     33.732483
      1.196196     16.910380     16.910380     33.820760
      1.206206     16.810061     16.810061     33.620121
      1.216216     16.581909     16.581909     33.163818
      1.226226     16.263315     16.263315     32.526630
      1.236236     15.912436     15.912436     31.824873
      1.246246     15.571917     15.571917     31.143834
      1.256256     15.216523     15.216523     30.433046
      1.266266     14.730342     14.730342     29.460685
      1.276276     13.945217     13.945217     27.890434
      1.286286     12.728288     12.728288     25.456575
      1.296296     11.069138     11.069138     22.138275
      1.306306      9.116167      9.116167     18.232333
      1.316316      7.146418      7.146418     14.292836
      1.326326      5.494072      5.494072     10.988144
      1.336336      4.479408      4.479408      8.958815
      1.346346      4.364113      4.364113      8.728225
      1.356356      5.328238      5.328238     10.656477
      1.366366      7.445671      7.445671     14.891341
      1.376376     10.643512     10.643512     21.287024
      1.386386     14.658745     14.658745     29.317489
      1.396396     19.029140     19.029140     38.058281
      1.406406     23.151904     23.151904     46.303808
      1.416416     26.409636     26.409636     52.819273
      1.426426     28.320410     28.320410     56.640819
      1.436436     28.648997     28.648997     57.297994
      1.446446     27.436186     27.436186     54.872371
      1.456456     24.948357     24.948357     49.896714
      1.466466     21.586755     21.586755     43.173510
      1.476476     17.801167     17.801167     35.602334
      1.486486     14.030660     14.030660     28.061320
      1.496496     10.668470     10.668470     21.336940
      1.506507      8.038022      8.038022     16.076044
      1.516517      6.371940      6.371940     12.743880
      1.526527      5.793693      5.793693     11.587387
      1.536537      6.304671      6.304671     12.609342
      1.546547      7.780089      7.780089     15.560178
      1.556557      9.979343      9.979343     19.958685
      1.566567     12.578063     12.578063     25.156125
      1.576577     15.224331     15.224331     30.448662
      1.586587     17.609882     17.609882     35.219764
      1.596597     19.536581     19.536581     39.073161
      1.606607     20.957730     20.957730     41.915459
      1.616617     21.982564     21.982564     43.965129
      1.626627     22.842565     22.842565     45.685131
      1.636637     23.824210     23.824210     47.648420
      1.646647     25.177894     25.177894     50.355787
      1.656657     27.023300     27.023300     54.046601
      1.666667     29.284882     29.284882     58.569764
      1.676677     31.693601     31.693601     63.387203
      1.686687     33.870159     33.870159     67.740317
      1.696697     35.463923     35.463923     70.927845
      1.706707     36.283413     36.283413     72.566826
      1.716717     36.347097     36.347097     72.694194
      1.726727     35.821576     35.821576     71.643151
      1.736737     34.881960     34.881960     69.763921
      1.746747     33.584326     33.584326     67.168653
      1.756757     31.840286     31.840286     63.680572
      1.766767     29.520644     29.520644     59.041288
      1.776777     26.627301     26.627301     53.254602
      1.786787     23.420788     23.420788     46.841577
      1.796797     20.411748     20.411748     40.823497
      1.806807     18.203090     18.203090     36.406179
      1.816817     17.253290     17.253290     34.506579
      1.826827     17.672158     17.672158     35.344315
      1.836837     19.143858     19.143858     38.287716
      1.846847     21.015084     21.015084     42.030168
      1.856857     22.517509     22.517509     45.035019
      1.866867     23.038497     23.038497     46.076995
      1.876877     22.332101     22.332101     44.664202
      1.886887     20.584791     20.584791     41.169581
      1.896897     18.311840     18.311840     36.623679
      1.906907     16.134952     16.134952     32.269903
      1.916917     14.543283     14.543283     29.086567
      1.926927     13.742628     13.742628     27.485256
      1.936937     13.650755     13.650755     27.301509
      1.946947     14.024485     14.024485     28.048971
      1.956957     14.640756     14.640756     29.281513
      1.966967     15.429633     15.429633     30.859267
      1.976977     16.485248     16.485248     32.970495
      1.986987     17.949827     17.949827     35.899654
      1.996997     19.842097     19.842097     39.684194
      2.007007     21.940585     21.940585     43.881169
      2.017017     23.806558     23.806558     47.613116
      2.027027     24.949610     24.949610     49.899220
      2.037037     25.048545     25.048545     50.097090
      2.047047     24.099988     24.099988     48.199975
      2.057057     22.406802     22.406802     44.813603
      2.067067     20.414874     20.414874     40.829748
      2.077077     18.497161     18.497161     36.994322
      2.087087     16.809440     16.809440     33.618879
      2.097097     15.289958     15.289958     30.579915
      2.107107     13.784728     13.784728     27.569457
      2.117117     12.212031     12.212031     24.424061
      2.127127     10.671530     10.671530     21.343059
      2.137137      9.448721      9.448721     18.897442
      2.147147      8.925902      8.925902     17.851805
      2.157157      9.449245      9.449245     18.898490
      2.167167     11.205293     11.205293     22.410585
      2.177177     14.141826     14.141826     28.283652
      2.187187     17.947103     17.947103     35.894206
      2.197197     22.088205     22.088205     44.176410
      2.207207     25.901634     25.901634     51.803268
      2.217217     28.721451     28.721451     57.442902
      2.227227     30.020104     30.020104     60.040209
      2.237237     29.528262     29.528262     59.056525
      2.247247     27.298709     27.298709     54.597419
      2.257257     23.690754     23.690754     47.381507
      2.267267     19.275695     19.275695     38.551389
      2.277277     14.692988     14.692988     29.385975
      2.287287     10.506944     10.506944     21.013889
      2.297297      7.113007      7.113007     14.226013
      2.307307      4.719514      4.719514      9.439028
      2.317317      3.397177      3.397177      6.794354
      2.327327      3.161223      3.161223      6.322447
      2.337337      4.041831      4.041831      8.083661
      2.347347      6.107871      6.107871     12.215743
      2.357357      9.430303      9.430303     18.860607
      2.367367     13.996372     13.996372     27.992745
      2.377377     19.607410     19.607410     39.214819
      2.387387     25.805773     25.805773     51.611547
      2.397397     31.875073     31.875073     63.750146
      2.407407     36.938587     36.938587     73.877173
      2.417417     40.145472     40.145472     80.290943
      2.427427     40.893651     40.893651     81.787302
      2.437437     39.010768     39.010768     78.021536
      2.447447     34.818889     34.818889     69.637777
      2.457457     29.050180     29.050180     58.100359
      2.467467     22.643278     22.643278     45.286557
      2.477477     16.501237     16.501237     33.002474
      2.487487     11.303243     11.303243     22.606486
      2.497497      7.428674      7.428674     14.857348
      2.507508      4.994871      4.994871      9.989741
      2.517518      3.961542      3.961542      7.923083
      2.527528      4.236994      4.236994      8.473989
      2.537538      5.736040      5.736040     11.472079
      2.547548      8.372727      8.372727     16.745455
      2.557558     12.005216     12.005216     24.010433
      2.567568     16.371940     16.371940     32.743879
      2.577578     21.061651     21.061651     42.123302
      2.587588     25.545407     25.545407     51.090813
      2.597598     29.271932     29.271932     58.543864
      2.607608     31.798956     31.798956     63.597911
      2.617618     32.913302     32.913302     65.826604
      2.627628     32.691450     32.691450     65.382899
      2.637638     31.473659     31.473659     62.947319
      2.647648     29.761766     29.761766     59.523532
      2.657658     28.085247     28.085247     56.170495
      2.667668     26.891352     26.891352     53.782703
      2.677678     26.494385     26.494385     52.988770
      2.687688     27.079926     27.079926     54.159852
      2.697698     28.728353     28.728353     57.456706
      2.707708     31.418690     31.418690     62.837381
      2.717718     34.997751     34.997751     69.995502
      2.727728     39.133464     39.133464     78.266927
      2.737738     43.295310     43.295310     86.590620
      2.747748     46.806123     46.806123     93.612245
      2.757758     48.983792     48.983792     97.967585
      2.767768     49.344479     49.344479     98.688958
      2.777778     47.791036     47.791036     95.582072
      2.787788     44.692815     44.692815     89.385630
      2.797798     40.797950     40.797950     81.595900
      2.807808     36.996397     36.996397     73.992794
      2.817818     34.027819     34.027819     68.055638
      2.827828     32.255536     32.255536     64.511072
      2.837838     31.591496     31.591496     63.182993
      2.847848     31.584867     31.584867     63.169733
      2.857858     31.622210     31.622210     63.244419
      2.867868     31.157000     31.157000     62.314000
      2.877878     29.889478     29.889478     59.778956
      2.887888     27.841490     27.841490     55.682981
      2.897898     25.307215     25.307215     50.614431
      2.907908     22.705888     22.705888     45.411775
      2.917918     20.404385     20.404385     40.808770
      2.927928     18.592396     18.592396     37.184791
      2.937938     17.264022     17.264022     34.528044
      2.947948     16.297668     16.297668     32.595336
      2.957958     15.568842     15.568842     31.137685
      2.967968     15.017482     15.017482     30.034964
      2.977978     14.631990     14.631990     29.263980
      2.987988     14.376619     14.376619     28.753239
      2.997998     14.129803     14.129803     28.259606
      3.008008     13.689929     13.689929     27.379858
      3.018018     12.852877     12.852877     25.705754
      3.028028     11.512898     11.512898     23.025796
      3.038038      9.722842      9.722842     19.445684
      3.048048      7.678663      7.678663     15.357327
      3.058058      5.641475      5.641475     11.282950
      3.068068      3.843453      3.843453      7.686907
      3.078078      2.423581      2.423581      4.847161
      3.088088      1.413344      1.413344      2.826687
      3.098098      0.763289      0.763289      1.526577
      3.108108      0.386400      0.386400      0.772800
      3.118118      0.196877      0.196877      0.393753
      3.128128      0.134782      0.134782      0.269564
      3.138138      0.177978      0.177978      0.355956
      3.148148      0.347174      0.347174      0.694348
      3.158158      0.707762      0.707762      1.415523
      3.168168      1.366590      1.366590      2.733181
      3.178178      2.457063      2.457063      4.914126
      3.188188      4.105736      4.105736      8.211472
      3.198198      6.380245      6.380245     12.760490
      3.208208      9.230522      9.230522     18.461043
      3.218218     12.446847     12.446847     24.893694
      3.228228     15.660923     15.660923     31.321847
      3.238238     18.404443     18.404443     36.808885
      3.248248     20.216409     20.216409     40.432818
      3.258258     20.766639     20.766639     41.533278
      3.268268     19.951239     19.951239     39.902477
      3.278278     17.923610     17.923610     35.847220
      3.288288     15.048874     15.048874     30.097747
      3.298298     11.799551     11.799551     23.599101
      3.308308      8.632145      8.632145     17.264291
      3.318318      5.888208      5.888208     11.776415
      3.328328      3.748773      3.748773      7.497546
      3.338338      2.246428      2.246428      4.492857
      3.348348      1.317460      1.317460      2.634920
      3.358358      0.866779      0.866779      1.733558
      3.368368      0.821193      0.821193      1.642386
      3.378378      1.156038      1.156038      2.312076
      3.388388      1.889775      1.889775      3.779550
      3.398398      3.049120      3.049120      6.098240
      3.408408      4.615789      4.615789      9.231577
      3.418418      6.476009      6.476009     12.952018
      3.428428      8.400798      8.400798     16.801596
      3.438438     10.079834     10.079834     20.159668
      3.448448     11.209989     11.209989     22.419979
      3.458458     11.608774     11.608774     23.217547
      3.468468     11.301318     11.301318     22.602635
      3.478478     10.533917     10.533917     21.067835
      3.488488      9.698915      9.698915     19.397831
      3.498498      9.198134      9.198134     18.396269
      3.508509      9.301844      9.301844     18.603688
      3.518519     10.062398     10.062398     20.124797
      3.528529     11.316559     11.316559     22.633118
      3.538539     12.770233     12.770233     25.540466
      3.548549     14.121676     14.121676     28.243353
      3.558559     15.162058     15.162058     30.324117
      3.568569     15.807123     15.807123     31.614245
      3.578579     16.055661     16.055661     32.111321
      3.588589     15.915631     15.915631     31.831262
      3.598599     15.356291     15.356291     30.712583
      3.608609     14.321082     14.321082     28.642163
      3.618619     12.788346     12.788346     25.576693
      3.628629     10.831425     10.831425     21.662850
      3.638639      8.631935      8.631935     17.263870
      3.648649      6.435194      6.435194     12.870388
      3.658659      4.475608      4.475608      8.951217
      3.668669      2.914981      2.914981      5.829963
      3.678679      1.822564      1.822564      3.645129
      3.688689      1.197713      1.197713      2.395427
      3.698699      1.014050      1.014050      2.028101
      3.708709      1.257702      1.257702      2.515404
      3.718719      1.939135      1.939135      3.878269
      3.728729      3.071586      3.071586      6.143173
      3.738739      4.624376      4.624376      9.248752
      3.748749      6.473411      6.473411     12.946823
      3.758759      8.378893      8.378893     16.757787
      3.768769     10.014264     10.014264     20.028529
      3.778779     11.048038     11.048038     22.096075
      3.788789     11.249922     11.249922     22.499844
      3.798799     10.573129     10.573129     21.146258
      3.808809      9.171602      9.171602     18.343203
      3.818819      7.343015      7.343015     14.686030
      3.828829      5.426175      5.426175     10.852350
      3.838839      3.700995      3.700995      7.401990
      3.848849      2.330424      2.330424      4.660848
      3.858859      1.356232      1.356232      2.712465
      3.868869      0.734155      0.734155      1.468310
      3.878879      0.382737      0.382737      0.765474
      3.888889      0.225187      0.225187      0.450374
      3.898899      0.215701      0.215701      0.431403
      3.908909      0.351296      0.351296      0.702591
      3.918919      0.672640      0.672640      1.345280
      3.928929      1.254355      1.254355      2.508710
      3.938939      2.181862      2.181862      4.363723
      3.948949      3.513617      3.513617      7.027233
      3.958959      5.236590      5.236590     10.473181
      3.968969      7.235203      7.235203     14.470405
      3.978979      9.299803      9.299803     18.599606
      3.988989     11.189968     11.189968     22.379936
      3.998999     12.739367     12.739367     25.478733
      4.009009     13.956499     13.956499     27.912999
      4.019019     15.061888     15.061888     30.123775
      4.029029     16.422831     16.422831     32.845661
      4.039039     18.395872     18.395872     36.791744
      4.049049     21.138674     21.138674     42.277347
      4.059059     24.477359     24.477359     48.954717
      4.069069     27.898164     27.898164     55.796327
      4.079079     30.681477     30.681477     61.362955
      4.089089     32.135502     32.135502     64.271004
      4.099099     31.842012     31.842012     63.684024
      4.109109     29.816833     29.816833     59.633666
      4.119119     26.518368     26.518368     53.036736
      4.129129     22.698143     22.698143     45.396286
      4.139139     19.152800     19.152800     38.305600
      4.149149     16.477540     16.477540     32.955081
      4.159159     14.917179     14.917179     29.834357
      4.169169     14.364451     14.364451     28.728903
      4.179179     14.488255     14.488255     28.976510
      4.189189     14.918863     14.918863     29.837727
      4.199199     15.399449     15.399449     30.798898
      4.209209     15.841622     15.841622     31.683244
      4.219219     16.280855     16.280855     32.561710
      4.229229     16.781308     16.781308     33.562615
      4.239239     17.356705     17.356705     34.713410
      4.249249     17.947853     17.947853     35.895706
      4.259259     18.452262     18.452262     36.904523
      4.269269     18.772437     18.772437     37.544874
      4.279279     18.853188     18.853188     37.706377
      4.289289     18.700663     18.700663     37.401326
      4.299299     18.389960     18.389960     36.779921
      4.309309     18.063002     18.063002     36.126005
      4.319319     17.907760     17.907760     35.815519
      4.329329     18.113698     18.113698     36.227397
      4.339339     18.817226     18.817226     37.634451
      4.349349     20.064855     20.064855     40.129711
      4.359359     21.812265     21.812265     43.624531
      4.369369     23.949543     23.949543     47.899085
      4.379379     26.322154     26.322154     52.644308
      4.389389     28.724576     28.724576     57.449153
      4.399399     30.874751     30.874751     61.749503
      4.409409     32.406347     32.406347     64.812694
      4.419419     32.916256     32.916256     65.832511
      4.429429     32.072394     32.072394     64.144788
      4.439439     29.742363     29.742363     59.484725
      4.449449     26.078021     26.078021     52.156042
      4.459459     21.504604     21.504604     43.009208
      4.469469     16.609856     16.609856     33.219713
      4.479479     11.980130     11.980130     23.960261
      4.489489      8.054652      8.054652     16.109305
      4.499499      5.053538      5.053538     10.107076
      4.509510      2.993707      2.993707      5.987415
      4.519520      1.767196      1.767196      3.534393
      4.529530      1.238555      1.238555      2.477110
      4.539540      1.323115      1.323115      2.646230
      4.549550      2.023550      2.023550      4.047099
      4.559560      3.416365      3.416365      6.832731
      4.569570      5.590751      5.590751     11.181502
      4.579580      8.554999      8.554999     17.109998
      4.589590     12.143556     12.143556     24.287112
      4.599600     15.972595     15.972595     31.945191
      4.609610     19.487333     19.487333     38.974667
      4.619620     22.109200     22.109200     44.218400
      4.629630     23.435763     23.435763     46.871526
      4.639640     23.403292     23.403292     46.806585
      4.649650     22.325031     22.325031     44.650063
      4.659660     20.775121     20.775121     41.550242
      4.669670     19.368068     19.368068     38.736136
      4.679680     18.536934     18.536934     37.073868
      4.689690     18.407054     18.407054     36.814108
      4.699700     18.803994     18.803994     37.607989
      4.709710     19.365621     19.365621     38.731242
      4.719720     19.690909     19.690909     39.381817
      4.729730     19.466096     19.466096     38.932193
      4.739740     18.542670     18.542670     37.085341
      4.749750     16.970287     16.970287     33.940574
      4.759760     14.994671     14.994671     29.989342
      4.769770     13.022628     13.022628     26.045255
      4.779780     11.551091     11.551091     23.102182
      4.789790     11.064065     11.064065     22.128129
      4.799800     11.916090     11.916090     23.832180
      4.809810     14.232709     14.232709     28.465418
      4.819820     17.859660     17.859660     35.719321
      4.829830     22.381002     22.381002     44.762004
      4.839840     27.204334     27.204334     54.408669
      4.849850     31.686750     31.686750     63.373501
      4.859860     35.260957     35.260957     70.521915
      4.869870     37.527140     37.527140     75.054279
      4.879880     38.298091     38.298091     76.596183
      4.889890     37.604881     37.604881     75.209762
      4.899900     35.673028     35.673028     71.346056
      4.909910     32.869992     32.869992     65.739984
      4.919920     29.623526     29.623526     59.247053
      4.929930     26.327092     26.327092     52.654184
      4.939940     23.267871     23.267871     46.535742
      4.949950     20.608767     20.608767     41.217534
      4.959960     18.422246     18.422246     36.844492
      4.969970     16.736848     16.736848     33.473697
      4.979980     15.551439     15.551439     31.102878
      4.989990     14.806234     14.806234     29.612467
      5.000000     14.344724     14.344724     28.689448
