# EIG2DOS: Utility for SIESTA to obtain the electronic density of states
#  E. Artacho, Apr 1999, A. Garcia, Apr 2012
#  Nick R. Papior, Feb 2017
# ------------------------------------------
# Eigenvalues calculated from a non-polarized calculation
# Eigenvalues read from siesta.EIG
# Kpoint weights read from siesta.KP
# Using smearing parameter:   0.0500
# Using 1000 points in the energy range
# Selected bands: 1 to: 2981
# Emin, Emax in file for selected band(s):    -27.2639317    218.3757400
# Nbands, Nspin, Nk   =   2981     1     1
# E_F                 =    -4.2254 eV --> (shifted to ZERO)
# Broadening          =     0.0500 eV
#
#        E            N(up)  (=)   N(down)         Ntot
     -5.000000     33.349238     33.349238     66.698475
     -4.989990     37.645765     37.645765     75.291530
     -4.979980     41.433216     41.433216     82.866431
     -4.969970     44.106065     44.106065     88.212130
     -4.959960     45.192702     45.192702     90.385403
     -4.949950     44.511813     44.511813     89.023626
     -4.939940     42.243675     42.243675     84.487350
     -4.929930     38.900592     38.900592     77.801185
     -4.919920     35.225234     35.225234     70.450468
     -4.909910     32.060701     32.060701     64.121402
     -4.899900     30.217291     30.217291     60.434581
     -4.889890     30.332362     30.332362     60.664724
     -4.879880     32.715256     32.715256     65.430513
     -4.869870     37.201446     37.201446     74.402892
     -4.859860     43.084043     43.084043     86.168085
     -4.849850     49.200855     49.200855     98.401711
     -4.839840     54.203430     54.203430    108.406859
     -4.829830     56.939920     56.939920    113.879839
     -4.819820     56.804977     56.804977    113.609953
     -4.809810     53.905016     53.905016    107.810032
     -4.799800     48.968853     48.968853     97.937706
     -4.789790     43.055924     43.055924     86.111848
     -4.779780     37.203294     37.203294     74.406589
     -4.769770     32.158947     32.158947     64.317894
     -4.759760     28.280105     28.280105     56.560209
     -4.749750     25.584543     25.584543     51.169085
     -4.739740     23.884292     23.884292     47.768583
     -4.729730     22.924239     22.924239     45.848477
     -4.719720     22.476064     22.476064     44.952129
     -4.709710     22.373288     22.373288     44.746576
     -4.699700     22.499844     22.499844     44.999689
     -4.689690     22.759558     22.759558     45.519116
     -4.679680     23.057346     23.057346     46.114692
     -4.669670     23.313899     23.313899     46.627798
     -4.659660     23.515451     23.515451     47.030901
     -4.649650     23.775966     23.775966     47.551931
     -4.639640     24.371148     24.371148     48.742296
     -4.629630     25.702427     25.702427     51.404854
     -4.619620     28.171695     28.171695     56.343390
     -4.609610     31.992265     31.992265     63.984529
     -4.599600     37.010655     37.010655     74.021309
     -4.589590     42.636527     42.636527     85.273054
     -4.579580     47.948697     47.948697     95.897394
     -4.569570     51.967110     51.967110    103.934220
     -4.559560     53.992403     53.992403    107.984807
     -4.549550     53.867944     53.867944    107.735887
     -4.539540     52.044318     52.044318    104.088637
     -4.529530     49.412023     49.412023     98.824046
     -4.519520     46.970251     46.970251     93.940502
     -4.509510     45.468418     45.468418     90.936837
     -4.499499     45.162696     45.162696     90.325392
     -4.489489     45.774027     45.774027     91.548053
     -4.479479     46.645467     46.645467     93.290934
     -4.469469     47.016325     47.016325     94.032650
     -4.459459     46.293550     46.293550     92.587100
     -4.449449     44.220059     44.220059     88.440118
     -4.439439     40.900282     40.900282     81.800564
     -4.429429     36.711218     36.711218     73.422436
     -4.419419     32.167812     32.167812     64.335623
     -4.409409     27.807473     27.807473     55.614946
     -4.399399     24.120008     24.120008     48.240015
     -4.389389     21.506751     21.506751     43.013503
     -4.379379     20.237371     20.237371     40.474741
     -4.369369     20.393437     20.393437     40.786874
     -4.359359     21.824252     21.824252     43.648504
     -4.349349     24.158793     24.158793     48.317586
     -4.339339     26.898621     26.898621     53.797242
     -4.329329     29.570862     29.570862     59.141725
     -4.319319     31.880056     31.880056     63.760112
     -4.309309     33.790769     33.790769     67.581539
     -4.299299     35.502744     35.502744     71.005488
     -4.289289     37.326853     37.326853     74.653705
     -4.279279     39.508611     39.508611     79.017221
     -4.269269     42.064291     42.064291     84.128583
     -4.259259     44.694116     44.694116     89.388233
     -4.249249     46.819553     46.819553     93.639106
     -4.239239     47.754163     47.754163     95.508325
     -4.229229     46.961035     46.961035     93.922071
     -4.219219     44.295603     44.295603     88.591205
     -4.209209     40.117347     40.117347     80.234694
     -4.199199     35.202332     35.202332     70.404664
     -4.189189     30.484494     30.484494     60.968989
     -4.179179     26.742603     26.742603     53.485207
     -4.169169     24.375875     24.375875     48.751749
     -4.159159     23.359194     23.359194     46.718387
     -4.149149     23.373982     23.373982     46.747963
     -4.139139     24.029383     24.029383     48.058765
     -4.129129     25.059044     25.059044     50.118089
     -4.119119     26.404117     26.404117     52.808233
     -4.109109     28.152194     28.152194     56.304387
     -4.099099     30.369463     30.369463     60.738925
     -4.089089     32.917276     32.917276     65.834553
     -4.079079     35.362492     35.362492     70.724984
     -4.069069     37.055355     37.055355     74.110709
     -4.059059     37.364000     37.364000     74.728000
     -4.049049     35.961009     35.961009     71.922018
     -4.039039     33.014071     33.014071     66.028142
     -4.029029     29.175345     29.175345     58.350690
     -4.019019     25.371557     25.371557     50.743115
     -4.009009     22.501736     22.501736     45.003472
     -3.998999     21.186494     21.186494     42.372989
     -3.988989     21.665209     21.665209     43.330418
     -3.978979     23.845088     23.845088     47.690176
     -3.968969     27.431787     27.431787     54.863573
     -3.958959     32.055945     32.055945     64.111889
     -3.948949     37.349033     37.349033     74.698066
     -3.938939     42.974906     42.974906     85.949813
     -3.928929     48.648292     48.648292     97.296585
     -3.918919     54.155748     54.155748    108.311496
     -3.908909     59.362261     59.362261    118.724521
     -3.898899     64.174175     64.174175    128.348350
     -3.888889     68.453152     68.453152    136.906304
     -3.878879     71.919318     71.919318    143.838636
     -3.868869     74.109297     74.109297    148.218594
     -3.858859     74.441502     74.441502    148.883005
     -3.848849     72.390301     72.390301    144.780602
     -3.838839     67.710007     67.710007    135.420015
     -3.828829     60.613033     60.613033    121.226066
     -3.818819     51.815192     51.815192    103.630384
     -3.808809     42.413017     42.413017     84.826034
     -3.798799     33.628005     33.628005     67.256010
     -3.788789     26.506527     26.506527     53.013055
     -3.778779     21.676865     21.676865     43.353730
     -3.768769     19.235395     19.235395     38.470790
     -3.758759     18.782666     18.782666     37.565333
     -3.748749     19.582783     19.582783     39.165565
     -3.738739     20.791881     20.791881     41.583763
     -3.728729     21.694301     21.694301     43.388602
     -3.718719     21.890987     21.890987     43.781975
     -3.708709     21.397217     21.397217     42.794434
     -3.698699     20.624039     20.624039     41.248078
     -3.688689     20.241366     20.241366     40.482732
     -3.678679     20.950937     20.950937     41.901874
     -3.668669     23.229755     23.229755     46.459511
     -3.658659     27.127016     27.127016     54.254031
     -3.648649     32.193666     32.193666     64.387332
     -3.638639     37.583421     37.583421     75.166842
     -3.628629     42.296164     42.296164     84.592328
     -3.618619     45.470758     45.470758     90.941517
     -3.608609     46.612524     46.612524     93.225048
     -3.598599     45.677422     45.677422     91.354843
     -3.588589     43.007923     43.007923     86.015846
     -3.578579     39.177686     39.177686     78.355372
     -3.568569     34.818870     34.818870     69.637740
     -3.558559     30.481278     30.481278     60.962555
     -3.548549     26.539549     26.539549     53.079099
     -3.538539     23.150687     23.150687     46.301374
     -3.528529     20.267117     20.267117     40.534234
     -3.518519     17.708219     17.708219     35.416437
     -3.508509     15.273224     15.273224     30.546447
     -3.498498     12.853269     12.853269     25.706538
     -3.488488     10.494491     10.494491     20.988982
     -3.478478      8.387027      8.387027     16.774055
     -3.468468      6.791387      6.791387     13.582773
     -3.458458      5.938773      5.938773     11.877546
     -3.448448      5.943680      5.943680     11.887359
     -3.438438      6.753730      6.753730     13.507459
     -3.428428      8.148763      8.148763     16.297527
     -3.418418      9.793878      9.793878     19.587756
     -3.408408     11.341936     11.341936     22.683873
     -3.398398     12.562595     12.562595     25.125189
     -3.388388     13.453203     13.453203     26.906405
     -3.378378     14.279636     14.279636     28.559271
     -3.368368     15.515392     15.515392     31.030783
     -3.358358     17.689097     17.689097     35.378195
     -3.348348     21.190713     21.190713     42.381426
     -3.338338     26.102605     26.102605     52.205210
     -3.328328     32.108433     32.108433     64.216866
     -3.318318     38.504675     38.504675     77.009351
     -3.308308     44.314421     44.314421     88.628841
     -3.298298     48.485930     48.485930     96.971860
     -3.288288     50.140845     50.140845    100.281691
     -3.278278     48.812812     48.812812     97.625624
     -3.268268     44.598536     44.598536     89.197071
     -3.258258     38.154549     38.154549     76.309098
     -3.248248     30.526033     30.526033     61.052065
     -3.238238     22.867593     22.867593     45.735186
     -3.228228     16.164768     16.164768     32.329536
     -3.218218     11.055657     11.055657     22.111313
     -3.208208      7.791358      7.791358     15.582716
     -3.198198      6.304267      6.304267     12.608535
     -3.188188      6.318560      6.318560     12.637120
     -3.178178      7.450736      7.450736     14.901473
     -3.168168      9.287373      9.287373     18.574746
     -3.158158     11.455614     11.455614     22.911227
     -3.148148     13.697577     13.697577     27.395154
     -3.138138     15.930714     15.930714     31.861428
     -3.128128     18.252588     18.252588     36.505175
     -3.118118     20.858939     20.858939     41.717878
     -3.108108     23.890565     23.890565     47.781130
     -3.098098     27.278353     27.278353     54.556705
     -3.088088     30.675735     30.675735     61.351470
     -3.078078     33.531658     33.531658     67.063317
     -3.068068     35.280952     35.280952     70.561904
     -3.058058     35.559191     35.559191     71.118382
     -3.048048     34.331784     34.331784     68.663569
     -3.038038     31.875855     31.875855     63.751709
     -3.028028     28.638570     28.638570     57.277140
     -3.018018     25.062440     25.062440     50.124879
     -3.008008     21.475016     21.475016     42.950033
     -2.997998     18.087666     18.087666     36.175333
     -2.987988     15.075640     15.075640     30.151280
     -2.977978     12.667984     12.667984     25.335969
     -2.967968     11.182190     11.182190     22.364381
     -2.957958     10.979314     10.979314     21.958628
     -2.947948     12.358227     12.358227     24.716454
     -2.937938     15.431080     15.431080     30.862161
     -2.927928     20.025530     20.025530     40.051061
     -2.917918     25.652147     25.652147     51.304293
     -2.907908     31.561738     31.561738     63.123477
     -2.897898     36.893653     36.893653     73.787306
     -2.887888     40.882152     40.882152     81.764303
     -2.877878     43.055539     43.055539     86.111079
     -2.867868     43.351824     43.351824     86.703647
     -2.857858     42.099043     42.099043     84.198085
     -2.847848     39.862980     39.862980     79.725961
     -2.837838     37.225022     37.225022     74.450044
     -2.827828     34.586696     34.586696     69.173392
     -2.817818     32.084485     32.084485     64.168970
     -2.807808     29.642808     29.642808     59.285615
     -2.797798     27.122998     27.122998     54.245996
     -2.787788     24.479469     24.479469     48.958939
     -2.777778     21.836786     21.836786     43.673572
     -2.767768     19.451412     19.451412     38.902824
     -2.757758     17.590506     17.590506     35.181013
     -2.747748     16.407309     16.407309     32.814619
     -2.737738     15.890493     15.890493     31.780986
     -2.727728     15.914445     15.914445     31.828889
     -2.717718     16.349897     16.349897     32.699794
     -2.707708     17.153394     17.153394     34.306788
     -2.697698     18.368760     18.368760     36.737520
     -2.687688     20.036928     20.036928     40.073856
     -2.677678     22.080354     22.080354     44.160708
     -2.667668     24.254261     24.254261     48.508521
     -2.657658     26.216370     26.216370     52.432740
     -2.647648     27.684217     27.684217     55.368434
     -2.637638     28.582668     28.582668     57.165335
     -2.627628     29.083836     29.083836     58.167672
     -2.617618     29.510165     29.510165     59.020329
     -2.607608     30.160155     30.160155     60.320309
     -2.597598     31.160799     31.160799     62.321598
     -2.587588     32.421726     32.421726     64.843452
     -2.577578     33.691318     33.691318     67.382636
     -2.567568     34.655413     34.655413     69.310827
     -2.557558     35.016811     35.016811     70.033622
     -2.547548     34.538857     34.538857     69.077714
     -2.537538     33.080220     33.080220     66.160441
     -2.527528     30.649220     30.649220     61.298439
     -2.517518     27.467191     27.467191     54.934383
     -2.507508     23.991949     23.991949     47.983899
     -2.497497     20.853419     20.853419     41.706838
     -2.487487     18.697769     18.697769     37.395538
     -2.477477     17.992325     17.992325     35.984649
     -2.467467     18.873509     18.873509     37.747019
     -2.457457     21.106898     21.106898     42.213796
     -2.447447     24.181182     24.181182     48.362364
     -2.437437     27.499869     27.499869     54.999739
     -2.427427     30.590874     30.590874     61.181748
     -2.417417     33.243654     33.243654     66.487308
     -2.407407     35.513177     35.513177     71.026353
     -2.397397     37.589709     37.589709     75.179417
     -2.387387     39.597704     39.597704     79.195408
     -2.377377     41.425411     41.425411     82.850822
     -2.367367     42.678503     42.678503     85.357006
     -2.357357     42.795767     42.795767     85.591533
     -2.347347     41.285370     41.285370     82.570740
     -2.337337     37.975290     37.975290     75.950580
     -2.327327     33.158020     33.158020     66.316040
     -2.317317     27.559174     27.559174     55.118349
     -2.307307     22.145628     22.145628     44.291256
     -2.297297     17.861043     17.861043     35.722086
     -2.287287     15.395615     15.395615     30.791230
     -2.277277     15.061008     15.061008     30.122016
     -2.267267     16.782870     16.782870     33.565741
     -2.257257     20.178999     20.178999     40.357998
     -2.247247     24.676807     24.676807     49.353614
     -2.237237     29.631476     29.631476     59.262953
     -2.227227     34.420765     34.420765     68.841530
     -2.217217     38.505933     38.505933     77.011865
     -2.207207     41.461034     41.461034     82.922068
     -2.197197     42.985118     42.985118     85.970237
     -2.187187     42.917780     42.917780     85.835560
     -2.177177     41.269630     41.269630     82.539261
     -2.167167     38.255599     38.255599     76.511198
     -2.157157     34.295693     34.295693     68.591385
     -2.147147     29.947624     29.947624     59.895248
     -2.137137     25.768997     25.768997     51.537994
     -2.127127     22.156482     22.156482     44.312963
     -2.117117     19.238785     19.238785     38.477570
     -2.107107     16.881610     16.881610     33.763220
     -2.097097     14.803045     14.803045     29.606090
     -2.087087     12.736514     12.736514     25.473029
     -2.077077     10.557092     10.557092     21.114184
     -2.067067      8.317545      8.317545     16.635089
     -2.057057      6.197766      6.197766     12.395533
     -2.047047      4.415363      4.415363      8.830726
     -2.037037      3.151408      3.151408      6.302816
     -2.027027      2.518561      2.518561      5.037121
     -2.017017      2.563507      2.563507      5.127015
     -2.007007      3.276404      3.276404      6.552808
     -1.996997      4.585737      4.585737      9.171474
     -1.986987      6.339934      6.339934     12.679868
     -1.976977      8.299373      8.299373     16.598745
     -1.966967     10.167106     10.167106     20.334212
     -1.956957     11.667131     11.667131     23.334261
     -1.946947     12.644989     12.644989     25.289979
     -1.936937     13.139591     13.139591     26.279182
     -1.926927     13.378730     13.378730     26.757461
     -1.916917     13.687191     13.687191     27.374382
     -1.906907     14.344988     14.344988     28.689975
     -1.896897     15.462854     15.462854     30.925708
     -1.886887     16.933124     16.933124     33.866248
     -1.876877     18.473767     18.473767     36.947533
     -1.866867     19.738498     19.738498     39.476997
     -1.856857     20.442145     20.442145     40.884290
     -1.846847     20.454237     20.454237     40.908474
     -1.836837     19.833339     19.833339     39.666678
     -1.826827     18.795218     18.795218     37.590435
     -1.816817     17.625470     17.625470     35.250941
     -1.806807     16.564958     16.564958     33.129917
     -1.796797     15.712243     15.712243     31.424485
     -1.786787     14.988700     14.988700     29.977400
     -1.776777     14.187813     14.187813     28.375626
     -1.766767     13.087175     13.087175     26.174349
     -1.756757     11.566015     11.566015     23.132031
     -1.746747      9.668462      9.668462     19.336924
     -1.736737      7.586459      7.586459     15.172918
     -1.726727      5.582916      5.582916     11.165833
     -1.716717      3.903954      3.903954      7.807908
     -1.706707      2.723816      2.723816      5.447632
     -1.696697      2.136303      2.136303      4.272605
     -1.686687      2.175414      2.175414      4.350828
     -1.676677      2.834287      2.834287      5.668575
     -1.666667      4.060412      4.060412      8.120825
     -1.656657      5.728414      5.728414     11.456827
     -1.646647      7.614638      7.614638     15.229276
     -1.636637      9.406175      9.406175     18.812350
     -1.626627     10.763500     10.763500     21.526999
     -1.616617     11.425930     11.425930     22.851860
     -1.606607     11.319779     11.319779     22.639558
     -1.596597     10.619722     10.619722     21.239444
     -1.586587      9.731503      9.731503     19.463006
     -1.576577      9.197144      9.197144     18.394288
     -1.566567      9.551716      9.551716     19.103432
     -1.556557     11.171107     11.171107     22.342214
     -1.546547     14.147027     14.147027     28.294054
     -1.536537     18.219874     18.219874     36.439748
     -1.526527     22.795292     22.795292     45.590584
     -1.516517     27.057439     27.057439     54.114879
     -1.506507     30.163287     30.163287     60.326573
     -1.496496     31.465267     31.465267     62.930534
     -1.486486     30.687052     30.687052     61.374105
     -1.476476     27.988711     27.988711     55.977422
     -1.466466     23.901649     23.901649     47.803299
     -1.456456     19.166956     19.166956     38.333911
     -1.446446     14.544083     14.544083     29.088166
     -1.436436     10.655222     10.655222     21.310443
     -1.426426      7.900576      7.900576     15.801151
     -1.416416      6.442076      6.442076     12.884153
     -1.406406      6.229320      6.229320     12.458640
     -1.396396      7.041647      7.041647     14.083294
     -1.386386      8.537503      8.537503     17.075006
     -1.376376     10.318205     10.318205     20.636409
     -1.366366     12.011446     12.011446     24.022892
     -1.356356     13.359574     13.359574     26.719147
     -1.346346     14.276933     14.276933     28.553866
     -1.336336     14.842500     14.842500     29.684999
     -1.326326     15.225418     15.225418     30.450836
     -1.316316     15.582199     15.582199     31.164398
     -1.306306     15.982618     15.982618     31.965237
     -1.296296     16.399482     16.399482     32.798963
     -1.286286     16.750995     16.750995     33.501989
     -1.276276     16.950901     16.950901     33.901802
     -1.266266     16.927464     16.927464     33.854927
     -1.256256     16.609878     16.609878     33.219756
     -1.246246     15.914402     15.914402     31.828803
     -1.236236     14.762139     14.762139     29.524279
     -1.226226     13.128132     13.128132     26.256264
     -1.216216     11.088085     11.088085     22.176169
     -1.206206      8.824745      8.824745     17.649490
     -1.196196      6.583326      6.583326     13.166651
     -1.186186      4.600323      4.600323      9.200647
     -1.176176      3.045328      3.045328      6.090656
     -1.166166      2.002783      2.002783      4.005566
     -1.156156      1.493242      1.493242      2.986484
     -1.146146      1.511258      1.511258      3.022517
     -1.136136      2.051086      2.051086      4.102173
     -1.126126      3.101621      3.101621      6.203242
     -1.116116      4.611324      4.611324      9.222649
     -1.106106      6.443797      6.443797     12.887594
     -1.096096      8.356202      8.356202     16.712405
     -1.086086     10.028095     10.028095     20.056189
     -1.076076     11.145180     11.145180     22.290360
     -1.066066     11.510429     11.510429     23.020857
     -1.056056     11.132315     11.132315     22.264629
     -1.046046     10.243152     10.243152     20.486304
     -1.036036      9.230373      9.230373     18.460747
     -1.026026      8.503676      8.503676     17.007353
     -1.016016      8.349377      8.349377     16.698754
     -1.006006      8.827746      8.827746     17.655492
     -0.995996      9.751375      9.751375     19.502750
     -0.985986     10.752425     10.752425     21.504850
     -0.975976     11.414139     11.414139     22.828278
     -0.965966     11.416993     11.416993     22.833986
     -0.955956     10.642807     10.642807     21.285615
     -0.945946      9.197706      9.197706     18.395412
     -0.935936      7.351641      7.351641     14.703283
     -0.925926      5.429570      5.429570     10.859141
     -0.915916      3.706351      3.706351      7.412703
     -0.905906      2.346280      2.346280      4.692561
     -0.895896      1.399422      1.399422      2.798844
     -0.885886      0.839779      0.839779      1.679557
     -0.875876      0.618209      0.618209      1.236419
     -0.865866      0.706065      0.706065      1.412130
     -0.855856      1.115398      1.115398      2.230796
     -0.845846      1.890698      1.890698      3.781396
     -0.835836      3.074032      3.074032      6.148064
     -0.825826      4.653390      4.653390      9.306780
     -0.815816      6.514059      6.514059     13.028119
     -0.805806      8.419832      8.419832     16.839664
     -0.795796     10.045739     10.045739     20.091477
     -0.785786     11.062567     11.062567     22.125134
     -0.775776     11.243946     11.243946     22.487892
     -0.765766     10.547976     10.547976     21.095951
     -0.755756      9.132878      9.132878     18.265757
     -0.745746      7.298596      7.298596     14.597191
     -0.735736      5.383796      5.383796     10.767592
     -0.725726      3.666717      3.666717      7.333434
     -0.715716      2.308917      2.308917      4.617833
     -0.705706      1.353444      1.353444      2.706888
     -0.695696      0.762761      0.762761      1.525521
     -0.685686      0.470665      0.470665      0.941330
     -0.675676      0.426690      0.426690      0.853380
     -0.665666      0.621939      0.621939      1.243877
     -0.655656      1.093206      1.093206      2.186412
     -0.645646      1.905144      1.905144      3.810289
     -0.635636      3.112056      3.112056      6.224111
     -0.625626      4.706803      4.706803      9.413605
     -0.615616      6.574597      6.574597     13.149195
     -0.605606      8.477255      8.477255     16.954510
     -0.595596     10.088799     10.088799     20.177598
     -0.585586     11.081865     11.081865     22.163730
     -0.575576     11.235012     11.235012     22.470024
     -0.565566     10.512867     10.512867     21.025734
     -0.555556      9.079369      9.079369     18.158738
     -0.545546      7.237307      7.237307     14.474614
     -0.535536      5.324578      5.324578     10.649156
     -0.525526      3.615599      3.615599      7.231198
     -0.515516      2.266012      2.266012      4.532023
     -0.505506      1.310783      1.310783      2.621567
     -0.495495      0.699820      0.699820      1.399640
     -0.485485      0.344849      0.344849      0.689698
     -0.475475      0.156841      0.156841      0.313681
     -0.465465      0.065838      0.065838      0.131675
     -0.455455      0.025508      0.025508      0.051016
     -0.445445      0.009122      0.009122      0.018243
     -0.435435      0.003011      0.003011      0.006022
     -0.425425      0.000920      0.000920      0.001840
     -0.415415      0.000271      0.000271      0.000543
     -0.405405      0.000123      0.000123      0.000247
     -0.395395      0.000236      0.000236      0.000472
     -0.385385      0.000794      0.000794      0.001588
     -0.375375      0.002621      0.002621      0.005242
     -0.365365      0.008016      0.008016      0.016031
     -0.355355      0.022633      0.022633      0.045265
     -0.345345      0.058983      0.058983      0.117965
     -0.335335      0.141873      0.141873      0.283746
     -0.325325      0.314966      0.314966      0.629932
     -0.315315      0.645377      0.645377      1.290754
     -0.305305      1.220536      1.220536      2.441073
     -0.295295      2.130467      2.130467      4.260933
     -0.285285      3.432303      3.432303      6.864606
     -0.275275      5.103678      5.103678     10.207357
     -0.265265      7.004350      7.004350     14.008700
     -0.255255      8.872361      8.872361     17.744723
     -0.245245     10.372835     10.372835     20.745669
     -0.235235     11.192898     11.192898     22.385796
     -0.225225     11.147423     11.147423     22.294846
     -0.215215     10.246918     10.246918     20.493837
     -0.205205      8.693585      8.693585     17.387171
     -0.195195      6.807559      6.807559     13.615118
     -0.185185      4.920064      4.920064      9.840128
     -0.175175      3.281988      3.281988      6.563975
     -0.165165      2.020645      2.020645      4.041290
     -0.155155      1.148233      1.148233      2.296465
     -0.145145      0.602222      0.602222      1.204444
     -0.135135      0.291521      0.291521      0.583042
     -0.125125      0.130248      0.130248      0.260496
     -0.115115      0.053710      0.053710      0.107421
     -0.105105      0.020442      0.020442      0.040885
     -0.095095      0.007181      0.007181      0.014362
     -0.085085      0.002328      0.002328      0.004657
     -0.075075      0.000697      0.000697      0.001393
     -0.065065      0.000192      0.000192      0.000385
     -0.055055      0.000049      0.000049      0.000098
     -0.045045      0.000012      0.000012      0.000023
     -0.035035      0.000003      0.000003      0.000005
     -0.025025      0.000001      0.000001      0.000001
     -0.015015      0.000000      0.000000      0.000000
     -0.005005      0.000000      0.000000      0.000000
      0.005005      0.000000      0.000000      0.000000
      0.015015      0.000000      0.000000      0.000000
      0.025025      0.000001      0.000001      0.000001
      0.035035      0.000003      0.000003      0.000005
      0.045045      0.000012      0.000012      0.000023
      0.055055      0.000049      0.000049      0.000098
      0.065065      0.000192      0.000192      0.000385
      0.075075      0.000697      0.000697      0.001393
      0.085085      0.002328      0.002328      0.004657
      0.095095      0.007181      0.007181      0.014362
      0.105105      0.020442      0.020442      0.040885
      0.115115      0.053710      0.053710      0.107421
      0.125125      0.130248      0.130248      0.260496
      0.135135      0.291521      0.291521      0.583042
      0.145145      0.602222      0.602222      1.204444
      0.155155      1.148233      1.148233      2.296465
      0.165165      2.020645      2.020645      4.041290
      0.175175      3.281988      3.281988      6.563975
      0.185185      4.920064      4.920064      9.840128
      0.195195      6.807559      6.807559     13.615118
      0.205205      8.693585      8.693585     17.387171
      0.215215     10.246918     10.246918     20.493837
      0.225225     11.147423     11.147423     22.294846
      0.235235     11.192898     11.192898     22.385796
      0.245245     10.372835     10.372835     20.745669
      0.255255      8.872361      8.872361     17.744723
      0.265265      7.004350      7.004350     14.008700
      0.275275      5.103678      5.103678     10.207357
      0.285285      3.432303      3.432303      6.864606
      0.295295      2.130467      2.130467      4.260933
      0.305305      1.220536      1.220536      2.441073
      0.315315      0.645377      0.645377      1.290754
      0.325325      0.314966      0.314966      0.629932
      0.335335      0.141873      0.141873      0.283746
      0.345345      0.058983      0.058983      0.117965
      0.355355      0.022633      0.022633      0.045265
      0.365365      0.008016      0.008016      0.016031
      0.375375      0.002621      0.002621      0.005241
      0.385385      0.000793      0.000793      0.001586
      0.395395      0.000232      0.000232      0.000464
      0.405405      0.000108      0.000108      0.000216
      0.415415      0.000214      0.000214      0.000428
      0.425425      0.000727      0.000727      0.001454
      0.435435      0.002414      0.002414      0.004828
      0.445445      0.007425      0.007425      0.014850
      0.455455      0.021084      0.021084      0.042168
      0.465465      0.055259      0.055259      0.110519
      0.475475      0.133674      0.133674      0.267349
      0.485485      0.298454      0.298454      0.596908
      0.495495      0.615026      0.615026      1.230051
      0.505506      1.169758      1.169758      2.339516
      0.515516      2.053458      2.053458      4.106915
      0.525526      3.327073      3.327073      6.654145
      0.535536      4.975373      4.975373      9.950747
      0.545546      6.867141      6.867141     13.734281
      0.555556      8.748090      8.748090     17.496179
      0.565566     10.285797     10.285797     20.571593
      0.575576     11.162248     11.162248     22.324496
      0.585586     11.180479     11.180479     22.360958
      0.595596     10.336812     10.336812     20.673625
      0.605606      8.822963      8.822963     17.645926
      0.615616      6.957592      6.957592     13.915183
      0.625626      5.082711      5.082711     10.165422
      0.635636      3.474141      3.474141      6.948283
      0.645646      2.300539      2.300539      4.601079
      0.655656      1.634897      1.634897      3.269794
      0.665666      1.495592      1.495592      2.991184
      0.675676      1.884091      1.884091      3.768181
      0.685686      2.794368      2.794368      5.588735
      0.695696      4.188284      4.188284      8.376569
      0.705706      5.952812      5.952812     11.905624
      0.715716      7.870059      7.870059     15.740118
      0.725726      9.631239      9.631239     19.262478
      0.735736     10.907017     10.907017     21.814035
      0.745746     11.455307     11.455307     22.910613
      0.755756     11.220733     11.220733     22.441467
      0.765766     10.375722     10.375722     20.751444
      0.775776      9.276846      9.276846     18.553693
      0.785786      8.348680      8.348680     16.697361
      0.795796      7.939063      7.939063     15.878126
      0.805806      8.199689      8.199689     16.399378
      0.815816      9.034147      9.034147     18.068293
      0.825826     10.130924     10.130924     20.261847
      0.835836     11.070310     11.070310     22.140620
      0.845846     11.467926     11.467926     22.935851
      0.855856     11.101959     11.101959     22.203919
      0.865866      9.975641      9.975641     19.951282
      0.875876      8.293848      8.293848     16.587696
      0.885886      6.371474      6.371474     12.742947
      0.895896      4.519846      4.519846      9.039691
      0.905906      2.959984      2.959984      5.919968
      0.915916      1.789337      1.789337      3.578674
      0.925926      0.998531      0.998531      1.997061
      0.935936      0.514822      0.514822      1.029644
      0.945946      0.246695      0.246695      0.493390
      0.955956      0.114369      0.114369      0.228739
      0.965966      0.063803      0.063803      0.127606
      0.975976      0.069825      0.069825      0.139649
      0.985986      0.135640      0.135640      0.271280
      0.995996      0.293034      0.293034      0.586067
      1.006006      0.602760      0.602760      1.205519
      1.016016      1.150086      1.150086      2.300173
      1.026026      2.028450      2.028450      4.056901
      1.036036      3.307308      3.307308      6.614615
      1.046046      4.989725      4.989725      9.979450
      1.056056      6.977771      6.977771     13.955543
      1.066066      9.070546      9.070546     18.141093
      1.076076     11.010980     11.010980     22.021960
      1.086086     12.571966     12.571966     25.143932
      1.096096     13.643174     13.643174     27.286348
      1.106106     14.269387     14.269387     28.538774
      1.116116     14.613624     14.613624     29.227248
      1.126126     14.863925     14.863925     29.727850
      1.136136     15.140179     15.140179     30.280359
      1.146146     15.456909     15.456909     30.913818
      1.156156     15.757107     15.757107     31.514213
      1.166166     15.981559     15.981559     31.963118
      1.176176     16.117213     16.117213     32.234426
      1.186186     16.192870     16.192870     32.385740
      1.196196     16.238135     16.238135     32.476271
      1.206206     16.250554     16.250554     32.501108
      1.216216     16.202070     16.202070     32.404139
      1.226226     16.074066     16.074066     32.148131
      1.236236     15.880204     15.880204     31.760408
      1.246246     15.646526     15.646526     31.293053
      1.256256     15.359819     15.359819     30.719638
      1.266266     14.930032     14.930032     29.860063
      1.276276     14.208314     14.208314     28.416628
      1.286286     13.061346     13.061346     26.122692
      1.296296     11.459211     11.459211     22.918422
      1.306306      9.523261      9.523261     19.046522
      1.316316      7.508786      7.508786     15.017572
      1.326326      5.739853      5.739853     11.479705
      1.336336      4.537209      4.537209      9.074418
      1.346346      4.170517      4.170517      8.341034
      1.356356      4.836241      4.836241      9.672483
      1.366366      6.639052      6.639052     13.278105
      1.376376      9.556380      9.556380     19.112759
      1.386386     13.390921     13.390921     26.781841
      1.396396     17.743773     17.743773     35.487546
      1.406406     22.047026     22.047026     44.094052
      1.416416     25.669038     25.669038     51.338075
      1.426426     28.062706     28.062706     56.125412
      1.436436     28.897171     28.897171     57.794341
      1.446446     28.119762     28.119762     56.239524
      1.456456     25.933448     25.933448     51.866896
      1.466466     22.716928     22.716928     45.433857
      1.476476     18.931548     18.931548     37.863096
      1.486486     15.046469     15.046469     30.092937
      1.496496     11.489323     11.489323     22.978645
      1.506507      8.614547      8.614547     17.229094
      1.516517      6.680923      6.680923     13.361846
      1.526527      5.835134      5.835134     11.670269
      1.536537      6.101250      6.101250     12.202500
      1.546547      7.377347      7.377347     14.754693
      1.556557      9.443534      9.443534     18.887067
      1.566567     11.988907     11.988907     23.977813
      1.576577     14.662238     14.662238     29.324476
      1.586587     17.140433     17.140433     34.280866
      1.596597     19.196805     19.196805     38.393610
      1.606607     20.747882     20.747882     41.495765
      1.616617     21.865137     21.865137     43.730275
      1.626627     22.749304     22.749304     45.498609
      1.636637     23.672021     23.672021     47.344041
      1.646647     24.893171     24.893171     49.786342
      1.656657     26.569424     26.569424     53.138848
      1.666667     28.681558     28.681558     57.363116
      1.676677     31.015344     31.015344     62.030689
      1.686687     33.219089     33.219089     66.438179
      1.696697     34.927177     34.927177     69.854354
      1.706707     35.898211     35.898211     71.796421
      1.716717     36.095964     36.095964     72.191929
      1.726727     35.663011     35.663011     71.326023
      1.736737     34.797476     34.797476     69.594953
      1.746747     33.608584     33.608584     67.217168
      1.756757     32.049434     32.049434     64.098867
      1.766767     29.981308     29.981308     59.962615
      1.776777     27.336474     27.336474     54.672948
      1.786787     24.275377     24.275377     48.550754
      1.796797     21.230003     21.230003     42.460005
      1.806807     18.790397     18.790397     37.580794
      1.816817     17.480934     17.480934     34.961868
      1.826827     17.532087     17.532087     35.064174
      1.836837     18.755054     18.755054     37.510108
      1.846847     20.578993     20.578993     41.157985
      1.856857     22.241130     22.241130     44.482260
      1.866867     23.056584     23.056584     46.113169
      1.876877     22.660119     22.660119     45.320238
      1.886887     21.121253     21.121253     42.242507
      1.896897     18.887344     18.887344     37.774688
      1.906907     16.585012     16.585012     33.170025
      1.916917     14.772496     14.772496     29.544993
      1.926927     13.753046     13.753046     27.506092
      1.936937     13.524721     13.524721     27.049442
      1.946947     13.873429     13.873429     27.746857
      1.956957     14.546956     14.546956     29.093911
      1.966967     15.410436     15.410436     30.820871
      1.976977     16.496786     16.496786     32.993572
      1.986987     17.925613     17.925613     35.851227
      1.996997     19.742386     19.742386     39.484772
      2.007007     21.782628     21.782628     43.565257
      2.017017     23.657928     23.657928     47.315857
      2.027027     24.889752     24.889752     49.779504
      2.037037     25.123395     25.123395     50.246790
      2.047047     24.298187     24.298187     48.596373
      2.057057     22.671454     22.671454     45.342909
      2.067067     20.681739     20.681739     41.363478
      2.077077     18.733965     18.733965     37.467931
      2.087087     17.031941     17.031941     34.063883
      2.097097     15.546672     15.546672     31.093344
      2.107107     14.121999     14.121999     28.243998
      2.117117     12.641321     12.641321     25.282641
      2.127127     11.156324     11.156324     22.312648
      2.137137      9.914588      9.914588     19.829177
      2.147147      9.284650      9.284650     18.569300
      2.157157      9.624257      9.624257     19.248515
      2.167167     11.149870     11.149870     22.299741
      2.177177     13.849478     13.849478     27.698956
      2.187187     17.456042     17.456042     34.912084
      2.197197     21.480314     21.480314     42.960629
      2.207207     25.292698     25.292698     50.585395
      2.217217     28.239548     28.239548     56.479096
      2.227227     29.774541     29.774541     59.549082
      2.237237     29.578791     29.578791     59.157583
      2.247247     27.638065     27.638065     55.276130
      2.257257     24.249043     24.249043     48.498087
      2.267267     19.944937     19.944937     39.889874
      2.277277     15.360428     15.360428     30.720857
      2.287287     11.082653     11.082653     22.165306
      2.297297      7.541890      7.541890     15.083779
      2.307307      4.976609      4.976609      9.953217
      2.317317      3.472627      3.472627      6.945255
      2.327327      3.044475      3.044475      6.088950
      2.337337      3.713299      3.713299      7.426599
      2.347347      5.542434      5.542434     11.084869
      2.357357      8.612206      8.612206     17.224412
      2.367367     12.940582     12.940582     25.881164
      2.377377     18.378948     18.378948     36.757896
      2.387387     24.527324     24.527324     49.054647
      2.397397     30.715497     30.715497     61.430993
      2.407407     36.081147     36.081147     72.162293
      2.417417     39.743037     39.743037     79.486074
      2.427427     41.025419     41.025419     82.050837
      2.437437     39.657044     39.657044     79.314089
      2.447447     35.864934     35.864934     71.729868
      2.457457     30.318599     30.318599     60.637198
      2.467467     23.942406     23.942406     47.884813
      2.477477     17.670801     17.670801     35.341602
      2.487487     12.241466     12.241466     24.482933
      2.497497      8.094773      8.094773     16.189547
      2.507508      5.391777      5.391777     10.783554
      2.517518      4.110244      4.110244      8.220488
      2.527528      4.154356      4.154356      8.308713
      2.537538      5.424056      5.424056     10.848113
      2.547548      7.821924      7.821924     15.643848
      2.557558     11.210117     11.210117     22.420233
      2.567568     15.352520     15.352520     30.705040
      2.577578     19.881540     19.881540     39.763081
      2.587588     24.316516     24.316516     48.633031
      2.597598     28.138425     28.138425     56.276850
      2.607608     30.901907     30.901907     61.803813
      2.617618     32.348076     32.348076     64.696151
      2.627628     32.476392     32.476392     64.952784
      2.637638     31.545207     31.545207     63.090413
      2.647648     29.997999     29.997999     59.995998
      2.657658     28.345055     28.345055     56.690110
      2.667668     27.049777     27.049777     54.099554
      2.677678     26.460530     26.460530     52.921059
      2.687688     26.796932     26.796932     53.593864
      2.697698     28.165895     28.165895     56.331790
      2.707708     30.570751     30.570751     61.141502
      2.717718     33.892476     33.892476     67.784951
      2.727728     37.851803     37.851803     75.703606
      2.737738     41.985558     41.985558     83.971116
      2.747748     45.676737     45.676737     91.353474
      2.757758     48.261557     48.261557     96.523113
      2.767768     49.200557     49.200557     98.401114
      2.777778     48.257621     48.257621     96.515241
      2.787788     45.604882     45.604882     91.209764
      2.797798     41.787853     41.787853     83.575706
      2.807808     37.546418     37.546418     75.092836
      2.817818     33.562630     33.562630     67.125261
      2.827828     30.247832     30.247832     60.495664
      2.837838     27.661128     27.661128     55.322255
      2.847848     25.582015     25.582015     51.164031
      2.857858     23.685504     23.685504     47.371008
      2.867868     21.728645     21.728645     43.457291
      2.877878     19.665666     19.665666     39.331332
      2.887888     17.651078     17.651078     35.302155
      2.897898     15.942868     15.942868     31.885735
      2.907908     14.760927     14.760927     29.521854
      2.917918     14.174343     14.174343     28.348685
      2.927928     14.076163     14.076163     28.152326
      2.937938     14.258589     14.258589     28.517177
      2.947948     14.545149     14.545149     29.090298
      2.957958     14.900487     14.900487     29.800974
      2.967968     15.447149     15.447149     30.894299
      2.977978     16.371117     16.371117     32.742234
      2.987988     17.764626     17.764626     35.529251
      2.997998     19.495908     19.495908     38.991816
      3.008008     21.185322     21.185322     42.370645
      3.018018     22.311195     22.311195     44.622391
      3.028028     22.399044     22.399044     44.798087
      3.038038     21.204216     21.204216     42.408433
      3.048048     18.803506     18.803506     37.607011
      3.058058     15.560084     15.560084     31.120168
      3.068068     11.988548     11.988548     23.977096
      3.078078      8.588316      8.588316     17.176633
      3.088088      5.715548      5.715548     11.431095
      3.098098      3.532192      3.532192      7.064385
      3.108108      2.029231      2.029231      4.058462
      3.118118      1.092881      1.092881      2.185762
      3.128128      0.577506      0.577506      1.155012
      3.138138      0.361475      0.361475      0.722951
      3.148148      0.379190      0.379190      0.758380
      3.158158      0.633251      0.633251      1.266503
      3.168168      1.191957      1.191957      2.383914
      3.178178      2.172472      2.172472      4.344944
      3.188188      3.705839      3.705839      7.411677
      3.198198      5.882216      5.882216     11.764432
      3.208208      8.684972      8.684972     17.369943
      3.218218     11.935727     11.935727     23.871454
      3.228228     15.279790     15.279790     30.559581
      3.238238     18.233819     18.233819     36.467639
      3.248248     20.294056     20.294056     40.588112
      3.258258     21.073913     21.073913     42.147827
      3.268268     20.420331     20.420331     40.840662
      3.278278     18.461844     18.461844     36.923688
      3.288288     15.568186     15.568186     31.136373
      3.298298     12.238471     12.238471     24.476942
      3.308308      8.963540      8.963540     17.927080
      3.318318      6.113981      6.113981     12.227962
      3.328328      3.887738      3.887738      7.775477
      3.338338      2.321969      2.321969      4.643937
      3.348348      1.348886      1.348886      2.697773
      3.358358      0.865195      0.865195      1.730390
      3.368368      0.788938      0.788938      1.577876
      3.378378      1.088662      1.088662      2.177324
      3.388388      1.780036      1.780036      3.560072
      3.398398      2.892649      2.892649      5.785299
      3.408408      4.417290      4.417290      8.834580
      3.418418      6.253564      6.253564     12.507129
      3.428428      8.185249      8.185249     16.370498
      3.438438      9.907453      9.907453     19.814907
      3.448448     11.109829     11.109829     22.219657
      3.458458     11.589597     11.589597     23.179194
      3.468468     11.344547     11.344547     22.689093
      3.478478     10.597085     10.597085     21.194169
      3.488488      9.729469      9.729469     19.458937
      3.498498      9.152460      9.152460     18.304919
      3.508509      9.161649      9.161649     18.323298
      3.518519      9.841388      9.841388     19.682775
      3.528529     11.054379     11.054379     22.108758
      3.538539     12.516447     12.516447     25.032894
      3.548549     13.917498     13.917498     27.834997
      3.558559     15.028898     15.028898     30.057796
      3.568569     15.747102     15.747102     31.494204
      3.578579     16.061934     16.061934     32.123867
      3.588589     15.984208     15.984208     31.968416
      3.598599     15.490717     15.490717     30.981434
      3.608609     14.527132     14.527132     29.054264
      3.618619     13.063522     13.063522     26.127044
      3.628629     11.157607     11.157607     22.315215
      3.638639      8.976774      8.976774     17.953548
      3.648649      6.761377      6.761377     13.522754
      3.658659      4.752165      4.752165      9.504330
      3.668669      3.124412      3.124412      6.248823
      3.678679      1.961055      1.961055      3.922110
      3.688689      1.269944      1.269944      2.539888
      3.698699      1.026447      1.026447      2.052895
      3.708709      1.213875      1.213875      2.427751
      3.718719      1.839590      1.839590      3.679181
      3.728729      2.917712      2.917712      5.835423
      3.738739      4.424735      4.424735      8.849470
      3.748749      6.248955      6.248955     12.497910
      3.758759      8.163446      8.163446     16.326892
      3.768769      9.848305      9.848305     19.696610
      3.778779     10.967150     10.967150     21.934300
      3.788789     11.272675     11.272675     22.545350
      3.798799     10.694255     10.694255     21.388509
      3.808809      9.364012      9.364012     18.728025
      3.818819      7.567661      7.567661     15.135323
      3.828829      5.644881      5.644881     11.289763
      3.838839      3.886601      3.886601      7.773201
      3.848849      2.470933      2.470933      4.941867
      3.858859      1.453304      1.453304      2.906609
      3.868869      0.798850      0.798850      1.597700
      3.878879      0.431923      0.431923      0.863847
      3.888889      0.280762      0.280762      0.561524
      3.898899      0.306764      0.306764      0.613528
      3.908909      0.517353      0.517353      1.034706
      3.918919      0.964249      0.964249      1.928498
      3.928929      1.727134      1.727134      3.454267
      3.938939      2.881852      2.881852      5.763704
      3.948949      4.457419      4.457419      8.914839
      3.958959      6.396892      6.396892     12.793784
      3.968969      8.546187      8.546187     17.092374
      3.978979     10.691236     10.691236     21.382471
      3.988989     12.641654     12.641654     25.283307
      3.998999     14.326790     14.326790     28.653579
      4.009009     15.849037     15.849037     31.698074
      4.019019     17.450170     17.450170     34.900340
      4.029029     19.390343     19.390343     38.780686
      4.039039     21.792107     21.792107     43.584213
      4.049049     24.528671     24.528671     49.057342
      4.059059     27.217319     27.217319     54.434638
      4.069069     29.326247     29.326247     58.652495
      4.079079     30.348945     30.348945     60.697890
      4.089089     29.974538     29.974538     59.949075
      4.099099     28.193038     28.193038     56.386077
      4.109109     25.306601     25.306601     50.613202
      4.119119     21.851093     21.851093     43.702187
      4.129129     18.455175     18.455175     36.910350
      4.139139     15.676993     15.676993     31.353986
      4.149149     13.864757     13.864757     27.729514
      4.159159     13.084867     13.084867     26.169733
      4.169169     13.143893     13.143893     26.287786
      4.179179     13.697336     13.697336     27.394672
      4.189189     14.399950     14.399950     28.799900
      4.199199     15.030719     15.030719     30.061438
      4.209209     15.537826     15.537826     31.075652
      4.219219     15.993004     15.993004     31.986009
      4.229229     16.494829     16.494829     32.989657
      4.239239     17.083660     17.083660     34.167319
      4.249249     17.712450     17.712450     35.424901
      4.259259     18.274414     18.274414     36.548827
      4.269269     18.655193     18.655193     37.310387
      4.279279     18.775608     18.775608     37.551216
      4.289289     18.612767     18.612767     37.225534
      4.299299     18.205624     18.205624     36.411247
      4.309309     17.650058     17.650058     35.300116
      4.319319     17.078382     17.078382     34.156764
      4.329329     16.619967     16.619967     33.239934
      4.339339     16.358342     16.358342     32.716684
      4.349349     16.315468     16.315468     32.630936
      4.359359     16.482042     16.482042     32.964084
      4.369369     16.874633     16.874633     33.749266
      4.379379     17.567265     17.567265     35.134531
      4.389389     18.651623     18.651623     37.303247
      4.399399     20.130806     20.130806     40.261612
      4.409409     21.811649     21.811649     43.623297
      4.419419     23.281229     23.281229     46.562458
      4.429429     24.011480     24.011480     48.022960
      4.439439     23.555949     23.555949     47.111898
      4.449449     21.739586     21.739586     43.479172
      4.459459     18.740828     18.740828     37.481656
      4.469469     15.026165     15.026165     30.052330
      4.479479     11.178524     11.178524     22.357048
      4.489489      7.709829      7.709829     15.419657
      4.499499      4.940332      4.940332      9.880664
      4.509510      2.978403      2.978403      5.956807
      4.519520      1.781610      1.781610      3.563221
      4.529530      1.251954      1.251954      2.503908
      4.539540      1.319691      1.319691      2.639383
      4.549550      1.987454      1.987454      3.974908
      4.559560      3.324182      3.324182      6.648364
      4.569570      5.411641      5.411641     10.823282
      4.579580      8.259000      8.259000     16.518001
      4.589590     11.716491     11.716491     23.432983
      4.599600     15.431724     15.431724     30.863448
      4.609610     18.888424     18.888424     37.776848
      4.619620     21.537563     21.537563     43.075126
      4.629630     22.982774     22.982774     45.965549
      4.639640     23.141922     23.141922     46.283845
      4.649650     22.304105     22.304105     44.608211
      4.659660     21.045433     21.045433     42.090866
      4.669670     20.035128     20.035128     40.070256
      4.679680     19.814862     19.814862     39.629723
      4.689690     20.638319     20.638319     41.276638
      4.699700     22.417347     22.417347     44.834695
      4.709710     24.767987     24.767987     49.535974
      4.719720     27.119231     27.119231     54.238461
      4.729730     28.849662     28.849662     57.699323
      4.739740     29.432816     29.432816     58.865631
      4.749750     28.575098     28.575098     57.150196
      4.759760     26.315396     26.315396     52.630792
      4.769770     23.044401     23.044401     46.088801
      4.779780     19.418392     19.418392     38.836784
      4.789790     16.186609     16.186609     32.373218
      4.799800     13.995685     13.995685     27.991370
      4.809810     13.247188     13.247188     26.494376
      4.819820     14.055270     14.055270     28.110540
      4.829830     16.298370     16.298370     32.596741
      4.839840     19.712870     19.712870     39.425740
      4.849850     23.963877     23.963877     47.927753
      4.859860     28.657515     28.657515     57.315030
      4.869870     33.314396     33.314396     66.628792
      4.879880     37.367836     37.367836     74.735671
      4.889890     40.244952     40.244952     80.489905
      4.899900     41.527603     41.527603     83.055206
      4.909910     41.114313     41.114313     82.228626
      4.919920     39.276543     39.276543     78.553086
      4.929930     36.554055     36.554055     73.108110
      4.939940     33.532561     33.532561     67.065121
      4.949950     30.620279     30.620279     61.240558
      4.959960     27.936448     27.936448     55.872897
      4.969970     25.352465     25.352465     50.704929
      4.979980     22.640106     22.640106     45.280211
      4.989990     19.635441     19.635441     39.270881
      5.000000     16.338417     16.338417     32.676833
