# EIG2DOS: Utility for SIESTA to obtain the electronic density of states
#  E. Artacho, Apr 1999, A. Garcia, Apr 2012
#  Nick R. Papior, Feb 2017
# ------------------------------------------
# Eigenvalues calculated from a non-polarized calculation
# Eigenvalues read from siesta.EIG
# Kpoint weights read from siesta.KP
# Using smearing parameter:   0.0500
# Using 1000 points in the energy range
# Selected bands: 1 to: 2981
# Emin, Emax in file for selected band(s):    -27.1076746    218.3312160
# Nbands, Nspin, Nk   =   2981     1     1
# E_F                 =    -4.2759 eV --> (shifted to ZERO)
# Broadening          =     0.0500 eV
#
#        E            N(up)  (=)   N(down)         Ntot
     -5.000000     43.164738     43.164738     86.329477
     -4.989990     44.574648     44.574648     89.149296
     -4.979980     45.319795     45.319795     90.639591
     -4.969970     45.288865     45.288865     90.577730
     -4.959960     44.374973     44.374973     88.749946
     -4.949950     42.555640     42.555640     85.111279
     -4.939940     39.956362     39.956362     79.912724
     -4.929930     36.877877     36.877877     73.755754
     -4.919920     33.788060     33.788060     67.576119
     -4.909910     31.284647     31.284647     62.569293
     -4.899900     30.023146     30.023146     60.046293
     -4.889890     30.592517     30.592517     61.185034
     -4.879880     33.333495     33.333495     66.666991
     -4.869870     38.139293     38.139293     76.278587
     -4.859860     44.331145     44.331145     88.662291
     -4.849850     50.713806     50.713806    101.427611
     -4.839840     55.854894     55.854894    111.709788
     -4.829830     58.515114     58.515114    117.030228
     -4.819820     58.054153     58.054153    116.108306
     -4.809810     54.625271     54.625271    109.250543
     -4.799800     49.070518     49.070518     98.141036
     -4.789790     42.580468     42.580468     85.160937
     -4.779780     36.290812     36.290812     72.581624
     -4.769770     30.989934     30.989934     61.979867
     -4.759760     27.021119     27.021119     54.042238
     -4.749750     24.352403     24.352403     48.704806
     -4.739740     22.724865     22.724865     45.449729
     -4.729730     21.794454     21.794454     43.588908
     -4.719720     21.224379     21.224379     42.448758
     -4.709710     20.726507     20.726507     41.453015
     -4.699700     20.072964     20.072964     40.145929
     -4.689690     19.104382     19.104382     38.208763
     -4.679680     17.754097     17.754097     35.508194
     -4.669670     16.090769     16.090769     32.181538
     -4.659660     14.361047     14.361047     28.722095
     -4.649650     13.000681     13.000681     26.001362
     -4.639640     12.585810     12.585810     25.171621
     -4.629630     13.714895     13.714895     27.429790
     -4.619620     16.836925     16.836925     33.673849
     -4.609610     22.066184     22.066184     44.132367
     -4.599600     29.044153     29.044153     58.088306
     -4.589590     36.917182     36.917182     73.834365
     -4.579580     44.479298     44.479298     88.958596
     -4.569570     50.473897     50.473897    100.947794
     -4.559560     53.971353     53.971353    107.942707
     -4.549550     54.682654     54.682654    109.365307
     -4.539540     53.073563     53.073563    106.147125
     -4.529530     50.218372     50.218372    100.436743
     -4.519520     47.442130     47.442130     94.884260
     -4.509510     45.887810     45.887810     91.775621
     -4.499499     46.167241     46.167241     92.334482
     -4.489489     48.207932     48.207932     96.415865
     -4.479479     51.323844     51.323844    102.647688
     -4.469469     54.459494     54.459494    108.918988
     -4.459459     56.512568     56.512568    113.025137
     -4.449449     56.635349     56.635349    113.270698
     -4.439439     54.438745     54.438745    108.877489
     -4.429429     50.060302     50.060302    100.120603
     -4.419419     44.098365     44.098365     88.196730
     -4.409409     37.448489     37.448489     74.896977
     -4.399399     31.095556     31.095556     62.191112
     -4.389389     25.912274     25.912274     51.824547
     -4.379379     22.499596     22.499596     44.999191
     -4.369369     21.090697     21.090697     42.181394
     -4.359359     21.533412     21.533412     43.066823
     -4.349349     23.359443     23.359443     46.718886
     -4.339339     25.931188     25.931188     51.862376
     -4.329329     28.629169     28.629169     57.258337
     -4.319319     31.020817     31.020817     62.041635
     -4.309309     32.953237     32.953237     65.906474
     -4.299299     34.541940     34.541940     69.083879
     -4.289289     36.067957     36.067957     72.135914
     -4.279279     37.824665     37.824665     75.649330
     -4.269269     39.963714     39.963714     79.927428
     -4.259259     42.384809     42.384809     84.769619
     -4.249249     44.707592     44.707592     89.415183
     -4.239239     46.352500     46.352500     92.704999
     -4.229229     46.727049     46.727049     93.454098
     -4.219219     45.462139     45.462139     90.924278
     -4.209209     42.596749     42.596749     85.193498
     -4.199199     38.610589     38.610589     77.221178
     -4.189189     34.270709     34.270709     68.541418
     -4.179179     30.357449     30.357449     60.714899
     -4.169169     27.403047     27.403047     54.806095
     -4.159159     25.566402     25.566402     51.132803
     -4.149149     24.688228     24.688228     49.376456
     -4.139139     24.475084     24.475084     48.950168
     -4.129129     24.703360     24.703360     49.406721
     -4.119119     25.336971     25.336971     50.673942
     -4.109109     26.502708     26.502708     53.005416
     -4.099099     28.338362     28.338362     56.676724
     -4.089089     30.794390     30.794390     61.588780
     -4.079079     33.504012     33.504012     67.008025
     -4.069069     35.815917     35.815917     71.631833
     -4.059059     37.004878     37.004878     74.009757
     -4.049049     36.572743     36.572743     73.145486
     -4.039039     34.487745     34.487745     68.975491
     -4.029029     31.232912     31.232912     62.465825
     -4.019019     27.637535     27.637535     55.275071
     -4.009009     24.584647     24.584647     49.169294
     -3.998999     22.744973     22.744973     45.489947
     -3.988989     22.451179     22.451179     44.902358
     -3.978979     23.728843     23.728843     47.457685
     -3.968969     26.413358     26.413358     52.826715
     -3.958959     30.259166     30.259166     60.518331
     -3.948949     34.991128     34.991128     69.982256
     -3.938939     40.311968     40.311968     80.623936
     -3.928929     45.911800     45.911800     91.823601
     -3.918919     51.506276     51.506276    103.012551
     -3.908909     56.883658     56.883658    113.767316
     -3.898899     61.912891     61.912891    123.825783
     -3.888889     66.481443     66.481443    132.962887
     -3.878879     70.383158     70.383158    140.766315
     -3.868869     73.225184     73.225184    146.450369
     -3.858859     74.432721     74.432721    148.865443
     -3.848849     73.388786     73.388786    146.777573
     -3.838839     69.673045     69.673045    139.346089
     -3.828829     63.299243     63.299243    126.598486
     -3.818819     54.834297     54.834297    109.668594
     -3.808809     45.327585     45.327585     90.655170
     -3.798799     36.064192     36.064192     72.128384
     -3.788789     28.233958     28.233958     56.467916
     -3.778779     22.638233     22.638233     45.276466
     -3.768769     19.528838     19.528838     39.057676
     -3.758759     18.612956     18.612956     37.225912
     -3.748749     19.199198     19.199198     38.398396
     -3.738739     20.426639     20.426639     40.853278
     -3.728729     21.511402     21.511402     43.022804
     -3.718719     21.953274     21.953274     43.906548
     -3.708709     21.657810     21.657810     43.315621
     -3.698699     20.945033     20.945033     41.890066
     -3.688689     20.437019     20.437019     40.874038
     -3.678679     20.845722     20.845722     41.691444
     -3.668669     22.715739     22.715739     45.431478
     -3.658659     26.202993     26.202993     52.405987
     -3.648649     30.972555     30.972555     61.945110
     -3.638639     36.264726     36.264726     72.529453
     -3.628629     41.113330     41.113330     82.226660
     -3.618619     44.632516     44.632516     89.265031
     -3.608609     46.257660     46.257660     92.515321
     -3.598599     45.853889     45.853889     91.707778
     -3.588589     43.675850     43.675850     87.351700
     -3.578579     40.228815     40.228815     80.457631
     -3.568569     36.104506     36.104506     72.209012
     -3.558559     31.843477     31.843477     63.686953
     -3.548549     27.841174     27.841174     55.682349
     -3.538539     24.298339     24.298339     48.596678
     -3.528529     21.220337     21.220337     42.440675
     -3.518519     18.472112     18.472112     36.944223
     -3.508509     15.878663     15.878663     31.757325
     -3.498498     13.334386     13.334386     26.668773
     -3.488488     10.873161     10.873161     21.746323
     -3.478478      8.668895      8.668895     17.337789
     -3.468468      6.971624      6.971624     13.943247
     -3.458458      6.012104      6.012104     12.024208
     -3.448448      5.913131      5.913131     11.826263
     -3.438438      6.634263      6.634263     13.268526
     -3.428428      7.963354      7.963354     15.926708
     -3.418418      9.560420      9.560420     19.120841
     -3.408408     11.050727     11.050727     22.101454
     -3.398398     12.147011     12.147011     24.294021
     -3.388388     12.760100     12.760100     25.520200
     -3.378378     13.049684     13.049684     26.099368
     -3.368368     13.385855     13.385855     26.771710
     -3.358358     14.231362     14.231362     28.462723
     -3.348348     15.990041     15.990041     31.980082
     -3.338338     18.875351     18.875351     37.750703
     -3.328328     22.832039     22.832039     45.664078
     -3.318318     27.515191     27.515191     55.030381
     -3.308308     32.319312     32.319312     64.638624
     -3.298298     36.459805     36.459805     72.919611
     -3.288288     39.117709     39.117709     78.235417
     -3.278278     39.639733     39.639733     79.279466
     -3.268268     37.741009     37.741009     75.482017
     -3.258258     33.623716     33.623716     67.247432
     -3.248248     27.941107     27.941107     55.882215
     -3.238238     21.606509     21.606509     43.213018
     -3.228228     15.527402     15.527402     31.054804
     -3.218218     10.380070     10.380070     20.760140
     -3.208208      6.508920      6.508920     13.017841
     -3.198198      3.963099      3.963099      7.926199
     -3.188188      2.619837      2.619837      5.239674
     -3.178178      2.321028      2.321028      4.642057
     -3.168168      2.965959      2.965959      5.931917
     -3.158158      4.537234      4.537234      9.074469
     -3.148148      7.067878      7.067878     14.135756
     -3.138138     10.575667     10.575667     21.151334
     -3.128128     14.995789     14.995789     29.991578
     -3.118118     20.137409     20.137409     40.274818
     -3.108108     25.677674     25.677674     51.355348
     -3.098098     31.193518     31.193518     62.387036
     -3.088088     36.222505     36.222505     72.445009
     -3.078078     40.339297     40.339297     80.678595
     -3.068068     43.230098     43.230098     86.460196
     -3.058058     44.742129     44.742129     89.484257
     -3.048048     44.886116     44.886116     89.772233
     -3.038038     43.786682     43.786682     87.573364
     -3.028028     41.605976     41.605976     83.211952
     -3.018018     38.488821     38.488821     76.977643
     -3.008008     34.569136     34.569136     69.138271
     -2.997998     30.036260     30.036260     60.072520
     -2.987988     25.214536     25.214536     50.429072
     -2.977978     20.595474     20.595474     41.190947
     -2.967968     16.789311     16.789311     33.578622
     -2.957958     14.408358     14.408358     28.816716
     -2.947948     13.924761     13.924761     27.849522
     -2.937938     15.546438     15.546438     31.092876
     -2.927928     19.139680     19.139680     38.279360
     -2.917918     24.215017     24.215017     48.430035
     -2.907908     29.989151     29.989151     59.978303
     -2.897898     35.527809     35.527809     71.055617
     -2.887888     39.950483     39.950483     79.900966
     -2.877878     42.643832     42.643832     85.287664
     -2.867868     43.408549     43.408549     86.817098
     -2.857858     42.476767     42.476767     84.953535
     -2.847848     40.385908     40.385908     80.771815
     -2.837838     37.758433     37.758433     75.516866
     -2.827828     35.081285     35.081285     70.162571
     -2.817818     32.578326     32.578326     65.156652
     -2.807808     30.222221     30.222221     60.444443
     -2.797798     27.862606     27.862606     55.725213
     -2.787788     25.391402     25.391402     50.782804
     -2.777778     22.853392     22.853392     45.706783
     -2.767768     20.446940     20.446940     40.893879
     -2.757758     18.425398     18.425398     36.850796
     -2.747748     16.967105     16.967105     33.934209
     -2.737738     16.097652     16.097652     32.195304
     -2.727728     15.712348     15.712348     31.424696
     -2.717718     15.680591     15.680591     31.361183
     -2.707708     15.958548     15.958548     31.917096
     -2.697698     16.628840     16.628840     33.257680
     -2.687688     17.833486     17.833486     35.666972
     -2.677678     19.639931     19.639931     39.279862
     -2.667668     21.930768     21.930768     43.861537
     -2.657658     24.398979     24.398979     48.797958
     -2.647648     26.664301     26.664301     53.328602
     -2.637638     28.445180     28.445180     56.890360
     -2.627628     29.680814     29.680814     59.361627
     -2.617618     30.528925     30.528925     61.057849
     -2.607608     31.246566     31.246566     62.493132
     -2.597598     32.034665     32.034665     64.069330
     -2.587588     32.939587     32.939587     65.879174
     -2.577578     33.852111     33.852111     67.704221
     -2.567568     34.572905     34.572905     69.145810
     -2.557558     34.882017     34.882017     69.764034
     -2.547548     34.576889     34.576889     69.153777
     -2.537538     33.494512     33.494512     66.989023
     -2.527528     31.555387     31.555387     63.110774
     -2.517518     28.838500     28.838500     57.677000
     -2.507508     25.646378     25.646378     51.292756
     -2.497497     22.497189     22.497189     44.994377
     -2.487487     20.011382     20.011382     40.022765
     -2.477477     18.723352     18.723352     37.446704
     -2.467467     18.899296     18.899296     37.798593
     -2.457457     20.447886     20.447886     40.895772
     -2.447447     22.968831     22.968831     45.937662
     -2.437437     25.920051     25.920051     51.840102
     -2.427427     28.828796     28.828796     57.657592
     -2.417417     31.450839     31.450839     62.901678
     -2.407407     33.804717     33.804717     67.609435
     -2.397397     36.065857     36.065857     72.131714
     -2.387387     38.372813     38.372813     76.745626
     -2.377377     40.643357     40.643357     81.286713
     -2.367367     42.498973     42.498973     84.997946
     -2.357357     43.349519     43.349519     86.699038
     -2.347347     42.614082     42.614082     85.228163
     -2.337337     39.984422     39.984422     79.968845
     -2.327327     35.610143     35.610143     71.220286
     -2.317317     30.117990     30.117990     60.235979
     -2.307307     24.456009     24.456009     48.912019
     -2.297297     19.632848     19.632848     39.265696
     -2.287287     16.459351     16.459351     32.918703
     -2.277277     15.379855     15.379855     30.759710
     -2.267267     16.426651     16.426651     32.853302
     -2.257257     19.279886     19.279886     38.559773
     -2.247247     23.389042     23.389042     46.778083
     -2.237237     28.109967     28.109967     56.219934
     -2.227227     32.820831     32.820831     65.641663
     -2.217217     36.993903     36.993903     73.987805
     -2.207207     40.218422     40.218422     80.436845
     -2.197197     42.191957     42.191957     84.383914
     -2.187187     42.713270     42.713270     85.426541
     -2.177177     41.704572     41.704572     83.409144
     -2.167167     39.261415     39.261415     78.522831
     -2.157157     35.691737     35.691737     71.383473
     -2.147147     31.491555     31.491555     62.983110
     -2.137137     27.232601     27.232601     54.465201
     -2.127127     23.394219     23.394219     46.788439
     -2.117117     20.218476     20.218476     40.436952
     -2.107107     17.665792     17.665792     35.331583
     -2.097097     15.494762     15.494762     30.989525
     -2.087087     13.419292     13.419292     26.838583
     -2.077077     11.256626     11.256626     22.513252
     -2.067067      8.995210      8.995210     17.990421
     -2.057057      6.765685      6.765685     13.531371
     -2.047047      4.752187      4.752187      9.504373
     -2.037037      3.102186      3.102186      6.204372
     -2.027027      1.877083      1.877083      3.754167
     -2.017017      1.052486      1.052486      2.104971
     -2.007007      0.550833      0.550833      1.101665
     -1.996997      0.281685      0.281685      0.563369
     -1.986987      0.172929      0.172929      0.345858
     -1.976977      0.188435      0.188435      0.376870
     -1.966967      0.335431      0.335431      0.670863
     -1.956957      0.665456      0.665456      1.330913
     -1.946947      1.268654      1.268654      2.537308
     -1.936937      2.257137      2.257137      4.514275
     -1.926927      3.733519      3.733519      7.467038
     -1.916917      5.747237      5.747237     11.494473
     -1.906907      8.251399      8.251399     16.502799
     -1.896897     11.079678     11.079678     22.159356
     -1.886887     13.959580     13.959580     27.919161
     -1.876877     16.564518     16.564518     33.129036
     -1.866867     18.590016     18.590016     37.180033
     -1.856857     19.829482     19.829482     39.658965
     -1.846847     20.226397     20.226397     40.452794
     -1.836837     19.888070     19.888070     39.776140
     -1.826827     19.054955     19.054955     38.109910
     -1.816817     18.029059     18.029059     36.058118
     -1.806807     17.079479     17.079479     34.158957
     -1.796797     16.359876     16.359876     32.719752
     -1.786787     15.877744     15.877744     31.755488
     -1.776777     15.534769     15.534769     31.069537
     -1.766767     15.216441     15.216441     30.432882
     -1.756757     14.874488     14.874488     29.748977
     -1.746747     14.547298     14.547298     29.094595
     -1.736737     14.305924     14.305924     28.611848
     -1.726727     14.168056     14.168056     28.336113
     -1.716717     14.048220     14.048220     28.096441
     -1.706707     13.788603     13.788603     27.577206
     -1.696697     13.257424     13.257424     26.514848
     -1.686687     12.451983     12.451983     24.903966
     -1.676677     11.536014     11.536014     23.072028
     -1.666667     10.779814     10.779814     21.559627
     -1.656657     10.430043     10.430043     20.860086
     -1.646647     10.577758     10.577758     21.155516
     -1.636637     11.095592     11.095592     22.191184
     -1.626627     11.679725     11.679725     23.359451
     -1.616617     11.980093     11.980093     23.960186
     -1.606607     11.760378     11.760378     23.520755
     -1.596597     11.017665     11.017665     22.035329
     -1.586587     10.013566     10.013566     20.027131
     -1.576577      9.209198      9.209198     18.418397
     -1.566567      9.132149      9.132149     18.264299
     -1.556557     10.218828     10.218828     20.437656
     -1.546547     12.672440     12.672440     25.344880
     -1.536537     16.368583     16.368583     32.737166
     -1.526527     20.835466     20.835466     41.670932
     -1.516517     25.327986     25.327986     50.655972
     -1.506507     28.992854     28.992854     57.985708
     -1.496496     31.086108     31.086108     62.172216
     -1.486486     31.173438     31.173438     62.346876
     -1.476476     29.241536     29.241536     58.483073
     -1.466466     25.682439     25.682439     51.364878
     -1.456456     21.165469     21.165469     42.330938
     -1.446446     16.453610     16.453610     32.907219
     -1.436436     12.231977     12.231977     24.463954
     -1.426426      8.995199      8.995199     17.990398
     -1.416416      7.004681      7.004681     14.009362
     -1.406406      6.297668      6.297668     12.595337
     -1.396396      6.721662      6.721662     13.443325
     -1.386386      7.979344      7.979344     15.958689
     -1.376376      9.686487      9.686487     19.372973
     -1.366366     11.450337     11.450337     22.900674
     -1.356356     12.961330     12.961330     25.922661
     -1.346346     14.068075     14.068075     28.136150
     -1.336336     14.797401     14.797401     29.594801
     -1.326326     15.302434     15.302434     30.604868
     -1.316316     15.762208     15.762208     31.524416
     -1.306306     16.286257     16.286257     32.572514
     -1.296296     16.871904     16.871904     33.743808
     -1.286286     17.423794     17.423794     34.847589
     -1.276276     17.805496     17.805496     35.610991
     -1.266266     17.882932     17.882932     35.765863
     -1.256256     17.542767     17.542767     35.085534
     -1.246246     16.699495     16.699495     33.398990
     -1.236236     15.313083     15.313083     30.626166
     -1.226226     13.419628     13.419628     26.839256
     -1.216216     11.153009     11.153009     22.306018
     -1.206206      8.732014      8.732014     17.464029
     -1.196196      6.409084      6.409084     12.818168
     -1.186186      4.404213      4.404213      8.808427
     -1.176176      2.857847      2.857847      5.715695
     -1.166166      1.823480      1.823480      3.646959
     -1.156156      1.296227      1.296227      2.592454
     -1.146146      1.254948      1.254948      2.509897
     -1.136136      1.691344      1.691344      3.382688
     -1.126126      2.608491      2.608491      5.216983
     -1.116116      3.987557      3.987557      7.975114
     -1.106106      5.739100      5.739100     11.478201
     -1.096096      7.668401      7.668401     15.336802
     -1.086086      9.485029      9.485029     18.970057
     -1.076076     10.870016     10.870016     21.740032
     -1.066066     11.583379     11.583379     23.166758
     -1.056056     11.566067     11.566067     23.132134
     -1.046046     10.983053     10.983053     21.966106
     -1.036036     10.176798     10.176798     20.353597
     -1.026026      9.542380      9.542380     19.084761
     -1.016016      9.374171      9.374171     18.748343
     -1.006006      9.748908      9.748908     19.497816
     -0.995996     10.494976     10.494976     20.989952
     -0.985986     11.260978     11.260978     22.521955
     -0.975976     11.654384     11.654384     23.308769
     -0.965966     11.391208     11.391208     22.782416
     -0.955956     10.394104     10.394104     20.788209
     -0.945946      8.802172      8.802172     17.604344
     -0.935936      6.898478      6.898478     13.796956
     -0.925926      4.997961      4.997961      9.995921
     -0.915916      3.349247      3.349247      6.698494
     -0.905906      2.086638      2.086638      4.173276
     -0.895896      1.237689      1.237689      2.475379
     -0.885886      0.767011      0.767011      1.534023
     -0.875876      0.628570      0.628570      1.257140
     -0.865866      0.804230      0.804230      1.608461
     -0.855856      1.316542      1.316542      2.633085
     -0.845846      2.212496      2.212496      4.424993
     -0.835836      3.522273      3.522273      7.044546
     -0.825826      5.205918      5.205918     10.411835
     -0.815816      7.110844      7.110844     14.221688
     -0.805806      8.967175      8.967175     17.934349
     -0.795796     10.437684     10.437684     20.875368
     -0.785786     11.213612     11.213612     22.427223
     -0.775776     11.119240     11.119240     22.238479
     -0.765766     10.176351     10.176351     20.352703
     -0.755756      8.596021      8.596021     17.192042
     -0.745746      6.701886      6.701886     13.403772
     -0.735736      4.823037      4.823037      9.646073
     -0.725726      3.204930      3.204930      6.409860
     -0.715716      1.969930      1.969930      3.939860
     -0.705706      1.129838      1.129838      2.259676
     -0.695696      0.630445      0.630445      1.260890
     -0.685686      0.402501      0.402501      0.805002
     -0.675676      0.401054      0.401054      0.802107
     -0.665666      0.625783      0.625783      1.251567
     -0.655656      1.121140      1.121140      2.242280
     -0.645646      1.956271      1.956271      3.912541
     -0.635636      3.185906      3.185906      6.371811
     -0.625626      4.799452      4.799452      9.598905
     -0.615616      6.676195      6.676195     13.352390
     -0.605606      8.572176      8.572176     17.144353
     -0.595596     10.158920     10.158920     20.317840
     -0.585586     11.112002     11.112002     22.224004
     -0.575576     11.218227     11.218227     22.436453
     -0.565566     10.453050     10.453050     20.906100
     -0.555556      8.989773      8.989773     17.979545
     -0.545546      7.135776      7.135776     14.271553
     -0.535536      5.227820      5.227820     10.455640
     -0.525526      3.534979      3.534979      7.069958
     -0.515516      2.206175      2.206175      4.412350
     -0.505506      1.270808      1.270808      2.541616
     -0.495495      0.675626      0.675626      1.351253
     -0.485485      0.331528      0.331528      0.663056
     -0.475475      0.150148      0.150148      0.300297
     -0.465465      0.062764      0.062764      0.125527
     -0.455455      0.024215      0.024215      0.048430
     -0.445445      0.008623      0.008623      0.017246
     -0.435435      0.002834      0.002834      0.005669
     -0.425425      0.000862      0.000862      0.001725
     -0.415415      0.000253      0.000253      0.000506
     -0.405405      0.000115      0.000115      0.000230
     -0.395395      0.000222      0.000222      0.000443
     -0.385385      0.000749      0.000749      0.001497
     -0.375375      0.002481      0.002481      0.004961
     -0.365365      0.007616      0.007616      0.015232
     -0.355355      0.021586      0.021586      0.043172
     -0.345345      0.056469      0.056469      0.112937
     -0.335335      0.136343      0.136343      0.272686
     -0.325325      0.303840      0.303840      0.607680
     -0.315315      0.624948      0.624948      1.249896
     -0.305305      1.186396      1.186396      2.372792
     -0.295295      2.078751      2.078751      4.157502
     -0.285285      3.361724      3.361724      6.723448
     -0.275275      5.017744      5.017744     10.035488
     -0.265265      6.912606      6.912606     13.825213
     -0.255255      8.789456      8.789456     17.578911
     -0.245245     10.314994     10.314994     20.629989
     -0.235235     11.172821     11.172821     22.345643
     -0.225225     11.169753     11.169753     22.339506
     -0.215215     10.306498     10.306498     20.612996
     -0.205205      8.777393      8.777393     17.554786
     -0.195195      6.899328      6.899328     13.798656
     -0.185185      5.005355      5.005355     10.010711
     -0.175175      3.351582      3.351582      6.703164
     -0.165165      2.071341      2.071341      4.142683
     -0.155155      1.181518      1.181518      2.363036
     -0.145145      0.622036      0.622036      1.244073
     -0.135135      0.302258      0.302258      0.604517
     -0.125125      0.135559      0.135559      0.271117
     -0.115115      0.056113      0.056113      0.112226
     -0.105105      0.021438      0.021438      0.042876
     -0.095095      0.007560      0.007560      0.015119
     -0.085085      0.002460      0.002460      0.004921
     -0.075075      0.000739      0.000739      0.001478
     -0.065065      0.000205      0.000205      0.000410
     -0.055055      0.000052      0.000052      0.000105
     -0.045045      0.000012      0.000012      0.000025
     -0.035035      0.000003      0.000003      0.000005
     -0.025025      0.000001      0.000001      0.000001
     -0.015015      0.000000      0.000000      0.000000
     -0.005005      0.000000      0.000000      0.000000
      0.005005      0.000000      0.000000      0.000000
      0.015015      0.000000      0.000000      0.000000
      0.025025      0.000001      0.000001      0.000001
      0.035035      0.000003      0.000003      0.000005
      0.045045      0.000012      0.000012      0.000025
      0.055055      0.000052      0.000052      0.000105
      0.065065      0.000205      0.000205      0.000410
      0.075075      0.000739      0.000739      0.001478
      0.085085      0.002460      0.002460      0.004921
      0.095095      0.007560      0.007560      0.015119
      0.105105      0.021438      0.021438      0.042876
      0.115115      0.056113      0.056113      0.112226
      0.125125      0.135559      0.135559      0.271117
      0.135135      0.302258      0.302258      0.604517
      0.145145      0.622036      0.622036      1.244073
      0.155155      1.181518      1.181518      2.363036
      0.165165      2.071341      2.071341      4.142683
      0.175175      3.351582      3.351582      6.703164
      0.185185      5.005355      5.005355     10.010711
      0.195195      6.899328      6.899328     13.798656
      0.205205      8.777393      8.777393     17.554786
      0.215215     10.306498     10.306498     20.612996
      0.225225     11.169753     11.169753     22.339506
      0.235235     11.172821     11.172821     22.345643
      0.245245     10.314994     10.314994     20.629989
      0.255255      8.789456      8.789456     17.578911
      0.265265      6.912606      6.912606     13.825213
      0.275275      5.017744      5.017744     10.035488
      0.285285      3.361724      3.361724      6.723448
      0.295295      2.078751      2.078751      4.157502
      0.305305      1.186396      1.186396      2.372792
      0.315315      0.624948      0.624948      1.249896
      0.325325      0.303840      0.303840      0.607680
      0.335335      0.136343      0.136343      0.272686
      0.345345      0.056469      0.056469      0.112937
      0.355355      0.021586      0.021586      0.043172
      0.365365      0.007616      0.007616      0.015232
      0.375375      0.002480      0.002480      0.004961
      0.385385      0.000747      0.000747      0.001495
      0.395395      0.000216      0.000216      0.000432
      0.405405      0.000092      0.000092      0.000185
      0.415415      0.000169      0.000169      0.000338
      0.425425      0.000576      0.000576      0.001152
      0.435435      0.001940      0.001940      0.003881
      0.445445      0.006058      0.006058      0.012116
      0.455455      0.017461      0.017461      0.034922
      0.465465      0.046453      0.046453      0.092907
      0.475475      0.114065      0.114065      0.228129
      0.485485      0.258507      0.258507      0.517013
      0.495495      0.540728      0.540728      1.081457
      0.505506      1.043935      1.043935      2.087871
      0.515516      1.860180      1.860180      3.720359
      0.525526      3.059307      3.059307      6.118614
      0.535536      4.643849      4.643849      9.287697
      0.545546      6.506089      6.506089     13.012178
      0.555556      8.412963      8.412963     16.825927
      0.565566     10.040739     10.040739     20.081479
      0.575576     11.060437     11.060437     22.120874
      0.585586     11.245447     11.245447     22.490894
      0.595596     10.553775     10.553775     21.107550
      0.605606      9.144706      9.144706     18.289412
      0.615616      7.322150      7.322150     14.644301
      0.625626      5.434592      5.434592     10.869184
      0.635636      3.780416      3.780416      7.560833
      0.645646      2.557154      2.557154      5.114308
      0.655656      1.863532      1.863532      3.727065
      0.665666      1.734118      1.734118      3.468235
      0.675676      2.173506      2.173506      4.347013
      0.685686      3.164104      3.164104      6.328209
      0.695696      4.642156      4.642156      9.284312
      0.705706      6.460054      6.460054     12.920109
      0.715716      8.367510      8.367510     16.735021
      0.725726     10.040764     10.040764     20.081528
      0.735736     11.165806     11.165806     22.331612
      0.745746     11.548609     11.548609     23.097218
      0.755756     11.201986     11.201986     22.403972
      0.765766     10.361597     10.361597     20.723195
      0.775776      9.413924      9.413924     18.827848
      0.785786      8.760113      8.760113     17.520226
      0.795796      8.669105      8.669105     17.338209
      0.805806      9.178013      9.178013     18.356025
      0.815816     10.078336     10.078336     20.156672
      0.825826     10.993279     10.993279     21.986558
      0.835836     11.516353     11.516353     23.032706
      0.845846     11.356754     11.356754     22.713507
      0.855856     10.433870     10.433870     20.867740
      0.865866      8.886119      8.886119     17.772237
      0.875876      6.998973      6.998973     13.997946
      0.885886      5.092618      5.092618     10.185235
      0.895896      3.421499      3.421499      6.842999
      0.905906      2.122083      2.122083      4.244165
      0.915916      1.214893      1.214893      2.429786
      0.925926      0.642036      0.642036      1.284072
      0.935936      0.313399      0.313399      0.626799
      0.945946      0.142017      0.142017      0.284034
      0.955956      0.062058      0.062058      0.124116
      0.965966      0.032953      0.032953      0.065907
      0.975976      0.037008      0.037008      0.074015
      0.985986      0.076854      0.076854      0.153708
      0.995996      0.175974      0.175974      0.351949
      1.006006      0.381890      0.381890      0.763779
      1.016016      0.768126      0.768126      1.536252
      1.026026      1.428407      1.428407      2.856814
      1.036036      2.456685      2.456685      4.913369
      1.046046      3.912015      3.912015      7.824031
      1.056056      5.777904      5.777904     11.555807
      1.066066      7.936441      7.936441     15.872881
      1.076076     10.178860     10.178860     20.357720
      1.086086     12.259251     12.259251     24.518503
      1.096096     13.971874     13.971874     27.943749
      1.106106     15.212461     15.212461     30.424921
      1.116116     15.988969     15.988969     31.977937
      1.126126     16.379307     16.379307     32.758613
      1.136136     16.470578     16.470578     32.941156
      1.146146     16.325782     16.325782     32.651565
      1.156156     15.997749     15.997749     31.995498
      1.166166     15.566984     15.566984     31.133968
      1.176176     15.157596     15.157596     30.315191
      1.186186     14.904418     14.904418     29.808836
      1.196196     14.889289     14.889289     29.778579
      1.206206     15.095581     15.095581     30.191162
      1.216216     15.419067     15.419067     30.838134
      1.226226     15.728424     15.728424     31.456847
      1.236236     15.928362     15.928362     31.856724
      1.246246     15.977583     15.977583     31.955166
      1.256256     15.853389     15.853389     31.706778
      1.266266     15.500999     15.500999     31.001999
      1.276276     14.819120     14.819120     29.638240
      1.286286     13.703350     13.703350     27.406701
      1.296296     12.121660     12.121660     24.243319
      1.306306     10.170600     10.170600     20.341201
      1.316316      8.075811      8.075811     16.151621
      1.326326      6.140296      6.140296     12.280591
      1.336336      4.675651      4.675651      9.351302
      1.346346      3.952323      3.952323      7.904646
      1.356356      4.179341      4.179341      8.358682
      1.366366      5.495431      5.495431     10.990862
      1.376376      7.945081      7.945081     15.890163
      1.386386     11.431158     11.431158     22.862315
      1.396396     15.666223     15.666223     31.332446
      1.406406     20.163971     20.163971     40.327943
      1.416416     24.302390     24.302390     48.604779
      1.426426     27.453746     27.453746     54.907493
      1.436436     29.136351     29.136351     58.272703
      1.446446     29.127483     29.127483     58.254967
      1.456456     27.497010     27.497010     54.994021
      1.466466     24.561720     24.561720     49.123440
      1.476476     20.792891     20.792891     41.585782
      1.486486     16.716637     16.716637     33.433275
      1.496496     12.832697     12.832697     25.665395
      1.506507      9.559483      9.559483     19.118966
      1.516517      7.202771      7.202771     14.405542
      1.526527      5.942117      5.942117     11.884234
      1.536537      5.828318      5.828318     11.656636
      1.546547      6.786483      6.786483     13.572965
      1.556557      8.624497      8.624497     17.248994
      1.566567     11.053670     11.053670     22.107341
      1.576577     13.729967     13.729967     27.459934
      1.586587     16.315719     16.315719     32.631438
      1.596597     18.548067     18.548067     37.096134
      1.606607     20.292693     20.292693     40.585386
      1.616617     21.566003     21.566003     43.132006
      1.626627     22.520847     22.520847     45.041694
      1.636637     23.400221     23.400221     46.800441
      1.646647     24.466597     24.466597     48.933194
      1.656657     25.917570     25.917570     51.835140
      1.666667     27.807233     27.807233     55.614465
      1.676677     30.003315     30.003315     60.006630
      1.686687     32.209493     32.209493     64.418987
      1.696697     34.060408     34.060408     68.120817
      1.706707     35.258362     35.258362     70.516724
      1.716717     35.686949     35.686949     71.373899
      1.726727     35.435372     35.435372     70.870744
      1.736737     34.710806     34.710806     69.421613
      1.746747     33.686371     33.686371     67.372742
      1.756757     32.382859     32.382859     64.765718
      1.766767     30.670647     30.670647     61.341294
      1.776777     28.402660     28.402660     56.805319
      1.786787     25.598578     25.598578     51.197155
      1.796797     22.559097     22.559097     45.118195
      1.806807     19.826332     19.826332     39.652665
      1.816817     17.995488     17.995488     35.990976
      1.826827     17.465454     17.465454     34.930908
      1.836837     18.246993     18.246993     36.493985
      1.846847     19.919142     19.919142     39.838284
      1.856857     21.758809     21.758809     43.517617
      1.866867     22.995415     22.995415     45.990830
      1.876877     23.089052     23.089052     46.178104
      1.886887     21.918015     21.918015     43.836031
      1.896897     19.798853     19.798853     39.597706
      1.906907     17.335930     17.335930     34.671860
      1.916917     15.173531     15.173531     30.347061
      1.926927     13.763348     13.763348     27.526696
      1.936937     13.245237     13.245237     26.490474
      1.946947     13.479617     13.479617     26.959233
      1.956957     14.196425     14.196425     28.392850
      1.966967     15.171994     15.171994     30.343989
      1.976977     16.335911     16.335911     32.671822
      1.986987     17.751021     17.751021     35.502042
      1.996997     19.483926     19.483926     38.967853
      2.007007     21.452150     21.452150     42.904299
      2.017017     23.354976     23.354976     46.709952
      2.027027     24.748479     24.748479     49.496958
      2.037037     25.234604     25.234604     50.469207
      2.047047     24.656354     24.656354     49.312708
      2.057057     23.180054     23.180054     46.360108
      2.067067     21.212195     21.212195     42.424389
      2.077077     19.199788     19.199788     38.399575
      2.087087     17.432035     17.432035     34.864071
      2.097097     15.953848     15.953848     31.907695
      2.107107     14.627821     14.627821     29.255642
      2.117117     13.292959     13.292959     26.585919
      2.127127     11.921055     11.921055     23.842109
      2.137137     10.686877     10.686877     21.373753
      2.147147      9.925760      9.925760     19.851520
      2.157157     10.010811     10.010811     20.021623
      2.167167     11.210555     11.210555     22.421110
      2.177177     13.581329     13.581329     27.162658
      2.187187     16.922758     16.922758     33.845517
      2.197197     20.798788     20.798788     41.597576
      2.207207     24.611711     24.611711     49.223421
      2.217217     27.711956     27.711956     55.423912
      2.227227     29.525340     29.525340     59.050680
      2.237237     29.675810     29.675810     59.351620
      2.247247     28.075256     28.075256     56.150513
      2.257257     24.950227     24.950227     49.900455
      2.267267     20.787925     20.787925     41.575850
      2.277277     16.212087     16.212087     32.424174
      2.287287     11.830477     11.830477     23.660955
      2.297297      8.110163      8.110163     16.220327
      2.307307      5.323408      5.323408     10.646816
      2.317317      3.572951      3.572951      7.145901
      2.327327      2.870287      2.870287      5.740573
      2.337337      3.221774      3.221774      6.443549
      2.347347      4.680105      4.680105      9.360209
      2.357357      7.336634      7.336634     14.673268
      2.367367     11.254119     11.254119     22.508238
      2.377377     16.362646     16.362646     32.725293
      2.387387     22.359530     22.359530     44.719060
      2.397397     28.661527     28.661527     57.323054
      2.407407     34.448854     34.448854     68.897708
      2.417417     38.812234     38.812234     77.624468
      2.427427     40.972169     40.972169     81.944337
      2.437437     40.500140     40.500140     81.000280
      2.447447     37.456638     37.456638     74.913276
      2.457457     32.385253     32.385253     64.770506
      2.467467     26.159925     26.159925     52.319850
      2.477477     19.745889     19.745889     39.491779
      2.487487     13.969262     13.969262     27.938524
      2.497497      9.376945      9.376945     18.753890
      2.507508      6.217687      6.217687     12.435374
      2.517518      4.517616      4.517616      9.035232
      2.527528      4.189533      4.189533      8.379066
      2.537538      5.116766      5.116766     10.233533
      2.547548      7.180595      7.180595     14.361189
      2.557558     10.235818     10.235818     20.471636
      2.567568     14.064181     14.064181     28.128363
      2.577578     18.341613     18.341613     36.683227
      2.587588     22.644620     22.644620     45.289239
      2.597598     26.502376     26.502376     53.004752
      2.607608     29.483101     29.483101     58.966203
      2.617618     31.290662     31.290662     62.581324
      2.627628     31.840903     31.840903     63.681806
      2.637638     31.288849     31.288849     62.577699
      2.647648     29.991710     29.991710     59.983421
      2.657658     28.418024     28.418024     56.836047
      2.667668     27.038488     27.038488     54.076976
      2.677678     26.241030     26.241030     52.482061
      2.687688     26.293448     26.293448     52.586896
      2.697698     27.344421     27.344421     54.688841
      2.707708     29.432407     29.432407     58.864814
      2.717718     32.476939     32.476939     64.953878
      2.727728     36.251487     36.251487     72.502975
      2.737738     40.361623     40.361623     80.723246
      2.747748     44.261192     44.261192     88.522384
      2.757758     47.329167     47.329167     94.658334
      2.767768     49.004879     49.004879     98.009758
      2.777778     48.946927     48.946927     97.893854
      2.787788     47.154473     47.154473     94.308945
      2.797798     43.987855     43.987855     87.975710
      2.807808     40.060754     40.060754     80.121508
      2.817818     36.037342     36.037342     72.074684
      2.827828     32.420084     32.420084     64.840168
      2.837838     29.421824     29.421824     58.843648
      2.847848     26.972216     26.972216     53.944432
      2.857858     24.840250     24.840250     49.680501
      2.867868     22.801599     22.801599     45.603198
      2.877878     20.767098     20.767098     41.534195
      2.887888     18.816723     18.816723     37.633447
      2.897898     17.133789     17.133789     34.267577
      2.907908     15.883288     15.883288     31.766576
      2.917918     15.105128     15.105128     30.210255
      2.927928     14.683541     14.683541     29.367083
      2.937938     14.410123     14.410123     28.820246
      2.947948     14.101549     14.101549     28.203098
      2.957958     13.698074     13.698074     27.396148
      2.967968     13.279513     13.279513     26.559025
      2.977978     12.987444     12.987444     25.974888
      2.987988     12.902820     12.902820     25.805640
      2.997998     12.957386     12.957386     25.914772
      3.008008     12.936048     12.936048     25.872097
      3.018018     12.570313     12.570313     25.140626
      3.028028     11.667932     11.667932     23.335863
      3.038038     10.205614     10.205614     20.411227
      3.048048      8.338543      8.338543     16.677086
      3.058058      6.331076      6.331076     12.662152
      3.068068      4.453466      4.453466      8.906932
      3.078078      2.897578      2.897578      5.795156
      3.088088      1.742560      1.742560      3.485121
      3.098098      0.969572      0.969572      1.939143
      3.108108      0.503464      0.503464      1.006928
      3.118118      0.256689      0.256689      0.513379
      3.128128      0.160946      0.160946      0.321893
      3.138138      0.184518      0.184518      0.369036
      3.148148      0.340108      0.340108      0.680215
      3.158158      0.687637      0.687637      1.375274
      3.168168      1.331566      1.331566      2.663132
      3.178178      2.407334      2.407334      4.814668
      3.188188      4.050821      4.050821      8.101643
      3.198198      6.350754      6.350754     12.701508
      3.208208      9.295328      9.295328     18.590657
      3.218218     12.734674     12.734674     25.469347
      3.228228     16.381561     16.381561     32.763122
      3.238238     19.859402     19.859402     39.718803
      3.248248     22.783953     22.783953     45.567906
      3.258258     24.846764     24.846764     49.693527
      3.268268     25.867378     25.867378     51.734756
      3.278278     25.799901     25.799901     51.599802
      3.288288     24.705609     24.705609     49.411217
      3.298298     22.718598     22.718598     45.437197
      3.308308     20.025791     20.025791     40.051582
      3.318318     16.862132     16.862132     33.724264
      3.328328     13.504488     13.504488     27.008977
      3.338338     10.247865     10.247865     20.495731
      3.348348      7.364035      7.364035     14.728069
      3.358358      5.060283      5.060283     10.120566
      3.368368      3.459298      3.459298      6.918596
      3.378378      2.607379      2.607379      5.214758
      3.388388      2.498391      2.498391      4.996781
      3.398398      3.090299      3.090299      6.180598
      3.408408      4.297960      4.297960      8.595921
      3.418418      5.966159      5.966159     11.932318
      3.428428      7.847803      7.847803     15.695605
      3.438438      9.618817      9.618817     19.237633
      3.448448     10.945759     10.945759     21.891517
      3.458458     11.590385     11.590385     23.180771
      3.468468     11.505977     11.505977     23.011955
      3.478478     10.873689     10.873689     21.747379
      3.488488     10.051057     10.051057     20.102113
      3.498498      9.446976      9.446976     18.893952
      3.508509      9.374290      9.374290     18.748580
      3.518519      9.942868      9.942868     19.885735
      3.528529     11.037758     11.037758     22.075517
      3.538539     12.387903     12.387903     24.775806
      3.548549     13.688729     13.688729     27.377457
      3.558559     14.716565     14.716565     29.433130
      3.568569     15.379141     15.379141     30.758281
      3.578579     15.684721     15.684721     31.369443
      3.588589     15.662286     15.662286     31.324571
      3.598599     15.294223     15.294223     30.588447
      3.608609     14.510003     14.510003     29.020005
      3.618619     13.242704     13.242704     26.485408
      3.628629     11.504682     11.504682     23.009365
      3.638639      9.427052      9.427052     18.854103
      3.648649      7.235858      7.235858     14.471717
      3.658659      5.181280      5.181280     10.362560
      3.668669      3.462925      3.462925      6.925851
      3.678679      2.189696      2.189696      4.379392
      3.688689      1.386490      1.386490      2.772980
      3.698699      1.033199      1.033199      2.066398
      3.708709      1.108666      1.108666      2.217332
      3.718719      1.614933      1.614933      3.229866
      3.728729      2.568956      2.568956      5.137913
      3.738739      3.964011      3.964011      7.928022
      3.748749      5.717968      5.717968     11.435935
      3.758759      7.636662      7.636662     15.273323
      3.768769      9.420778      9.420778     18.841556
      3.778779     10.728489     10.728489     21.456979
      3.788789     11.277106     11.277106     22.554213
      3.798799     10.940844     10.940844     21.881689
      3.808809      9.797200      9.797200     19.594400
      3.818819      8.098078      8.098078     16.196156
      3.828829      6.180503      6.180503     12.361006
      3.838839      4.360997      4.360997      8.721993
      3.848849      2.860159      2.860159      5.720317
      3.858859      1.781705      1.781705      3.563410
      3.868869      1.140357      1.140357      2.280713
      3.878879      0.913091      0.913091      1.826182
      3.888889      1.084796      1.084796      2.169592
      3.898899      1.667760      1.667760      3.335519
      3.908909      2.687463      2.687463      5.374925
      3.918919      4.140886      4.140886      8.281772
      3.928929      5.946919      5.946919     11.893839
      3.938939      7.917973      7.917973     15.835946
      3.948949      9.780132      9.780132     19.560265
      3.958959     11.250266     11.250266     22.500532
      3.968969     12.146808     12.146808     24.293617
      3.978979     12.483768     12.483768     24.967536
      3.988989     12.495053     12.495053     24.990107
      3.998999     12.565729     12.565729     25.131457
      4.009009     13.093799     13.093799     26.187597
      4.019019     14.342530     14.342530     28.685059
      4.029029     16.346774     16.346774     32.693547
      4.039039     18.906315     18.906315     37.812630
      4.049049     21.655298     21.655298     43.310596
      4.059059     24.166307     24.166307     48.332615
      4.069069     26.046071     26.046071     52.092142
      4.079079     27.001533     27.001533     54.003065
      4.089089     26.879882     26.879882     53.759764
      4.099099     25.694691     25.694691     51.389382
      4.109109     23.639130     23.639130     47.278261
      4.119119     21.070296     21.070296     42.140592
      4.129129     18.445561     18.445561     36.891122
      4.139139     16.211309     16.211309     32.422618
      4.149149     14.676429     14.676429     29.352859
      4.159159     13.924811     13.924811     27.849622
      4.169169     13.813262     13.813262     27.626524
      4.179179     14.062178     14.062178     28.124356
      4.189189     14.396275     14.396275     28.792551
      4.199199     14.663083     14.663083     29.326166
      4.209209     14.869402     14.869402     29.738803
      4.219219     15.125470     15.125470     30.250940
      4.229229     15.541437     15.541437     31.082875
      4.239239     16.143952     16.143952     32.287903
      4.249249     16.857723     16.857723     33.715446
      4.259259     17.548066     17.548066     35.096131
      4.269269     18.083911     18.083911     36.167821
      4.279279     18.381132     18.381132     36.762265
      4.289289     18.414351     18.414351     36.828702
      4.299299     18.210867     18.210867     36.421735
      4.309309     17.841560     17.841560     35.683120
      4.319319     17.407855     17.407855     34.815709
      4.329329     17.016300     17.016300     34.032600
      4.339339     16.745540     16.745540     33.491080
      4.349349     16.629441     16.629441     33.258883
      4.359359     16.677767     16.677767     33.355533
      4.369369     16.924662     16.924662     33.849324
      4.379379     17.460204     17.460204     34.920408
      4.389389     18.397872     18.397872     36.795744
      4.399399     19.773629     19.773629     39.547258
      4.409409     21.432613     21.432613     42.865226
      4.419419     22.988681     22.988681     45.977362
      4.429429     23.910592     23.910592     47.821185
      4.439439     23.712081     23.712081     47.424162
      4.449449     22.153375     22.153375     44.306749
      4.459459     19.348267     19.348267     38.696534
      4.469469     15.723372     15.723372     31.446744
      4.479479     11.858219     11.858219     23.716437
      4.489489      8.292637      8.292637     16.585273
      4.499499      5.389976      5.389976     10.779951
      4.509510      3.300198      3.300198      6.600396
      4.519520      2.011456      2.011456      4.022912
      4.529530      1.444531      1.444531      2.889063
      4.539540      1.540635      1.540635      3.081271
      4.549550      2.308488      2.308488      4.616976
      4.559560      3.816163      3.816163      7.632325
      4.569570      6.130724      6.130724     12.261448
      4.579580      9.226388      9.226388     18.452775
      4.589590     12.900678     12.900678     25.801355
      4.599600     16.748939     16.748939     33.497879
      4.609610     20.235423     20.235423     40.470845
      4.619620     22.857015     22.857015     45.714029
      4.629630     24.338846     24.338846     48.677691
      4.639640     24.764312     24.764312     49.528624
      4.649650     24.557819     24.557819     49.115639
      4.659660     24.308763     24.308763     48.617527
      4.669670     24.513236     24.513236     49.026472
      4.679680     25.361038     25.361038     50.722076
      4.689690     26.674555     26.674555     53.349110
      4.699700     28.023002     28.023002     56.046004
      4.709710     28.941099     28.941099     57.882197
      4.719720     29.133074     29.133074     58.266147
      4.729730     28.566744     28.566744     57.133487
      4.739740     27.435774     27.435774     54.871548
      4.749750     26.039362     26.039362     52.078723
      4.759760     24.655847     24.655847     49.311694
      4.769770     23.465984     23.465984     46.931968
      4.779780     22.540093     22.540093     45.080187
      4.789790     21.871457     21.871457     43.742914
      4.799800     21.427686     21.427686     42.855373
      4.809810     21.196558     21.196558     42.393116
      4.819820     21.213407     21.213407     42.426813
      4.829830     21.567314     21.567314     43.134628
      4.839840     22.388514     22.388514     44.777028
      4.849850     23.817322     23.817322     47.634643
      4.859860     25.950928     25.950928     51.901856
      4.869870     28.770307     28.770307     57.540614
      4.879880     32.069673     32.069673     64.139345
      4.889890     35.430612     35.430612     70.861223
      4.899900     38.277798     38.277798     76.555596
      4.909910     40.014902     40.014902     80.029803
      4.919920     40.190789     40.190789     80.381577
      4.929930     38.624390     38.624390     77.248780
      4.939940     35.439222     35.439222     70.878444
      4.949950     31.007320     31.007320     62.014640
      4.959960     25.841340     25.841340     51.682681
      4.969970     20.480951     20.480951     40.961902
      4.979980     15.402274     15.402274     30.804549
      4.989990     10.958811     10.958811     21.917622
      5.000000      7.352988      7.352988     14.705975
