# EIG2DOS: Utility for SIESTA to obtain the electronic density of states
#  E. Artacho, Apr 1999, A. Garcia, Apr 2012
#  Nick R. Papior, Feb 2017
# ------------------------------------------
# Eigenvalues calculated from a non-polarized calculation
# Eigenvalues read from siesta.EIG
# Kpoint weights read from siesta.KP
# Using smearing parameter:   0.0500
# Using 1000 points in the energy range
# Selected bands: 1 to: 2981
# Emin, Emax in file for selected band(s):    -27.0655688    218.3417850
# Nbands, Nspin, Nk   =   2981     1     1
# E_F                 =    -4.2689 eV --> (shifted to ZERO)
# Broadening          =     0.0500 eV
#
#        E            N(up)  (=)   N(down)         Ntot
     -5.000000     36.474315     36.474315     72.948630
     -4.989990     39.162514     39.162514     78.325027
     -4.979980     41.625875     41.625875     83.251750
     -4.969970     43.337747     43.337747     86.675495
     -4.959960     43.876089     43.876089     87.752177
     -4.949950     43.053157     43.053157     86.106313
     -4.939940     40.972813     40.972813     81.945627
     -4.929930     38.014240     38.014240     76.028480
     -4.919920     34.767719     34.767719     69.535439
     -4.909910     31.950230     31.950230     63.900459
     -4.899900     30.307813     30.307813     60.615625
     -4.889890     30.488843     30.488843     60.977686
     -4.879880     32.875256     32.875256     65.750512
     -4.869870     37.398718     37.398718     74.797437
     -4.859860     43.422435     43.422435     86.844869
     -4.849850     49.788461     49.788461     99.576922
     -4.839840     55.078902     55.078902    110.157804
     -4.829830     58.030273     58.030273    116.060545
     -4.819820     57.938635     57.938635    115.877270
     -4.809810     54.872853     54.872853    109.745706
     -4.799800     49.599754     49.599754     99.199509
     -4.789790     43.269280     43.269280     86.538560
     -4.779780     37.019169     37.019169     74.038339
     -4.769770     31.671754     31.671754     63.343507
     -4.759760     27.615601     27.615601     55.231202
     -4.749750     24.856974     24.856974     49.713949
     -4.739740     23.158796     23.158796     46.317593
     -4.729730     22.182021     22.182021     44.364042
     -4.719720     21.582557     21.582557     43.165114
     -4.709710     21.058807     21.058807     42.117614
     -4.699700     20.369384     20.369384     40.738769
     -4.689690     19.346388     19.346388     38.692776
     -4.679680     17.922102     17.922102     35.844205
     -4.669670     16.170416     16.170416     32.340832
     -4.659660     14.345134     14.345134     28.690268
     -4.649650     12.886181     12.886181     25.772361
     -4.639640     12.368807     12.368807     24.737615
     -4.629630     13.388213     13.388213     26.776427
     -4.619620     16.394317     16.394317     32.788633
     -4.609610     21.513231     21.513231     43.026462
     -4.599600     28.411282     28.411282     56.822565
     -4.589590     36.267095     36.267095     72.534190
     -4.579580     43.902114     43.902114     87.804229
     -4.569570     50.068831     50.068831    100.137662
     -4.559560     53.821358     53.821358    107.642716
     -4.549550     54.833518     54.833518    109.667036
     -4.539540     53.527391     53.527391    107.054781
     -4.529530     50.943144     50.943144    101.886288
     -4.519520     48.388905     48.388905     96.777811
     -4.509510     47.002034     47.002034     94.004069
     -4.499499     47.385003     47.385003     94.770005
     -4.489489     49.440127     49.440127     98.880255
     -4.479479     52.443329     52.443329    104.886659
     -4.469469     55.309335     55.309335    110.618670
     -4.459459     56.943069     56.943069    113.886137
     -4.449449     56.558486     56.558486    113.116973
     -4.439439     53.873094     53.873094    107.746188
     -4.429429     49.139360     49.139360     98.278720
     -4.419419     43.032727     43.032727     86.065454
     -4.409409     36.457368     36.457368     72.914737
     -4.399399     30.339514     30.339514     60.679029
     -4.389389     25.456425     25.456425     50.912850
     -4.379379     22.317947     22.317947     44.635894
     -4.369369     21.100715     21.100715     42.201429
     -4.359359     21.638394     21.638394     43.276788
     -4.349349     23.479069     23.479069     46.958137
     -4.339339     26.012560     26.012560     52.025120
     -4.329329     28.642973     28.642973     57.285946
     -4.319319     30.953386     30.953386     61.906772
     -4.309309     32.803782     32.803782     65.607564
     -4.299299     34.327289     34.327289     68.654579
     -4.289289     35.829171     35.829171     71.658341
     -4.279279     37.625785     37.625785     75.251571
     -4.269269     39.875951     39.875951     79.751903
     -4.259259     42.458713     42.458713     84.917427
     -4.249249     44.945692     44.945692     89.891384
     -4.239239     46.698096     46.698096     93.396192
     -4.229229     47.077861     47.077861     94.155723
     -4.219219     45.704243     45.704243     91.408486
     -4.209209     42.643331     42.643331     85.286663
     -4.199199     38.428561     38.428561     76.857122
     -4.189189     33.886137     33.886137     67.772273
     -4.179179     29.841868     29.841868     59.683735
     -4.169169     26.849989     26.849989     53.699978
     -4.159159     25.068000     25.068000     50.135999
     -4.149149     24.317573     24.317573     48.635146
     -4.139139     24.275407     24.275407     48.550813
     -4.129129     24.682973     24.682973     49.365945
     -4.119119     25.469583     25.469583     50.939165
     -4.109109     26.734136     26.734136     53.468271
     -4.099099     28.600334     28.600334     57.200669
     -4.089089     31.023110     31.023110     62.046220
     -4.079079     33.657170     33.657170     67.314340
     -4.069069     35.880480     35.880480     71.760960
     -4.059059     36.991681     36.991681     73.983361
     -4.049049     36.501374     36.501374     73.002749
     -4.039039     34.371591     34.371591     68.743181
     -4.029029     31.074351     31.074351     62.148702
     -4.019019     27.436336     27.436336     54.872672
     -4.009009     24.352967     24.352967     48.705935
     -3.998999     22.517098     22.517098     45.034196
     -3.988989     22.279237     22.279237     44.558475
     -3.978979     23.665247     23.665247     47.330494
     -3.968969     26.489640     26.489640     52.979281
     -3.958959     30.473062     30.473062     60.946124
     -3.948949     35.308060     35.308060     70.616120
     -3.938939     40.678335     40.678335     81.356670
     -3.928929     46.271961     46.271961     92.543923
     -3.918919     51.815706     51.815706    103.631413
     -3.908909     57.115363     57.115363    114.230727
     -3.898899     62.058408     62.058408    124.116816
     -3.888889     66.548951     66.548951    133.097902
     -3.878879     70.393958     70.393958    140.787916
     -3.868869     73.208417     73.208417    146.416835
     -3.858859     74.418295     74.418295    148.836590
     -3.848849     73.399801     73.399801    146.799602
     -3.838839     69.720047     69.720047    139.440094
     -3.828829     63.378353     63.378353    126.756705
     -3.818819     54.929732     54.929732    109.859465
     -3.808809     45.417375     45.417375     90.834749
     -3.798799     36.126941     36.126941     72.253882
     -3.788789     28.254697     28.254697     56.509395
     -3.778779     22.612142     22.612142     45.224284
     -3.768769     19.462332     19.462332     38.924665
     -3.758759     18.522027     18.522027     37.044054
     -3.748749     19.105179     19.105179     38.210358
     -3.738739     20.350079     20.350079     40.700159
     -3.728729     21.465457     21.465457     42.930915
     -3.718719     21.938607     21.938607     43.877215
     -3.708709     21.661035     21.661035     43.322070
     -3.698699     20.941992     20.941992     41.883984
     -3.688689     20.400744     20.400744     40.801487
     -3.678679     20.756999     20.756999     41.513997
     -3.668669     22.572544     22.572544     45.145088
     -3.658659     26.024502     26.024502     52.049004
     -3.648649     30.794931     30.794931     61.589862
     -3.638639     36.129384     36.129384     72.258767
     -3.628629     41.052285     41.052285     82.104570
     -3.618619     44.657414     44.657414     89.314828
     -3.608609     46.357412     46.357412     92.714825
     -3.598599     46.001302     46.001302     92.002604
     -3.588589     43.839081     43.839081     87.678162
     -3.578579     40.381778     40.381778     80.763555
     -3.568569     36.232297     36.232297     72.464593
     -3.558559     31.942481     31.942481     63.884962
     -3.548549     27.916072     27.916072     55.832145
     -3.538539     24.358416     24.358416     48.716832
     -3.528529     21.276148     21.276148     42.552296
     -3.518519     18.532427     18.532427     37.064853
     -3.508509     15.947653     15.947653     31.895307
     -3.498498     13.409689     13.409689     26.819378
     -3.488488     10.945753     10.945753     21.891506
     -3.478478      8.725171      8.725171     17.450342
     -3.468468      6.997190      6.997190     13.994380
     -3.458458      5.996251      5.996251     11.992503
     -3.448448      5.852942      5.852942     11.705885
     -3.438438      6.537348      6.537348     13.074696
     -3.428428      7.848144      7.848144     15.696287
     -3.418418      9.453064      9.453064     18.906127
     -3.408408     10.978505     10.978505     21.957009
     -3.398398     12.129723     12.129723     24.259446
     -3.388388     12.802236     12.802236     25.604472
     -3.378378     13.136258     13.136258     26.272515
     -3.368368     13.483480     13.483480     26.966960
     -3.358358     14.294414     14.294414     28.588828
     -3.348348     15.970776     15.970776     31.941553
     -3.338338     18.736623     18.736623     37.473245
     -3.328328     22.560715     22.560715     45.121431
     -3.318318     27.132731     27.132731     54.265463
     -3.308308     31.884238     31.884238     63.768476
     -3.298298     36.057516     36.057516     72.115032
     -3.288288     38.837791     38.837791     77.675581
     -3.278278     39.547875     39.547875     79.095750
     -3.268268     37.857272     37.857272     75.714544
     -3.258258     33.917152     33.917152     67.834303
     -3.248248     28.342689     28.342689     56.685377
     -3.238238     22.032815     22.032815     44.065629
     -3.228228     15.902235     15.902235     31.804469
     -3.218218     10.642783     10.642783     21.285565
     -3.208208      6.604634      6.604634     13.209268
     -3.198198      3.817281      3.817281      7.634562
     -3.188188      2.105610      2.105610      4.211221
     -3.178178      1.232407      1.232407      2.464814
     -3.168168      1.014421      1.014421      2.028841
     -3.158158      1.390198      1.390198      2.780397
     -3.148148      2.439871      2.439871      4.879742
     -3.138138      4.361947      4.361947      8.723894
     -3.128128      7.407810      7.407810     14.815620
     -3.118118     11.775018     11.775018     23.550035
     -3.108108     17.474704     17.474704     34.949408
     -3.098098     24.213091     24.213091     48.426183
     -3.088088     31.346205     31.346205     62.692410
     -3.078078     37.959464     37.959464     75.918928
     -3.068068     43.079266     43.079266     86.158532
     -3.058058     45.955975     45.955975     91.911949
     -3.048048     46.304636     46.304636     92.609273
     -3.038038     44.391380     44.391380     88.782760
     -3.028028     40.920339     40.920339     81.840678
     -3.018018     36.773909     36.773909     73.547817
     -3.008008     32.729031     32.729031     65.458063
     -2.997998     29.272385     29.272385     58.544770
     -2.987988     26.574061     26.574061     53.148123
     -2.977978     24.597018     24.597018     49.194037
     -2.967968     23.264163     23.264163     46.528326
     -2.957958     22.594449     22.594449     45.188897
     -2.947948     22.745029     22.745029     45.490058
     -2.937938     23.941339     23.941339     47.882678
     -2.927928     26.326903     26.326903     52.653806
     -2.917918     29.805298     29.805298     59.610596
     -2.907908     33.959536     33.959536     67.919072
     -2.897898     38.106057     38.106057     76.212114
     -2.887888     41.478248     41.478248     82.956496
     -2.877878     43.467696     43.467696     86.935392
     -2.867868     43.817077     43.817077     87.634154
     -2.857858     42.677560     42.677560     85.355120
     -2.847848     40.507175     40.507175     81.014349
     -2.837838     37.861857     37.861857     75.723713
     -2.827828     35.179195     35.179195     70.358391
     -2.817818     32.652592     32.652592     65.305184
     -2.807808     30.243209     30.243209     60.486418
     -2.797798     27.805635     27.805635     55.611269
     -2.787788     25.247705     25.247705     50.495410
     -2.777778     22.633745     22.633745     45.267489
     -2.767768     20.178400     20.178400     40.356800
     -2.757758     18.143695     18.143695     36.287390
     -2.747748     16.707983     16.707983     33.415967
     -2.737738     15.889821     15.889821     31.779642
     -2.727728     15.573293     15.573293     31.146586
     -2.717718     15.615330     15.615330     31.230661
     -2.707708     15.960765     15.960765     31.921529
     -2.697698     16.683627     16.683627     33.367255
     -2.687688     17.920834     17.920834     35.841669
     -2.677678     19.738096     19.738096     39.476191
     -2.667668     22.018857     22.018857     44.037715
     -2.657658     24.458567     24.458567     48.917134
     -2.647648     26.680364     26.680364     53.360728
     -2.637638     28.406938     28.406938     56.813876
     -2.627628     29.582969     29.582969     59.165938
     -2.617618     30.373367     30.373367     60.746734
     -2.607608     31.043931     31.043931     62.087862
     -2.597598     31.804583     31.804583     63.609165
     -2.587588     32.708510     32.708510     65.417020
     -2.577578     33.648553     33.648553     67.297107
     -2.567568     34.421355     34.421355     68.842710
     -2.557558     34.797636     34.797636     69.595273
     -2.547548     34.562661     34.562661     69.125321
     -2.537538     33.541093     33.541093     67.082186
     -2.527528     31.642796     31.642796     63.285592
     -2.517518     28.938883     28.938883     57.877766
     -2.507508     25.728063     25.728063     51.456127
     -2.497497     22.530786     22.530786     45.061572
     -2.487487     19.977836     19.977836     39.955673
     -2.477477     18.621963     18.621963     37.243926
     -2.467467     18.752178     18.752178     37.504356
     -2.457457     20.297646     20.297646     40.595292
     -2.447447     22.868757     22.868757     45.737514
     -2.437437     25.919588     25.919588     51.839175
     -2.427427     28.959455     28.959455     57.918909
     -2.417417     31.717368     31.717368     63.434736
     -2.407407     34.183652     34.183652     68.367303
     -2.397397     36.510523     36.510523     73.021047
     -2.387387     38.822519     38.822519     77.645038
     -2.377377     41.034960     41.034960     82.069920
     -2.367367     42.779670     42.779670     85.559341
     -2.357357     43.488920     43.488920     86.977840
     -2.347347     42.612042     42.612042     85.224085
     -2.337337     39.870927     39.870927     79.741854
     -2.327327     35.436182     35.436182     70.872365
     -2.317317     29.940628     29.940628     59.881255
     -2.307307     24.323607     24.323607     48.647214
     -2.297297     19.575678     19.575678     39.151355
     -2.287287     16.487371     16.487371     32.974741
     -2.277277     15.485929     15.485929     30.971858
     -2.267267     16.592148     16.592148     33.184297
     -2.257257     19.480296     19.480296     38.960593
     -2.247247     23.598588     23.598588     47.197177
     -2.237237     28.304955     28.304955     56.609911
     -2.227227     32.981595     32.981595     65.963191
     -2.217217     37.105406     37.105406     74.210812
     -2.207207     40.270049     40.270049     80.540098
     -2.197197     42.177404     42.177404     84.354808
     -2.187187     42.631205     42.631205     85.262410
     -2.177177     41.559860     41.559860     83.119719
     -2.167167     39.065936     39.065936     78.131872
     -2.157157     35.463708     35.463708     70.927416
     -2.147147     31.252971     31.252971     62.505943
     -2.137137     27.005396     27.005396     54.010792
     -2.127127     23.196418     23.196418     46.392836
     -2.117117     20.061543     20.061543     40.123085
     -2.107107     17.553780     17.553780     35.107560
     -2.097097     15.425135     15.425135     30.850269
     -2.087087     13.384820     13.384820     26.769640
     -2.077077     11.247703     11.247703     22.495407
     -2.067067      9.002017      9.002017     18.004035
     -2.057057      6.779842      6.779842     13.559683
     -2.047047      4.767678      4.767678      9.535356
     -2.037037      3.115533      3.115533      6.231065
     -2.027027      1.886902      1.886902      3.773803
     -2.017017      1.058711      1.058711      2.117423
     -2.007007      0.553869      0.553869      1.107739
     -1.996997      0.281618      0.281618      0.563235
     -1.986987      0.168801      0.168801      0.337602
     -1.976977      0.177534      0.177534      0.355069
     -1.966967      0.312663      0.312663      0.625327
     -1.956957      0.623150      0.623150      1.246300
     -1.946947      1.197437      1.197437      2.394875
     -1.936937      2.148496      2.148496      4.296993
     -1.926927      3.584040      3.584040      7.168079
     -1.916917      5.563325      5.563325     11.126650
     -1.906907      8.052046      8.052046     16.104092
     -1.896897     10.894639     10.894639     21.789277
     -1.886887     13.821903     13.821903     27.643805
     -1.876877     16.499284     16.499284     32.998568
     -1.866867     18.603826     18.603826     37.207651
     -1.856857     19.905676     19.905676     39.811352
     -1.846847     20.328701     20.328701     40.657402
     -1.836837     19.971427     19.971427     39.942854
     -1.826827     19.079018     19.079018     38.158036
     -1.816817     17.968586     17.968586     35.937171
     -1.806807     16.926940     16.926940     33.853879
     -1.796797     16.118489     16.118489     32.236978
     -1.786787     15.547435     15.547435     31.094871
     -1.776777     15.098420     15.098420     30.196840
     -1.766767     14.636858     14.636858     29.273716
     -1.756757     14.110400     14.110400     28.220799
     -1.746747     13.587398     13.587398     27.174795
     -1.736737     13.206603     13.206603     26.413205
     -1.726727     13.071399     13.071399     26.142798
     -1.716717     13.161011     13.161011     26.322023
     -1.706707     13.321958     13.321958     26.643916
     -1.696697     13.350653     13.350653     26.701305
     -1.686687     13.117236     13.117236     26.234471
     -1.676677     12.651769     12.651769     25.303538
     -1.666667     12.135528     12.135528     24.271056
     -1.656657     11.798053     11.798053     23.596105
     -1.646647     11.778261     11.778261     23.556523
     -1.636637     12.030421     12.030421     24.060843
     -1.626627     12.330899     12.330899     24.661797
     -1.616617     12.385741     12.385741     24.771483
     -1.606607     11.985470     11.985470     23.970941
     -1.596597     11.131644     11.131644     22.263287
     -1.586587     10.078351     10.078351     20.156702
     -1.576577      9.274851      9.274851     18.549701
     -1.566567      9.235580      9.235580     18.471161
     -1.556557     10.382223     10.382223     20.764446
     -1.546547     12.900567     12.900567     25.801134
     -1.536537     16.646525     16.646525     33.293051
     -1.526527     21.129525     21.129525     42.259050
     -1.516517     25.591875     25.591875     51.183750
     -1.506507     29.178963     29.178963     58.357927
     -1.496496     31.158706     31.158706     62.317412
     -1.486486     31.119028     31.119028     62.238055
     -1.476476     29.072399     29.072399     58.144798
     -1.466466     25.432292     25.432292     50.864585
     -1.456456     20.879493     20.879493     41.758986
     -1.446446     16.176978     16.176978     32.353956
     -1.436436     12.000752     12.000752     24.001504
     -1.426426      8.831485      8.831485     17.662970
     -1.416416      6.915668      6.915668     13.831335
     -1.406406      6.276850      6.276850     12.553699
     -1.396396      6.750642      6.750642     13.501284
     -1.386386      8.029835      8.029835     16.059670
     -1.376376      9.723324      9.723324     19.446647
     -1.366366     11.436595     11.436595     22.873191
     -1.356356     12.865649     12.865649     25.731298
     -1.346346     13.872668     13.872668     27.745336
     -1.336336     14.504010     14.504010     29.008020
     -1.326326     14.933490     14.933490     29.866980
     -1.316316     15.355931     15.355931     30.711861
     -1.306306     15.886928     15.886928     31.773857
     -1.296296     16.518984     16.518984     33.037968
     -1.286286     17.144506     17.144506     34.289011
     -1.276276     17.613820     17.613820     35.227640
     -1.266266     17.784141     17.784141     35.568283
     -1.256256     17.539044     17.539044     35.078088
     -1.246246     16.791736     16.791736     33.583471
     -1.236236     15.497372     15.497372     30.994745
     -1.226226     13.681560     13.681560     27.363120
     -1.216216     11.465193     11.465193     22.930386
     -1.206206      9.057978      9.057978     18.115955
     -1.196196      6.712178      6.712178     13.424356
     -1.186186      4.656767      4.656767      9.313535
     -1.176176      3.046002      3.046002      6.092003
     -1.166166      1.946138      1.946138      3.892277
     -1.156156      1.359941      1.359941      2.719883
     -1.146146      1.268143      1.268143      2.536286
     -1.136136      1.660810      1.660810      3.321620
     -1.126126      2.539355      2.539355      5.078710
     -1.116116      3.886058      3.886058      7.772116
     -1.106106      5.616126      5.616126     11.232251
     -1.096096      7.541223      7.541223     15.082446
     -1.086086      9.375344      9.375344     18.750688
     -1.076076     10.798204     10.798204     21.596408
     -1.066066     11.561147     11.561147     23.122293
     -1.056056     11.591081     11.591081     23.182162
     -1.046046     11.038684     11.038684     22.077369
     -1.036036     10.237791     10.237791     20.475582
     -1.026026      9.584343      9.584343     19.168686
     -1.016016      9.382905      9.382905     18.765809
     -1.006006      9.725625      9.725625     19.451250
     -0.995996     10.455307     10.455307     20.910614
     -0.985986     11.228328     11.228328     22.456656
     -0.975976     11.650567     11.650567     23.301133
     -0.965966     11.428336     11.428336     22.856671
     -0.955956     10.470990     10.470990     20.941979
     -0.945946      8.906222      8.906222     17.812444
     -0.935936      7.011511      7.011511     14.023022
     -0.925926      5.102802      5.102802     10.205604
     -0.915916      3.434198      3.434198      6.868395
     -0.905906      2.146460      2.146460      4.292921
     -0.895896      1.271561      1.271561      2.543122
     -0.885886      0.774974      0.774974      1.549948
     -0.875876      0.608164      0.608164      1.216327
     -0.865866      0.748703      0.748703      1.497407
     -0.855856      1.215656      1.215656      2.431312
     -0.845846      2.056439      2.056439      4.112878
     -0.835836      3.308211      3.308211      6.616421
     -0.825826      4.945081      4.945081      9.890162
     -0.815816      6.832518      6.832518     13.665036
     -0.805806      8.715954      8.715954     17.431908
     -0.795796     10.262814     10.262814     20.525629
     -0.785786     11.153509     11.153509     22.307018
     -0.775776     11.187806     11.187806     22.375612
     -0.765766     10.357757     10.357757     20.715513
     -0.755756      8.850636      8.850636     17.701272
     -0.745746      6.980324      6.980324     13.960647
     -0.735736      5.081492      5.081492     10.162984
     -0.725726      3.415345      3.415345      6.830689
     -0.715716      2.122162      2.122162      4.244323
     -0.705706      1.227177      1.227177      2.454354
     -0.695696      0.682078      0.682078      1.364155
     -0.685686      0.416323      0.416323      0.832647
     -0.675676      0.378794      0.378794      0.757588
     -0.665666      0.561130      0.561130      1.122260
     -0.655656      1.001190      1.001190      2.002381
     -0.645646      1.766627      1.766627      3.533254
     -0.635636      2.919128      2.919128      5.838256
     -0.625626      4.464817      4.464817      8.929635
     -0.615616      6.306509      6.306509     12.613017
     -0.605606      8.222615      8.222615     16.445230
     -0.595596      9.895264      9.895264     19.790528
     -0.585586     10.990908     10.990908     21.981816
     -0.575576     11.267485     11.267485     22.534969
     -0.565566     10.661230     10.661230     21.322459
     -0.555556      9.310532      9.310532     18.621064
     -0.545546      7.504617      7.504617     15.009234
     -0.535536      5.583023      5.583023     11.166046
     -0.525526      3.833515      3.833515      7.667030
     -0.515516      2.429471      2.429471      4.858942
     -0.505506      1.421063      1.421063      2.842125
     -0.495495      0.767187      0.767187      1.534375
     -0.485485      0.382276      0.382276      0.764551
     -0.475475      0.175808      0.175808      0.351616
     -0.465465      0.074626      0.074626      0.149251
     -0.455455      0.029236      0.029236      0.058473
     -0.445445      0.010572      0.010572      0.021144
     -0.435435      0.003529      0.003529      0.007058
     -0.425425      0.001090      0.001090      0.002179
     -0.415415      0.000322      0.000322      0.000643
     -0.405405      0.000134      0.000134      0.000269
     -0.395395      0.000227      0.000227      0.000455
     -0.385385      0.000753      0.000753      0.001506
     -0.375375      0.002490      0.002490      0.004980
     -0.365365      0.007643      0.007643      0.015285
     -0.355355      0.021656      0.021656      0.043311
     -0.345345      0.056636      0.056636      0.113273
     -0.335335      0.136713      0.136713      0.273425
     -0.325325      0.304585      0.304585      0.609171
     -0.315315      0.626320      0.626320      1.252639
     -0.305305      1.188693      1.188693      2.377386
     -0.295295      2.082238      2.082238      4.164477
     -0.285285      3.366495      3.366495      6.732990
     -0.275275      5.023569      5.023569     10.047138
     -0.265265      6.918845      6.918845     13.837689
     -0.255255      8.795117      8.795117     17.590235
     -0.245245     10.318975     10.318975     20.637950
     -0.235235     11.174249     11.174249     22.348498
     -0.225225     11.168297     11.168297     22.336594
     -0.215215     10.302495     10.302495     20.604991
     -0.205205      8.771720      8.771720     17.543440
     -0.195195      6.893090      6.893090     13.786179
     -0.185185      4.999539      4.999539      9.999077
     -0.175175      3.346823      3.346823      6.693647
     -0.165165      2.067867      2.067867      4.135733
     -0.155155      1.179232      1.179232      2.358463
     -0.145145      0.620673      0.620673      1.241345
     -0.135135      0.301518      0.301518      0.603035
     -0.125125      0.135192      0.135192      0.270383
     -0.115115      0.055947      0.055947      0.111893
     -0.105105      0.021369      0.021369      0.042738
     -0.095095      0.007533      0.007533      0.015066
     -0.085085      0.002451      0.002451      0.004902
     -0.075075      0.000736      0.000736      0.001472
     -0.065065      0.000204      0.000204      0.000408
     -0.055055      0.000052      0.000052      0.000104
     -0.045045      0.000012      0.000012      0.000025
     -0.035035      0.000003      0.000003      0.000005
     -0.025025      0.000001      0.000001      0.000001
     -0.015015      0.000000      0.000000      0.000000
     -0.005005      0.000000      0.000000      0.000000
      0.005005      0.000000      0.000000      0.000000
      0.015015      0.000000      0.000000      0.000000
      0.025025      0.000001      0.000001      0.000001
      0.035035      0.000003      0.000003      0.000005
      0.045045      0.000012      0.000012      0.000025
      0.055055      0.000052      0.000052      0.000104
      0.065065      0.000204      0.000204      0.000408
      0.075075      0.000736      0.000736      0.001472
      0.085085      0.002451      0.002451      0.004902
      0.095095      0.007533      0.007533      0.015066
      0.105105      0.021369      0.021369      0.042738
      0.115115      0.055947      0.055947      0.111893
      0.125125      0.135192      0.135192      0.270383
      0.135135      0.301518      0.301518      0.603035
      0.145145      0.620673      0.620673      1.241345
      0.155155      1.179232      1.179232      2.358463
      0.165165      2.067867      2.067867      4.135733
      0.175175      3.346823      3.346823      6.693647
      0.185185      4.999539      4.999539      9.999077
      0.195195      6.893090      6.893090     13.786179
      0.205205      8.771720      8.771720     17.543440
      0.215215     10.302495     10.302495     20.604991
      0.225225     11.168297     11.168297     22.336594
      0.235235     11.174249     11.174249     22.348498
      0.245245     10.318975     10.318975     20.637950
      0.255255      8.795117      8.795117     17.590235
      0.265265      6.918845      6.918845     13.837689
      0.275275      5.023569      5.023569     10.047138
      0.285285      3.366495      3.366495      6.732990
      0.295295      2.082238      2.082238      4.164477
      0.305305      1.188693      1.188693      2.377386
      0.315315      0.626320      0.626320      1.252639
      0.325325      0.304585      0.304585      0.609171
      0.335335      0.136713      0.136713      0.273425
      0.345345      0.056636      0.056636      0.113273
      0.355355      0.021656      0.021656      0.043311
      0.365365      0.007642      0.007642      0.015285
      0.375375      0.002490      0.002490      0.004979
      0.385385      0.000750      0.000750      0.001500
      0.395395      0.000215      0.000215      0.000429
      0.405405      0.000084      0.000084      0.000167
      0.415415      0.000135      0.000135      0.000270
      0.425425      0.000458      0.000458      0.000916
      0.435435      0.001563      0.001563      0.003126
      0.445445      0.004951      0.004951      0.009903
      0.455455      0.014482      0.014482      0.028964
      0.465465      0.039095      0.039095      0.078190
      0.475475      0.097410      0.097410      0.194820
      0.485485      0.224012      0.224012      0.448025
      0.495495      0.475475      0.475475      0.950951
      0.505506      0.931474      0.931474      1.862948
      0.515516      1.684226      1.684226      3.368453
      0.525526      2.810716      2.810716      5.621432
      0.535536      4.329327      4.329327      8.658654
      0.545546      6.154754      6.154754     12.309508
      0.555556      8.075847      8.075847     16.151693
      0.565566      9.780317      9.780317     19.560633
      0.575576     10.932187     10.932187     21.864373
      0.585586     11.278639     11.278639     22.557279
      0.595596     10.740506     10.740506     21.481012
      0.605606      9.442644      9.442644     18.885287
      0.615616      7.669395      7.669395     15.338791
      0.625626      5.768987      5.768987     11.537975
      0.635636      4.054338      4.054338      8.108676
      0.645646      2.742650      2.742650      5.485300
      0.655656      1.948634      1.948634      3.897267
      0.665666      1.715571      1.715571      3.431141
      0.675676      2.051960      2.051960      4.103921
      0.685686      2.945216      2.945216      5.890432
      0.695696      4.342784      4.342784      8.685568
      0.705706      6.114796      6.114796     12.229592
      0.715716      8.029324      8.029324     16.058648
      0.725726      9.771613      9.771613     19.543226
      0.735736     11.018637     11.018637     22.037275
      0.745746     11.547807     11.547807     23.095613
      0.755756     11.331930     11.331930     22.663860
      0.765766     10.570023     10.570023     21.140045
      0.775776      9.629788      9.629788     19.259577
      0.785786      8.918749      8.918749     17.837498
      0.795796      8.734348      8.734348     17.468696
      0.805806      9.152841      9.152841     18.305683
      0.815816     10.000694     10.000694     20.001389
      0.825826     10.919599     10.919599     21.839198
      0.835836     11.499730     11.499730     22.999459
      0.845846     11.428390     11.428390     22.856780
      0.855856     10.594619     10.594619     21.189238
      0.865866      9.110292      9.110292     18.220583
      0.875876      7.247115      7.247115     14.494229
      0.885886      5.326532      5.326532     10.653064
      0.895896      3.615113      3.615113      7.230225
      0.905906      2.265079      2.265079      4.530158
      0.915916      1.310029      1.310029      2.620057
      0.925926      0.699395      0.699395      1.398790
      0.935936      0.344864      0.344864      0.689727
      0.945946      0.157753      0.157753      0.315507
      0.955956      0.069212      0.069212      0.138425
      0.965966      0.035813      0.035813      0.071627
      0.975976      0.037748      0.037748      0.075495
      0.985986      0.076266      0.076266      0.152532
      0.995996      0.173941      0.173941      0.347881
      1.006006      0.377603      0.377603      0.755205
      1.016016      0.760170      0.760170      1.520341
      1.026026      1.414828      1.414828      2.829656
      1.036036      2.435101      2.435101      4.870202
      1.046046      3.879697      3.879697      7.759394
      1.056056      5.731661      5.731661     11.463321
      1.066066      7.872254      7.872254     15.744507
      1.076076     10.091554     10.091554     20.183108
      1.086086     12.142993     12.142993     24.285986
      1.096096     13.822355     13.822355     27.644711
      1.106106     15.030844     15.030844     30.061689
      1.116116     15.786066     15.786066     31.572132
      1.126126     16.177080     16.177080     32.354160
      1.136136     16.298390     16.298390     32.596780
      1.146146     16.211436     16.211436     32.422872
      1.156156     15.957033     15.957033     31.914066
      1.166166     15.597461     15.597461     31.194922
      1.176176     15.240699     15.240699     30.481399
      1.186186     15.015162     15.015162     30.030325
      1.196196     15.008151     15.008151     30.016303
      1.206206     15.215816     15.215816     30.431632
      1.216216     15.545766     15.545766     31.091531
      1.226226     15.870817     15.870817     31.741635
      1.236236     16.090628     16.090628     32.181256
      1.246246     16.153523     16.153523     32.307045
      1.256256     16.027350     16.027350     32.054699
      1.266266     15.653678     15.653678     31.307356
      1.276276     14.934689     14.934689     29.869377
      1.286286     13.774486     13.774486     27.548972
      1.296296     12.150802     12.150802     24.301604
      1.306306     10.167796     10.167796     20.335591
      1.316316      8.054825      8.054825     16.109650
      1.326326      6.114922      6.114922     12.229843
      1.336336      4.657487      4.657487      9.314974
      1.346346      3.950245      3.950245      7.900491
      1.356356      4.199965      4.199965      8.399929
      1.366366      5.543456      5.543456     11.086912
      1.376376      8.022735      8.022735     16.045469
      1.386386     11.536713     11.536713     23.073427
      1.396396     15.792455     15.792455     31.584910
      1.406406     20.297766     20.297766     40.595532
      1.416416     24.426371     24.426371     48.852742
      1.426426     27.549767     27.549767     55.099535
      1.436436     29.189727     29.189727     58.379454
      1.446446     29.130457     29.130457     58.260914
      1.456456     27.450394     27.450394     54.900788
      1.466466     24.474511     24.474511     48.949021
      1.476476     20.680374     20.680374     41.360748
      1.486486     16.597756     16.597756     33.195511
      1.496496     12.727342     12.727342     25.454684
      1.506507      9.486066      9.486066     18.972133
      1.516517      7.176095      7.176095     14.352190
      1.526527      5.971277      5.971277     11.942553
      1.536537      5.914434      5.914434     11.828868
      1.546547      6.920612      6.920612     13.841223
      1.556557      8.786850      8.786850     17.573700
      1.566567     11.215556     11.215556     22.431111
      1.576577     13.859008     13.859008     27.718015
      1.586587     16.383183     16.383183     32.766367
      1.596597     18.535766     18.535766     37.071531
      1.606607     20.197037     20.197037     40.394074
      1.616617     21.398451     21.398451     42.796902
      1.626627     22.305673     22.305673     44.611347
      1.636637     23.170845     23.170845     46.341690
      1.646647     24.260687     24.260687     48.521374
      1.656657     25.770251     25.770251     51.540503
      1.666667     27.742652     27.742652     55.485304
      1.676677     30.027129     30.027129     60.054258
      1.686687     32.306414     32.306414     64.612829
      1.696697     34.199489     34.199489     68.398977
      1.706707     35.404508     35.404508     70.809017
      1.716717     35.813080     35.813080     71.626159
      1.726727     35.528978     35.528978     71.057956
      1.736737     34.772269     34.772269     69.544538
      1.746747     33.721665     33.721665     67.443330
      1.756757     32.396415     32.396415     64.792831
      1.766767     30.663086     30.663086     61.326173
      1.776777     28.374046     28.374046     56.748092
      1.786787     25.553924     25.553924     51.107848
      1.796797     22.511640     22.511640     45.023281
      1.806807     19.795811     19.795811     39.591622
      1.816817     18.001731     18.001731     36.003462
      1.826827     17.520053     17.520053     35.040105
      1.836837     18.346819     18.346819     36.693638
      1.846847     20.044888     20.044888     40.089776
      1.856857     21.879956     21.879956     43.759912
      1.866867     23.080454     23.080454     46.160908
      1.876877     23.117132     23.117132     46.234264
      1.886887     21.886899     21.886899     43.773797
      1.896897     19.725158     19.725158     39.450317
      1.906907     17.247089     17.247089     34.494178
      1.916917     15.094874     15.094874     30.189747
      1.926927     13.706082     13.706082     27.412165
      1.936937     13.200501     13.200501     26.401003
      1.946947     13.420881     13.420881     26.841761
      1.956957     14.088993     14.088993     28.177985
      1.966967     14.985980     14.985980     29.971961
      1.976977     16.058447     16.058447     32.116894
      1.986987     17.394126     17.394126     34.788253
      1.996997     19.085634     19.085634     38.171267
      2.007007     21.069796     21.069796     42.139592
      2.017017     23.051433     23.051433     46.102867
      2.027027     24.574737     24.574737     49.149475
      2.037037     25.214560     25.214560     50.429121
      2.047047     24.779981     24.779981     49.559961
      2.057057     23.408077     23.408077     46.816154
      2.067067     21.490226     21.490226     42.980453
      2.077077     19.475524     19.475524     38.951047
      2.087087     17.668416     17.668416     35.336833
      2.097097     16.134147     16.134147     32.268294
      2.107107     14.753107     14.753107     29.506213
      2.117117     13.375486     13.375486     26.750973
      2.127127     11.977523     11.977523     23.955047
      2.137137     10.733824     10.733824     21.467649
      2.147147      9.977202      9.977202     19.954405
      2.157157     10.076918     10.076918     20.153835
      2.167167     11.296091     11.296091     22.592181
      2.177177     13.683564     13.683564     27.367128
      2.187187     17.029895     17.029895     34.059791
      2.197197     20.890799     20.890799     41.781598
      2.207207     24.665033     24.665033     49.330065
      2.217217     27.707541     27.707541     55.415083
      2.227227     29.457035     29.457035     58.914071
      2.237237     29.554744     29.554744     59.109488
      2.247247     27.927250     27.927250     55.854500
      2.257257     24.806844     24.806844     49.613688
      2.267267     20.675403     20.675403     41.350807
      2.277277     16.143496     16.143496     32.286992
      2.287287     11.804253     11.804253     23.608506
      2.297297      8.114413      8.114413     16.228826
      2.307307      5.342633      5.342633     10.685266
      2.317317      3.593575      3.593575      7.187151
      2.327327      2.883157      2.883157      5.766314
      2.337337      3.221926      3.221926      6.443851
      2.347347      4.665263      4.665263      9.330526
      2.357357      7.305888      7.305888     14.611775
      2.367367     11.207470     11.207470     22.414939
      2.377377     16.301431     16.301431     32.602862
      2.387387     22.287268     22.287268     44.574536
      2.397397     28.584607     28.584607     57.169213
      2.407407     34.376487     34.376487     68.752974
      2.417417     38.755288     38.755288     77.510576
      2.427427     40.940854     40.940854     81.881708
      2.437437     40.501129     40.501129     81.002258
      2.447447     37.490677     37.490677     74.981353
      2.457457     32.446361     32.446361     64.892721
      2.467467     26.236626     26.236626     52.473251
      2.477477     19.823911     19.823911     39.647822
      2.487487     14.034452     14.034452     28.068904
      2.497497      9.417301      9.417301     18.834602
      2.507508      6.224362      6.224362     12.448725
      2.517518      4.485853      4.485853      8.971706
      2.527528      4.120797      4.120797      8.241594
      2.537538      5.022344      5.022344     10.044688
      2.547548      7.084905      7.084905     14.169810
      2.557558     10.175937     10.175937     20.351874
      2.567568     14.082341     14.082341     28.164681
      2.577578     18.470648     18.470648     36.941297
      2.587588     22.891313     22.891313     45.782626
      2.597598     26.837206     26.837206     53.674412
      2.607608     29.843753     29.843753     59.687506
      2.617618     31.600323     31.600323     63.200646
      2.627628     32.034260     32.034260     64.068520
      2.637638     31.334107     31.334107     62.668213
      2.647648     29.899087     29.899087     59.798175
      2.657658     28.232579     28.232579     56.465159
      2.667668     26.822911     26.822911     53.645823
      2.677678     26.057540     26.057540     52.115080
      2.687688     26.191898     26.191898     52.383796
      2.697698     27.358394     27.358394     54.716788
      2.707708     29.580218     29.580218     59.160435
      2.717718     32.762660     32.762660     65.525320
      2.727728     36.662808     36.662808     73.325617
      2.737738     40.865124     40.865124     81.730249
      2.747748     44.799253     44.799253     89.598506
      2.757758     47.823976     47.823976     95.647952
      2.767768     49.372568     49.372568     98.745136
      2.777778     49.119372     49.119372     98.238743
      2.787788     47.100653     47.100653     94.201305
      2.797798     43.724735     43.724735     87.449470
      2.807808     39.647536     39.647536     79.295072
      2.817818     35.554913     35.554913     71.109826
      2.827828     31.944675     31.944675     63.889349
      2.837838     29.003899     29.003899     58.007799
      2.847848     26.627705     26.627705     53.255410
      2.857858     24.554648     24.554648     49.109295
      2.867868     22.542499     22.542499     45.084998
      2.877878     20.499449     20.499449     40.998897
      2.887888     18.516512     18.516512     37.033024
      2.897898     16.797596     16.797596     33.595192
      2.907908     15.531856     15.531856     31.063712
      2.917918     14.779329     14.779329     29.558657
      2.927928     14.432570     14.432570     28.865140
      2.937938     14.274882     14.274882     28.549764
      2.947948     14.099471     14.099471     28.198942
      2.957958     13.816288     13.816288     27.632575
      2.967968     13.479870     13.479870     26.959741
      2.977978     13.221000     13.221000     26.441999
      2.987988     13.126610     13.126610     26.253220
      2.997998     13.145824     13.145824     26.291649
      3.008008     13.083005     13.083005     26.166010
      3.018018     12.683236     12.683236     25.366472
      3.028028     11.758852     11.758852     23.517704
      3.038038     10.283985     10.283985     20.567971
      3.048048      8.408398      8.408398     16.816795
      3.058058      6.392047      6.392047     12.784094
      3.068068      4.503554      4.503554      9.007109
      3.078078      2.935572      2.935572      5.871144
      3.088088      1.769117      1.769117      3.538234
      3.098098      0.987140      0.987140      1.974280
      3.108108      0.515851      0.515851      1.031702
      3.118118      0.269086      0.269086      0.538173
      3.128128      0.180911      0.180911      0.361822
      3.138138      0.223905      0.223905      0.447811
      3.148148      0.417407      0.417407      0.834814
      3.158158      0.829638      0.829638      1.659275
      3.168168      1.573178      1.573178      3.146356
      3.178178      2.789338      2.789338      5.578676
      3.188188      4.617406      4.617406      9.234812
      3.198198      7.150540      7.150540     14.301079
      3.208208     10.388189     10.388189     20.776379
      3.218218     14.199915     14.199915     28.399831
      3.228228     18.313412     18.313412     36.626823
      3.238238     22.332286     22.332286     44.664572
      3.248248     25.782639     25.782639     51.565277
      3.258258     28.185119     28.185119     56.370238
      3.268268     29.146939     29.146939     58.293878
      3.278278     28.459318     28.459318     56.918636
      3.288288     26.171371     26.171371     52.342742
      3.298298     22.604680     22.604680     45.209361
      3.308308     18.287911     18.287911     36.575822
      3.318318     13.825927     13.825927     27.651855
      3.328328      9.752035      9.752035     19.504071
      3.338338      6.421094      6.421094     12.842188
      3.348348      3.978760      3.978760      7.957520
      3.358358      2.403720      2.403720      4.807441
      3.368368      1.589272      1.589272      3.178545
      3.378378      1.421838      1.421838      2.843676
      3.388388      1.824805      1.824805      3.649609
      3.398398      2.755799      2.755799      5.511599
      3.408408      4.165387      4.165387      8.330774
      3.418418      5.941273      5.941273     11.882547
      3.428428      7.871290      7.871290     15.742581
      3.438438      9.655202      9.655202     19.310404
      3.448448     10.975580     10.975580     21.951161
      3.458458     11.606496     11.606496     23.212992
      3.468468     11.511750     11.511750     23.023500
      3.478478     10.880406     10.880406     21.760812
      3.488488     10.073003     10.073003     20.146005
      3.498498      9.494681      9.494681     18.989361
      3.508509      9.447965      9.447965     18.895929
      3.518519     10.028781     10.028781     20.057563
      3.528529     11.109705     11.109705     22.219409
      3.538539     12.414176     12.414176     24.828352
      3.548549     13.642685     13.642685     27.285370
      3.558559     14.586958     14.586958     29.173917
      3.568569     15.176048     15.176048     30.352097
      3.578579     15.438405     15.438405     30.876810
      3.588589     15.415112     15.415112     30.830224
      3.598599     15.088539     15.088539     30.177079
      3.608609     14.376375     14.376375     28.752750
      3.618619     13.192637     13.192637     26.385275
      3.628629     11.530003     11.530003     23.060007
      3.638639      9.505438      9.505438     19.010876
      3.648649      7.339691      7.339691     14.679382
      3.658659      5.286137      5.286137     10.572273
      3.668669      3.552905      3.552905      7.105809
      3.678679      2.258706      2.258706      4.517411
      3.688689      1.436449      1.436449      2.872899
      3.698699      1.070923      1.070923      2.141845
      3.708709      1.142853      1.142853      2.285706
      3.718719      1.653801      1.653801      3.307602
      3.728729      2.618356      2.618356      5.236713
      3.738739      4.025778      4.025778      8.051556
      3.748749      5.788719      5.788719     11.577438
      3.758759      7.707745      7.707745     15.415491
      3.768769      9.480045      9.480045     18.960091
      3.778779     10.763827     10.763827     21.527654
      3.788789     11.280571     11.280571     22.561141
      3.798799     10.911577     10.911577     21.823153
      3.808809      9.741640      9.741640     19.483280
      3.818819      8.027195      8.027195     16.054390
      3.828829      6.104956      6.104956     12.209912
      3.838839      4.285372      4.285372      8.570743
      3.848849      2.776412      2.776412      5.552823
      3.858859      1.660289      1.660289      3.320577
      3.868869      0.916622      0.916622      1.833244
      3.878879      0.467958      0.467958      0.935916
      3.888889      0.223355      0.223355      0.446711
      3.898899      0.106873      0.106873      0.213746
      3.908909      0.070146      0.070146      0.140292
      3.918919      0.095304      0.095304      0.190607
      3.928929      0.195079      0.195079      0.390159
      3.938939      0.413374      0.413374      0.826748
      3.948949      0.824466      0.824466      1.648932
      3.958959      1.525122      1.525122      3.050245
      3.968969      2.613611      2.613611      5.227223
      3.978979      4.155156      4.155156      8.310313
      3.988989      6.143928      6.143928     12.287856
      3.998999      8.481373      8.481373     16.962747
      4.009009     10.990221     10.990221     21.980442
      4.019019     13.467278     13.467278     26.934555
      4.029029     15.752406     15.752406     31.504813
      4.039039     17.773716     17.773716     35.547432
      4.049049     19.537291     19.537291     39.074582
      4.059059     21.063814     21.063814     42.127627
      4.069069     22.312656     22.312656     44.625312
      4.079079     23.148056     23.148056     46.296111
      4.089089     23.379154     23.379154     46.758308
      4.099099     22.859855     22.859855     45.719710
      4.109109     21.595150     21.595150     43.190301
      4.119119     19.791968     19.791968     39.583936
      4.129129     17.819294     17.819294     35.638588
      4.139139     16.089452     16.089452     32.178904
      4.149149     14.915516     14.915516     29.831032
      4.159159     14.416075     14.416075     28.832149
      4.169169     14.516840     14.516840     29.033679
      4.179179     15.046611     15.046611     30.093222
      4.189189     15.869698     15.869698     31.739396
      4.199199     16.971920     16.971920     33.943839
      4.209209     18.442991     18.442991     36.885983
      4.219219     20.363496     20.363496     40.726992
      4.229229     22.669478     22.669478     45.338955
      4.239239     25.087373     25.087373     50.174745
      4.249249     27.189999     27.189999     54.379998
      4.259259     28.547843     28.547843     57.095685
      4.269269     28.891766     28.891766     57.783531
      4.279279     28.202459     28.202459     56.404918
      4.289289     26.693351     26.693351     53.386703
      4.299299     24.714888     24.714888     49.429775
      4.309309     22.637004     22.637004     45.274008
      4.319319     20.755290     20.755290     41.510580
      4.329329     19.239666     19.239666     38.479332
      4.339339     18.128631     18.128631     36.257262
      4.349349     17.368700     17.368700     34.737399
      4.359359     16.889964     16.889964     33.779929
      4.369369     16.686487     16.686487     33.372974
      4.379379     16.851258     16.851258     33.702515
      4.389389     17.526835     17.526835     35.053669
      4.399399     18.781111     18.781111     37.562222
      4.409409     20.475399     20.475399     40.950797
      4.419419     22.215375     22.215375     44.430750
      4.429429     23.439653     23.439653     46.879306
      4.439439     23.622551     23.622551     47.245102
      4.449449     22.496349     22.496349     44.992698
      4.459459     20.180992     20.180992     40.361983
      4.469469     17.156919     17.156919     34.313838
      4.479479     14.097263     14.097263     28.194525
      4.489489     11.639172     11.639172     23.278344
      4.499499     10.189003     10.189003     20.378006
      4.509510      9.826869      9.826869     19.653738
      4.519520     10.329775     10.329775     20.659551
      4.529530     11.293061     11.293061     22.586122
      4.539540     12.304002     12.304002     24.608003
      4.549550     13.106579     13.106579     26.213157
      4.559560     13.694682     13.694682     27.389363
      4.569570     14.290886     14.290886     28.581772
      4.579580     15.212120     15.212120     30.424239
      4.589590     16.677583     16.677583     33.355166
      4.599600     18.650170     18.650170     37.300340
      4.609610     20.795821     20.795821     41.591642
      4.619620     22.592541     22.592541     45.185082
      4.629630     23.545729     23.545729     47.091459
      4.639640     23.408607     23.408607     46.817214
      4.649650     22.299615     22.299615     44.599231
      4.659660     20.659622     20.659622     41.319245
      4.669670     19.073555     19.073555     38.147110
      4.679680     18.047484     18.047484     36.094968
      4.689690     17.845962     17.845962     35.691925
      4.699700     18.451125     18.451125     36.902249
      4.709710     19.634802     19.634802     39.269605
      4.719720     21.081580     21.081580     42.163160
      4.729730     22.492794     22.492794     44.985587
      4.739740     23.635506     23.635506     47.271011
      4.749750     24.346958     24.346958     48.693916
      4.759760     24.531400     24.531400     49.062799
      4.769770     24.178499     24.178499     48.356997
      4.779780     23.401449     23.401449     46.802897
      4.789790     22.462943     22.462943     44.925886
      4.799800     21.750149     21.750149     43.500298
      4.809810     21.682344     21.682344     43.364688
      4.819820     22.575054     22.575054     45.150108
      4.829830     24.517399     24.517399     49.034799
      4.839840     27.321408     27.321408     54.642815
      4.849850     30.568228     30.568228     61.136455
      4.859860     33.726953     33.726953     67.453906
      4.869870     36.290122     36.290122     72.580244
      4.879880     37.875350     37.875350     75.750700
      4.889890     38.274303     38.274303     76.548607
      4.899900     37.458676     37.458676     74.917353
      4.909910     35.558113     35.558113     71.116226
      4.919920     32.814955     32.814955     65.629910
      4.929930     29.517989     29.517989     59.035978
      4.939940     25.930922     25.930922     51.861844
      4.949950     22.245207     22.245207     44.490415
      4.959960     18.579372     18.579372     37.158743
      4.969970     15.017827     15.017827     30.035653
      4.979980     11.655273     11.655273     23.310546
      4.989990      8.612107      8.612107     17.224215
      5.000000      6.011655      6.011655     12.023310
