# EIG2DOS: Utility for SIESTA to obtain the electronic density of states
#  E. Artacho, Apr 1999, A. Garcia, Apr 2012
#  Nick R. Papior, Feb 2017
# ------------------------------------------
# Eigenvalues calculated from a non-polarized calculation
# Eigenvalues read from siesta.EIG
# Kpoint weights read from siesta.KP
# Using smearing parameter:   0.0500
# Using 1000 points in the energy range
# Selected bands: 1 to: 2981
# Emin, Emax in file for selected band(s):    -27.3778929    218.3826110
# Nbands, Nspin, Nk   =   2981     1     1
# E_F                 =    -4.2237 eV --> (shifted to ZERO)
# Broadening          =     0.0500 eV
#
#        E            N(up)  (=)   N(down)         Ntot
     -5.000000     31.572402     31.572402     63.144804
     -4.989990     36.330976     36.330976     72.661951
     -4.979980     40.828030     40.828030     81.656059
     -4.969970     44.326591     44.326591     88.653182
     -4.959960     46.185690     46.185690     92.371380
     -4.949950     46.070466     46.070466     92.140932
     -4.939940     44.068597     44.068597     88.137193
     -4.929930     40.678688     40.678688     81.357375
     -4.919920     36.696113     36.696113     73.392226
     -4.909910     33.052100     33.052100     66.104201
     -4.899900     30.649274     30.649274     61.298548
     -4.889890     30.203604     30.203604     60.407208
     -4.879880     32.087350     32.087350     64.174701
     -4.869870     36.190062     36.190062     72.380125
     -4.859860     41.855320     41.855320     83.710640
     -4.849850     47.964763     47.964763     95.929526
     -4.839840     53.197253     53.197253    106.394506
     -4.829830     56.403676     56.403676    112.807352
     -4.819820     56.960489     56.960489    113.920979
     -4.809810     54.952890     54.952890    109.905781
     -4.799800     51.107074     51.107074    102.214149
     -4.789790     46.503939     46.503939     93.007878
     -4.779780     42.200077     42.200077     84.400154
     -4.769770     38.908069     38.908069     77.816138
     -4.759760     36.843099     36.843099     73.686199
     -4.749750     35.761227     35.761227     71.522454
     -4.739740     35.139887     35.139887     70.279774
     -4.729730     34.410246     34.410246     68.820491
     -4.719720     33.149642     33.149642     66.299285
     -4.709710     31.174361     31.174361     62.348722
     -4.699700     28.525048     28.525048     57.050095
     -4.689690     25.387445     25.387445     50.774890
     -4.679680     22.013727     22.013727     44.027454
     -4.669670     18.691727     18.691727     37.383454
     -4.659660     15.764012     15.764012     31.528025
     -4.649650     13.657777     13.657777     27.315554
     -4.639640     12.874864     12.874864     25.749729
     -4.629630     13.910806     13.910806     27.821611
     -4.619620     17.107345     17.107345     34.214690
     -4.609610     22.479097     22.479097     44.958194
     -4.599600     29.582405     29.582405     59.164811
     -4.589590     37.502664     37.502664     75.005329
     -4.579580     45.010865     45.010865     90.021730
     -4.569570     50.875721     50.875721    101.751441
     -4.559560     54.236054     54.236054    108.472107
     -4.549550     54.885138     54.885138    109.770277
     -4.539540     53.335351     53.335351    106.670701
     -4.529530     50.620258     50.620258    101.240516
     -4.519520     47.908952     47.908952     95.817905
     -4.509510     46.091488     46.091488     92.182976
     -4.499499     45.501902     45.501902     91.003803
     -4.489489     45.876493     45.876493     91.752987
     -4.479479     46.538151     46.538151     93.076302
     -4.469469     46.705414     46.705414     93.410829
     -4.459459     45.787968     45.787968     91.575936
     -4.449449     43.558456     43.558456     87.116911
     -4.439439     40.162670     40.162670     80.325340
     -4.429429     36.006660     36.006660     72.013319
     -4.419419     31.602625     31.602625     63.205250
     -4.409409     27.448554     27.448554     54.897108
     -4.399399     23.970865     23.970865     47.941730
     -4.389389     21.508389     21.508389     43.016777
     -4.379379     20.294513     20.294513     40.589027
     -4.369369     20.414386     20.414386     40.828772
     -4.359359     21.756078     21.756078     43.512157
     -4.349349     24.002191     24.002191     48.004381
     -4.339339     26.697141     26.697141     53.394281
     -4.329329     29.381955     29.381955     58.763910
     -4.319319     31.743873     31.743873     63.487745
     -4.309309     33.712712     33.712712     67.425423
     -4.299299     35.457562     35.457562     70.915125
     -4.289289     37.280140     37.280140     74.560280
     -4.279279     39.442319     39.442319     78.884639
     -4.269269     41.991333     41.991333     83.982666
     -4.259259     44.653612     44.653612     89.307224
     -4.249249     46.854968     46.854968     93.709935
     -4.239239     47.885523     47.885523     95.771046
     -4.229229     47.165493     47.165493     94.330986
     -4.219219     44.506899     44.506899     89.013798
     -4.209209     40.246367     40.246367     80.492733
     -4.199199     35.171518     35.171518     70.343035
     -4.189189     30.262151     30.262151     60.524302
     -4.179179     26.361999     26.361999     52.723997
     -4.169169     23.929659     23.929659     47.859318
     -4.159159     22.970202     22.970202     45.940404
     -4.149149     23.154126     23.154126     46.308251
     -4.139139     24.043629     24.043629     48.087258
     -4.129129     25.308522     25.308522     50.617044
     -4.119119     26.833114     26.833114     53.666228
     -4.109109     28.673375     28.673375     57.346750
     -4.099099     30.895103     30.895103     61.790207
     -4.089089     33.383665     33.383665     66.767330
     -4.079079     35.739078     35.739078     71.478156
     -4.069069     37.337361     37.337361     74.674723
     -4.059059     37.554514     37.554514     75.109029
     -4.049049     36.053250     36.053250     72.106500
     -4.039039     32.984393     32.984393     65.968786
     -4.029029     28.991995     28.991995     57.983990
     -4.019019     25.015520     25.015520     50.031040
     -4.009009     21.988595     21.988595     43.977189
     -3.998999     20.576398     20.576398     41.152796
     -3.988989     21.053455     21.053455     42.106910
     -3.978979     23.335967     23.335967     46.671934
     -3.968969     27.107397     27.107397     54.214794
     -3.958959     31.954055     31.954055     63.908110
     -3.948949     37.458378     37.458378     74.916756
     -3.938939     43.246667     43.246667     86.493334
     -3.928929     49.015384     49.015384     98.030767
     -3.918919     54.550676     54.550676    109.101351
     -3.908909     59.728283     59.728283    119.456566
     -3.898899     64.469337     64.469337    128.938675
     -3.888889     68.649814     68.649814    137.299628
     -3.878879     72.002976     72.002976    144.005952
     -3.868869     74.080169     74.080169    148.160338
     -3.858859     74.319824     74.319824    148.639647
     -3.848849     72.221559     72.221559    144.443119
     -3.838839     67.562560     67.562560    135.125120
     -3.828829     60.562372     60.562372    121.124744
     -3.818819     51.917616     51.917616    103.835233
     -3.808809     42.681006     42.681006     85.362012
     -3.798799     34.021901     34.021901     68.043802
     -3.788789     26.948949     26.948949     53.897898
     -3.778779     22.083076     22.083076     44.166152
     -3.768769     19.544165     19.544165     39.088330
     -3.758759     18.973388     18.973388     37.946776
     -3.748749     19.673506     19.673506     39.347012
     -3.738739     20.822593     20.822593     41.645186
     -3.728729     21.704872     21.704872     43.409745
     -3.718719     21.902885     21.902885     43.805770
     -3.708709     21.404729     21.404729     42.809458
     -3.698699     20.597009     20.597009     41.194019
     -3.688689     20.138231     20.138231     40.276461
     -3.678679     20.737963     20.737963     41.475926
     -3.668669     22.899769     22.899769     45.799538
     -3.658659     26.709726     26.709726     53.419452
     -3.648649     31.751702     31.751702     63.503405
     -3.638639     37.194006     37.194006     74.388013
     -3.628629     42.025693     42.025693     84.051386
     -3.618619     45.354010     45.354010     90.708019
     -3.608609     46.646122     46.646122     93.292243
     -3.598599     45.829106     45.829106     91.658211
     -3.588589     43.234467     43.234467     86.468934
     -3.578579     39.440931     39.440931     78.881863
     -3.568569     35.093207     35.093207     70.186415
     -3.558559     30.753156     30.753156     61.506312
     -3.548549     26.804387     26.804387     53.608774
     -3.538539     23.412195     23.412195     46.824390
     -3.528529     20.540763     20.540763     41.081526
     -3.518519     18.028515     18.028515     36.057029
     -3.508509     15.705247     15.705247     31.410494
     -3.498498     13.509729     13.509729     27.019457
     -3.488488     11.556820     11.556820     23.113641
     -3.478478     10.121425     10.121425     20.242851
     -3.468468      9.542682      9.542682     19.085363
     -3.458458     10.083994     10.083994     20.167988
     -3.448448     11.799285     11.799285     23.598570
     -3.438438     14.454179     14.454179     28.908357
     -3.428428     17.538380     17.538380     35.076760
     -3.418418     20.382120     20.382120     40.764240
     -3.408408     22.353253     22.353253     44.706507
     -3.398398     23.071219     23.071219     46.142437
     -3.388388     22.552630     22.552630     45.105260
     -3.378378     21.222083     21.222083     42.444167
     -3.368368     19.778948     19.778948     39.557896
     -3.358358     18.975900     18.975900     37.951800
     -3.348348     19.398298     19.398298     38.796596
     -3.338338     21.316920     21.316920     42.633841
     -3.328328     24.637410     24.637410     49.274821
     -3.318318     28.927075     28.927075     57.854151
     -3.308308     33.491845     33.491845     66.983689
     -3.298298     37.496785     37.496785     74.993569
     -3.288288     40.137378     40.137378     80.274757
     -3.278278     40.846446     40.846446     81.692891
     -3.268268     39.473072     39.473072     78.946144
     -3.258258     36.342331     36.342331     72.684661
     -3.248248     32.139925     32.139925     64.279849
     -3.238238     27.656049     27.656049     55.312098
     -3.228228     23.507657     23.507657     47.015314
     -3.218218     19.973666     19.973666     39.947332
     -3.208208     17.009591     17.009591     34.019182
     -3.198198     14.404865     14.404865     28.809729
     -3.188188     11.977591     11.977591     23.955181
     -3.178178      9.705437      9.705437     19.410874
     -3.168168      7.750698      7.750698     15.501396
     -3.158158      6.402148      6.402148     12.804296
     -3.148148      5.984831      5.984831     11.969662
     -3.138138      6.775588      6.775588     13.551177
     -3.128128      8.932447      8.932447     17.864894
     -3.118118     12.430731     12.430731     24.861462
     -3.108108     17.009688     17.009688     34.019376
     -3.098098     22.156541     22.156541     44.313083
     -3.088088     27.163720     27.163720     54.327439
     -3.078078     31.272185     31.272185     62.544371
     -3.068068     33.866435     33.866435     67.732870
     -3.058058     34.644834     34.644834     69.289668
     -3.048048     33.685598     33.685598     67.371196
     -3.038038     31.374898     31.374898     62.749796
     -3.028028     28.235546     28.235546     56.471092
     -3.018018     24.747075     24.747075     49.494150
     -3.008008     21.245738     21.245738     42.491477
     -2.997998     17.938060     17.938060     35.876119
     -2.987988     14.992357     14.992357     29.984714
     -2.977978     12.633981     12.633981     25.267961
     -2.967968     11.180273     11.180273     22.360546
     -2.957958     10.993806     10.993806     21.987611
     -2.947948     12.375055     12.375055     24.750111
     -2.937938     15.437815     15.437815     30.875631
     -2.927928     20.012618     20.012618     40.025235
     -2.917918     25.615319     25.615319     51.230638
     -2.907908     31.504235     31.504235     63.008470
     -2.897898     36.826463     36.826463     73.652925
     -2.887888     40.821417     40.821417     81.642833
     -2.877878     43.017928     43.017928     86.035857
     -2.867868     43.349840     43.349840     86.699679
     -2.857858     42.138017     42.138017     84.276033
     -2.847848     39.940171     39.940171     79.880342
     -2.837838     37.330031     37.330031     74.660061
     -2.827828     34.702299     34.702299     69.404598
     -2.817818     32.187865     32.187865     64.375731
     -2.807808     29.708016     29.708016     59.416031
     -2.797798     27.125331     27.125331     54.250662
     -2.787788     24.401302     24.401302     48.802605
     -2.777778     21.673098     21.673098     43.346195
     -2.767768     19.212624     19.212624     38.425248
     -2.757758     17.300669     17.300669     34.601338
     -2.747748     16.096982     16.096982     32.193964
     -2.737738     15.585781     15.585781     31.171562
     -2.727728     15.626143     15.626143     31.252287
     -2.717718     16.068401     16.068401     32.136801
     -2.707708     16.854132     16.854132     33.708264
     -2.697698     18.028332     18.028332     36.056664
     -2.687688     19.653370     19.653370     39.306741
     -2.677678     21.686212     21.686212     43.372425
     -2.667668     23.912679     23.912679     47.825358
     -2.657658     25.998935     25.998935     51.997869
     -2.647648     27.640305     27.640305     55.280609
     -2.637638     28.716265     28.716265     57.432531
     -2.627628     29.350429     29.350429     58.700859
     -2.617618     29.835027     29.835027     59.670054
     -2.607608     30.467578     30.467578     60.935156
     -2.597598     31.399138     31.399138     62.798277
     -2.587588     32.573874     32.573874     65.147749
     -2.577578     33.770002     33.770002     67.540003
     -2.567568     34.690325     34.690325     69.380650
     -2.557558     35.041702     35.041702     70.083403
     -2.547548     34.582502     34.582502     69.165005
     -2.537538     33.160459     33.160459     66.320918
     -2.527528     30.768005     30.768005     61.536009
     -2.517518     27.606981     27.606981     55.213961
     -2.507508     24.116570     24.116570     48.233140
     -2.497497     20.916606     20.916606     41.833212
     -2.487487     18.659218     18.659218     37.318437
     -2.477477     17.836443     17.836443     35.672886
     -2.467467     18.623065     18.623065     37.246130
     -2.457457     20.824466     20.824466     41.648933
     -2.447447     23.955685     23.955685     47.911370
     -2.437437     27.421870     27.421870     54.843740
     -2.427427     30.725581     30.725581     61.451162
     -2.417417     33.611882     33.611882     67.223763
     -2.407407     36.086717     36.086717     72.173433
     -2.397397     38.300795     38.300795     76.601590
     -2.387387     40.356637     40.356637     80.713274
     -2.377377     42.139183     42.139183     84.278366
     -2.367367     43.266156     43.266156     86.532312
     -2.357357     43.199887     43.199887     86.399773
     -2.347347     41.480321     41.480321     82.960641
     -2.337337     37.971241     37.971241     75.942482
     -2.327327     32.998174     32.998174     65.996349
     -2.317317     27.308525     27.308525     54.617050
     -2.307307     21.873112     21.873112     43.746223
     -2.297297     17.620731     17.620731     35.241463
     -2.287287     15.213857     15.213857     30.427715
     -2.277277     14.934370     14.934370     29.868740
     -2.267267     16.687409     16.687409     33.374817
     -2.257257     20.086742     20.086742     40.173485
     -2.247247     24.572134     24.572134     49.144267
     -2.237237     29.519844     29.519844     59.039689
     -2.227227     34.325658     34.325658     68.651316
     -2.217217     38.455788     38.455788     76.911577
     -2.207207     41.473266     41.473266     82.946531
     -2.197197     43.055841     43.055841     86.111681
     -2.187187     43.022478     43.022478     86.044956
     -2.177177     41.374140     41.374140     82.748280
     -2.167167     38.332334     38.332334     76.664668
     -2.157157     34.339625     34.339625     68.679251
     -2.147147     29.989680     29.989680     59.979360
     -2.137137     25.888400     25.888400     51.776800
     -2.127127     22.494831     22.494831     44.989661
     -2.117117     20.015210     20.015210     40.030421
     -2.107107     18.400818     18.400818     36.801635
     -2.097097     17.440429     17.440429     34.880857
     -2.087087     16.883458     16.883458     33.766917
     -2.077077     16.520992     16.520992     33.041984
     -2.067067     16.194323     16.194323     32.388646
     -2.057057     15.759157     15.759157     31.518315
     -2.047047     15.062068     15.062068     30.124135
     -2.037037     13.964981     13.964981     27.929963
     -2.027027     12.405230     12.405230     24.810459
     -2.017017     10.444701     10.444701     20.889402
     -2.007007      8.267657      8.267657     16.535314
     -1.996997      6.123796      6.123796     12.247593
     -1.986987      4.249562      4.249562      8.499124
     -1.976977      2.810546      2.810546      5.621093
     -1.966967      1.889139      1.889139      3.778278
     -1.956957      1.512006      1.512006      3.024011
     -1.946947      1.691441      1.691441      3.382882
     -1.936937      2.451827      2.451827      4.903653
     -1.926927      3.824346      3.824346      7.648692
     -1.916917      5.811453      5.811453     11.622905
     -1.906907      8.339215      8.339215     16.678430
     -1.896897     11.223978     11.223978     22.447955
     -1.886887     14.175653     14.175653     28.351305
     -1.876877     16.844531     16.844531     33.689063
     -1.866867     18.899335     18.899335     37.798669
     -1.856857     20.111084     20.111084     40.222167
     -1.846847     20.415196     20.415196     40.830391
     -1.836837     19.930517     19.930517     39.861034
     -1.826827     18.924418     18.924418     37.848835
     -1.816817     17.727211     17.727211     35.454421
     -1.806807     16.618609     16.618609     33.237217
     -1.796797     15.728209     15.728209     31.456419
     -1.786787     14.996618     14.996618     29.993235
     -1.776777     14.221589     14.221589     28.443179
     -1.766767     13.170723     13.170723     26.341447
     -1.756757     11.704536     11.704536     23.409072
     -1.746747      9.848187      9.848187     19.696375
     -1.736737      7.781902      7.781902     15.563803
     -1.726727      5.767306      5.767306     11.534612
     -1.716717      4.057836      4.057836      8.115672
     -1.706707      2.838765      2.838765      5.677531
     -1.696697      2.213748      2.213748      4.427495
     -1.686687      2.222711      2.222711      4.445421
     -1.676677      2.860554      2.860554      5.721108
     -1.666667      4.073701      4.073701      8.147402
     -1.656657      5.734550      5.734550     11.469099
     -1.646647      7.617276      7.617276     15.234552
     -1.636637      9.407426      9.407426     18.814851
     -1.626627     10.764681     10.764681     21.529362
     -1.616617     11.428283     11.428283     22.856566
     -1.606607     11.325150     11.325150     22.650300
     -1.596597     10.631222     10.631222     21.262444
     -1.586587      9.753993      9.753993     19.507987
     -1.576577      9.237160      9.237160     18.474319
     -1.566567      9.616304      9.616304     19.232608
     -1.556557     11.265285     11.265285     22.530570
     -1.546547     14.270265     14.270265     28.540530
     -1.536537     18.362994     18.362994     36.725988
     -1.526527     22.939763     22.939763     45.879526
     -1.516517     27.178539     27.178539     54.357077
     -1.506507     30.236830     30.236830     60.473660
     -1.496496     31.475453     31.475453     62.950905
     -1.486486     30.631853     30.631853     61.263706
     -1.476476     27.880153     27.880153     55.760307
     -1.466466     23.760834     23.760834     47.521668
     -1.456456     19.016228     19.016228     38.032457
     -1.446446     14.399883     14.399883     28.799765
     -1.436436     10.524332     10.524332     21.048664
     -1.426426      7.780647      7.780647     15.561294
     -1.416416      6.325439      6.325439     12.650878
     -1.406406      6.108053      6.108053     12.216106
     -1.396396      6.911608      6.911608     13.823217
     -1.386386      8.399545      8.399545     16.799090
     -1.376376     10.176066     10.176066     20.352131
     -1.366366     11.867624     11.867624     23.735247
     -1.356356     13.212079     13.212079     26.424158
     -1.346346     14.119868     14.119868     28.239736
     -1.336336     14.671242     14.671242     29.342485
     -1.326326     15.043724     15.043724     30.087448
     -1.316316     15.406249     15.406249     30.812498
     -1.306306     15.838159     15.838159     31.676318
     -1.296296     16.312542     16.312542     32.625084
     -1.286286     16.737305     16.737305     33.474609
     -1.276276     17.010334     17.010334     34.020668
     -1.266266     17.046480     17.046480     34.092960
     -1.256256     16.769511     16.769511     33.539023
     -1.246246     16.098066     16.098066     32.196133
     -1.236236     14.958720     14.958720     29.917440
     -1.226226     13.330037     13.330037     26.660075
     -1.216216     11.287529     11.287529     22.575058
     -1.206206      9.011933      9.011933     18.023867
     -1.196196      6.747840      6.747840     13.495680
     -1.186186      4.734283      4.734283      9.468565
     -1.176176      3.145903      3.145903      6.291806
     -1.166166      2.072586      2.072586      4.145172
     -1.156156      1.538741      1.538741      3.077483
     -1.146146      1.540360      1.540360      3.080721
     -1.136136      2.071012      2.071012      4.142023
     -1.126126      3.117572      3.117572      6.235144
     -1.116116      4.625862      4.625862      9.251724
     -1.106106      6.456573      6.456573     12.913147
     -1.096096      8.363664      8.363664     16.727329
     -1.086086     10.022793     10.022793     20.045585
     -1.076076     11.114387     11.114387     22.228774
     -1.066066     11.434137     11.434137     22.868273
     -1.056056     10.981632     10.981632     21.963263
     -1.046046      9.981476      9.981476     19.962952
     -1.036036      8.820481      8.820481     17.640962
     -1.026026      7.922507      7.922507     15.845015
     -1.016016      7.608004      7.608004     15.216007
     -1.006006      7.988187      7.988187     15.976374
     -0.995996      8.928553      8.928553     17.857107
     -0.985986     10.093020     10.093020     20.186041
     -0.975976     11.054982     11.054982     22.109964
     -0.965966     11.438563     11.438563     22.877127
     -0.955956     11.039430     11.039430     22.078860
     -0.945946      9.879522      9.879522     19.759045
     -0.935936      8.177387      8.177387     16.354775
     -0.925926      6.253765      6.253765     12.507530
     -0.915916      4.419367      4.419367      8.838735
     -0.905906      2.892883      2.892883      5.785767
     -0.895896      1.774407      1.774407      3.548813
     -0.885886      1.069599      1.069599      2.139199
     -0.875876      0.740263      0.740263      1.480526
     -0.865866      0.753764      0.753764      1.507527
     -0.855856      1.111648      1.111648      2.223296
     -0.845846      1.848375      1.848375      3.696750
     -0.835836      3.000496      3.000496      6.000993
     -0.825826      4.556092      4.556092      9.112183
     -0.815816      6.404775      6.404775     12.809550
     -0.805806      8.315750      8.315750     16.631500
     -0.795796      9.966743      9.966743     19.933485
     -0.785786     11.025724     11.025724     22.051447
     -0.775776     11.257742     11.257742     22.515484
     -0.765766     10.609217     10.609217     21.218433
     -0.755756      9.227913      9.227913     18.455826
     -0.745746      7.408259      7.408259     14.816518
     -0.735736      5.489635      5.489635     10.979270
     -0.725726      3.755739      3.755739      7.511477
     -0.715716      2.375289      2.375289      4.750577
     -0.705706      1.397285      1.397285      2.794569
     -0.695696      0.787318      0.787318      1.574637
     -0.685686      0.479349      0.479349      0.958698
     -0.675676      0.420915      0.420915      0.841831
     -0.665666      0.600192      0.600192      1.200384
     -0.655656      1.051458      1.051458      2.102916
     -0.645646      1.838659      1.838659      3.677318
     -0.635636      3.018421      3.018421      6.036842
     -0.625626      4.589409      4.589409      9.178819
     -0.615616      6.445051      6.445051     12.890101
     -0.605606      8.354960      8.354960     16.709921
     -0.595596      9.996817      9.996817     19.993634
     -0.585586     11.039984     11.039984     22.079968
     -0.575576     11.252849     11.252849     22.505698
     -0.565566     10.586283     10.586283     21.172566
     -0.555556      9.192029      9.192029     18.384058
     -0.545546      7.366584      7.366584     14.733167
     -0.535536      5.448886      5.448886     10.897771
     -0.525526      3.719942      3.719942      7.439883
     -0.515516      2.343967      2.343967      4.687933
     -0.505506      1.363181      1.363181      2.726362
     -0.495495      0.731716      0.731716      1.463432
     -0.485485      0.362509      0.362509      0.725017
     -0.475475      0.165761      0.165761      0.331521
     -0.465465      0.069957      0.069957      0.139914
     -0.455455      0.027250      0.027250      0.054500
     -0.445445      0.009797      0.009797      0.019594
     -0.435435      0.003251      0.003251      0.006503
     -0.425425      0.000998      0.000998      0.001996
     -0.415415      0.000293      0.000293      0.000586
     -0.405405      0.000122      0.000122      0.000245
     -0.395395      0.000210      0.000210      0.000420
     -0.385385      0.000700      0.000700      0.001399
     -0.375375      0.002326      0.002326      0.004652
     -0.365365      0.007173      0.007173      0.014345
     -0.355355      0.020419      0.020419      0.040839
     -0.345345      0.053654      0.053654      0.107309
     -0.335335      0.130124      0.130124      0.260248
     -0.325325      0.291270      0.291270      0.582540
     -0.315315      0.601757      0.601757      1.203514
     -0.305305      1.147450      1.147450      2.294899
     -0.295295      2.019449      2.019449      4.038899
     -0.285285      3.280342      3.280342      6.560684
     -0.275275      4.918042      4.918042      9.836083
     -0.265265      6.805375      6.805375     13.610751
     -0.255255      8.691582      8.691582     17.383164
     -0.245245     10.245482     10.245482     20.490965
     -0.235235     11.146868     11.146868     22.293736
     -0.225225     11.193352     11.193352     22.386703
     -0.215215     10.374192     10.374192     20.748384
     -0.205205      8.874324      8.874324     17.748648
     -0.195195      7.006532      7.006532     14.013064
     -0.185185      5.105730      5.105730     10.211459
     -0.175175      3.433993      3.433993      6.867985
     -0.165165      2.131708      2.131708      4.263416
     -0.155155      1.221358      1.221358      2.442716
     -0.145145      0.645870      0.645870      1.291740
     -0.135135      0.315235      0.315235      0.630469
     -0.125125      0.142007      0.142007      0.284014
     -0.115115      0.059044      0.059044      0.118087
     -0.105105      0.022658      0.022658      0.045316
     -0.095095      0.008025      0.008025      0.016050
     -0.085085      0.002624      0.002624      0.005247
     -0.075075      0.000792      0.000792      0.001583
     -0.065065      0.000220      0.000220      0.000441
     -0.055055      0.000057      0.000057      0.000113
     -0.045045      0.000013      0.000013      0.000027
     -0.035035      0.000003      0.000003      0.000006
     -0.025025      0.000001      0.000001      0.000001
     -0.015015      0.000000      0.000000      0.000000
     -0.005005      0.000000      0.000000      0.000000
      0.005005      0.000000      0.000000      0.000000
      0.015015      0.000000      0.000000      0.000000
      0.025025      0.000001      0.000001      0.000001
      0.035035      0.000003      0.000003      0.000006
      0.045045      0.000013      0.000013      0.000027
      0.055055      0.000057      0.000057      0.000113
      0.065065      0.000220      0.000220      0.000441
      0.075075      0.000792      0.000792      0.001583
      0.085085      0.002624      0.002624      0.005247
      0.095095      0.008025      0.008025      0.016050
      0.105105      0.022658      0.022658      0.045316
      0.115115      0.059044      0.059044      0.118087
      0.125125      0.142007      0.142007      0.284014
      0.135135      0.315235      0.315235      0.630469
      0.145145      0.645870      0.645870      1.291740
      0.155155      1.221358      1.221358      2.442716
      0.165165      2.131708      2.131708      4.263416
      0.175175      3.433993      3.433993      6.867985
      0.185185      5.105730      5.105730     10.211459
      0.195195      7.006532      7.006532     14.013064
      0.205205      8.874324      8.874324     17.748648
      0.215215     10.374192     10.374192     20.748384
      0.225225     11.193352     11.193352     22.386703
      0.235235     11.146868     11.146868     22.293736
      0.245245     10.245482     10.245482     20.490965
      0.255255      8.691582      8.691582     17.383164
      0.265265      6.805375      6.805375     13.610751
      0.275275      4.918042      4.918042      9.836083
      0.285285      3.280342      3.280342      6.560684
      0.295295      2.019449      2.019449      4.038899
      0.305305      1.147450      1.147450      2.294899
      0.315315      0.601757      0.601757      1.203514
      0.325325      0.291270      0.291270      0.582540
      0.335335      0.130124      0.130124      0.260248
      0.345345      0.053654      0.053654      0.107309
      0.355355      0.020419      0.020419      0.040839
      0.365365      0.007172      0.007172      0.014345
      0.375375      0.002326      0.002326      0.004651
      0.385385      0.000697      0.000697      0.001394
      0.395395      0.000199      0.000199      0.000397
      0.405405      0.000078      0.000078      0.000156
      0.415415      0.000128      0.000128      0.000256
      0.425425      0.000437      0.000437      0.000873
      0.435435      0.001495      0.001495      0.002991
      0.445445      0.004751      0.004751      0.009503
      0.455455      0.013938      0.013938      0.027877
      0.465465      0.037739      0.037739      0.075479
      0.475475      0.094311      0.094311      0.188623
      0.485485      0.217531      0.217531      0.435061
      0.495495      0.463088      0.463088      0.926176
      0.505506      0.909899      0.909899      1.819799
      0.515516      1.650100      1.650100      3.300199
      0.525526      2.761937      2.761937      5.523874
      0.535536      4.266819      4.266819      8.533639
      0.545546      6.083894      6.083894     12.167787
      0.555556      8.006559      8.006559     16.013118
      0.565566      9.725175      9.725175     19.450351
      0.575576     10.902780     10.902780     21.805560
      0.585586     11.281560     11.281560     22.563119
      0.595596     10.774758     10.774758     21.549515
      0.605606      9.499609      9.499609     18.999219
      0.615616      7.735045      7.735045     15.470089
      0.625626      5.826633      5.826633     11.653267
      0.635636      4.085932      4.085932      8.171864
      0.645646      2.727614      2.727614      5.455228
      0.655656      1.861205      1.861205      3.722410
      0.665666      1.523615      1.523615      3.047229
      0.675676      1.721111      1.721111      3.442223
      0.685686      2.450848      2.450848      4.901696
      0.695696      3.688223      3.688223      7.376447
      0.705706      5.348538      5.348538     10.697076
      0.715716      7.250160      7.250160     14.500320
      0.725726      9.112578      9.112578     18.225155
      0.735736     10.609990     10.609990     21.219980
      0.745746     11.471816     11.471816     22.943632
      0.755756     11.589988     11.589988     23.179976
      0.765766     11.079139     11.079139     22.158278
      0.775776     10.251619     10.251619     20.503237
      0.785786      9.508253      9.508253     19.016505
      0.795796      9.186622      9.186622     18.373244
      0.805806      9.429666      9.429666     18.859331
      0.815816     10.129504     10.129504     20.259007
      0.825826     10.969852     10.969852     21.939703
      0.835836     11.549376     11.549376     23.098752
      0.845846     11.534438     11.534438     23.068876
      0.855856     10.777679     10.777679     21.555357
      0.865866      9.355855      9.355855     18.711709
      0.875876      7.519292      7.519292     15.038583
      0.885886      5.585889      5.585889     11.171778
      0.895896      3.832594      3.832594      7.665188
      0.905906      2.427845      2.427845      4.855690
      0.915916      1.419741      1.419741      2.839483
      0.925926      0.766432      0.766432      1.532864
      0.935936      0.382272      0.382272      0.764544
      0.945946      0.177281      0.177281      0.354561
      0.955956      0.079968      0.079968      0.159936
      0.965966      0.045059      0.045059      0.090118
      0.975976      0.053111      0.053111      0.106222
      0.985986      0.108838      0.108838      0.217675
      0.995996      0.241666      0.241666      0.483331
      1.006006      0.507702      0.507702      1.015403
      1.016016      0.988266      0.988266      1.976531
      1.026026      1.777864      1.777864      3.555728
      1.036036      2.956426      2.956426      5.912852
      1.046046      4.548632      4.548632      9.097263
      1.056056      6.485438      6.485438     12.970875
      1.066066      8.591921      8.591921     17.183841
      1.076076     10.621139     10.621139     21.242278
      1.086086     12.331714     12.331714     24.663427
      1.096096     13.576998     13.576998     27.153995
      1.106106     14.357401     14.357401     28.714802
      1.116116     14.802193     14.802193     29.604387
      1.126126     15.089031     15.089031     30.178062
      1.136136     15.350645     15.350645     30.701291
      1.146146     15.626292     15.626292     31.252584
      1.156156     15.881861     15.881861     31.763722
      1.166166     16.071973     16.071973     32.143947
      1.176176     16.190176     16.190176     32.380352
      1.186186     16.270678     16.270678     32.541357
      1.196196     16.350261     16.350261     32.700521
      1.206206     16.431747     16.431747     32.863494
      1.216216     16.482930     16.482930     32.965860
      1.226226     16.466608     16.466608     32.933217
      1.236236     16.365882     16.365882     32.731765
      1.246246     16.174216     16.174216     32.348432
      1.256256     15.856701     15.856701     31.713401
      1.266266     15.322058     15.322058     30.644116
      1.276276     14.442349     14.442349     28.884698
      1.286286     13.120207     13.120207     26.240414
      1.296296     11.363978     11.363978     22.727956
      1.306306      9.322833      9.322833     18.645667
      1.316316      7.262036      7.262036     14.524072
      1.326326      5.498149      5.498149     10.996298
      1.336336      4.333609      4.333609      8.667218
      1.346346      4.017806      4.017806      8.035612
      1.356356      4.731935      4.731935      9.463869
      1.366366      6.573420      6.573420     13.146840
      1.376376      9.519829      9.519829     19.039658
      1.386386     13.378536     13.378536     26.757073
      1.396396     17.756271     17.756271     35.512542
      1.406406     22.088368     22.088368     44.176737
      1.416416     25.741794     25.741794     51.483588
      1.426426     28.163103     28.163103     56.326205
      1.436436     29.012334     29.012334     58.024668
      1.446446     28.229165     28.229165     56.458331
      1.456456     26.014756     26.014756     52.029512
      1.466466     22.754066     22.754066     45.508131
      1.476476     18.921403     18.921403     37.842805
      1.486486     15.001184     15.001184     30.002368
      1.496496     11.433339     11.433339     22.866678
      1.506507      8.577827      8.577827     17.155654
      1.516517      6.690797      6.690797     13.381593
      1.526527      5.908729      5.908729     11.817458
      1.536537      6.239657      6.239657     12.479314
      1.546547      7.562571      7.562571     15.125141
      1.556557      9.639718      9.639718     19.279436
      1.566567     12.149075     12.149075     24.298149
      1.576577     14.739886     14.739886     29.479772
      1.586587     17.102468     17.102468     34.204936
      1.596597     19.032677     19.032677     38.065355
      1.606607     20.471124     20.471124     40.942247
      1.616617     21.507353     21.507353     43.014706
      1.626627     22.350343     22.350343     44.700686
      1.636637     23.270961     23.270961     46.541923
      1.646647     24.522680     24.522680     49.045360
      1.656657     26.253214     26.253214     52.506428
      1.666667     28.433537     28.433537     56.867073
      1.676677     30.839914     30.839914     61.679828
      1.686687     33.113140     33.113140     66.226279
      1.696697     34.883896     34.883896     69.767792
      1.706707     35.911265     35.911265     71.822531
      1.716717     36.161751     36.161751     72.323503
      1.726727     35.779822     35.779822     71.559644
      1.736737     34.962702     34.962702     69.925403
      1.746747     33.816589     33.816589     67.633179
      1.756757     32.292306     32.292306     64.584612
      1.766767     30.252759     30.252759     60.505519
      1.776777     27.637025     27.637025     55.274050
      1.786787     24.615482     24.615482     49.230965
      1.796797     21.627688     21.627688     43.255376
      1.806807     19.261719     19.261719     38.523439
      1.816817     18.025258     18.025258     36.050516
      1.826827     18.118491     18.118491     36.236981
      1.836837     19.318346     19.318346     38.636693
      1.846847     21.031297     21.031297     42.062593
      1.856857     22.497631     22.497631     44.995262
      1.866867     23.065605     23.065605     46.131211
      1.876877     22.423597     22.423597     44.847194
      1.886887     20.695376     20.695376     41.390751
      1.896897     18.362822     18.362822     36.725645
      1.906907     16.056363     16.056363     32.112727
      1.916917     14.309832     14.309832     28.619664
      1.926927     13.386638     13.386638     26.773276
      1.936937     13.245123     13.245123     26.490246
      1.946947     13.643291     13.643291     27.286581
      1.956957     14.318030     14.318030     28.636061
      1.966967     15.140407     15.140407     30.280815
      1.976977     16.162935     16.162935     32.325871
      1.986987     17.533585     17.533585     35.067170
      1.996997     19.328079     19.328079     38.656159
      2.007007     21.405124     21.405124     42.810247
      2.017017     23.383324     23.383324     46.766648
      2.027027     24.769998     24.769998     49.539996
      2.037037     25.178092     25.178092     50.356184
      2.047047     24.507539     24.507539     49.015079
      2.057057     22.983832     22.983832     45.967663
      2.067067     21.032098     21.032098     42.064196
      2.077077     19.064361     19.064361     38.128722
      2.087087     17.305527     17.305527     34.611055
      2.097097     15.751382     15.751382     31.502765
      2.107107     14.265891     14.265891     28.531783
      2.117117     12.744857     12.744857     25.489714
      2.127127     11.246420     11.246420     22.492840
      2.137137     10.022208     10.022208     20.044416
      2.147147      9.444155      9.444155     18.888309
      2.157157      9.870526      9.870526     19.741052
      2.167167     11.509605     11.509605     23.019211
      2.177177     14.326586     14.326586     28.653171
      2.187187     18.016469     18.016469     36.032939
      2.197197     22.046179     22.046179     44.092358
      2.207207     25.754741     25.754741     51.509482
      2.217217     28.488883     28.488883     56.977766
      2.227227     29.742593     29.742593     59.485186
      2.237237     29.266316     29.266316     58.532631
      2.247247     27.117241     27.117241     54.234482
      2.257257     23.636532     23.636532     47.273064
      2.267267     19.359630     19.359630     38.719261
      2.277277     14.886698     14.886698     29.773396
      2.287287     10.754174     10.754174     21.508349
      2.297297      7.347898      7.347898     14.695795
      2.307307      4.881276      4.881276      9.762552
      2.317317      3.435241      3.435241      6.870481
      2.327327      3.032361      3.032361      6.064722
      2.337337      3.706008      3.706008      7.412016
      2.347347      5.530024      5.530024     11.060048
      2.357357      8.591330      8.591330     17.182659
      2.367367     12.910853     12.910853     25.821705
      2.377377     18.340621     18.340621     36.681242
      2.387387     24.480556     24.480556     48.961112
      2.397397     30.661079     30.661079     61.322159
      2.407407     36.022146     36.022146     72.044291
      2.417417     39.686133     39.686133     79.372266
      2.427427     40.980553     40.980553     81.961106
      2.437437     39.634761     39.634761     79.269522
      2.447447     35.872307     35.872307     71.744614
      2.457457     30.355818     30.355818     60.711635
      2.467467     24.001923     24.001923     48.003845
      2.477477     17.739475     17.739475     35.478950
      2.487487     12.304540     12.304540     24.609080
      2.497497      8.139959      8.139959     16.279918
      2.507508      5.412562      5.412562     10.825124
      2.517518      4.108741      4.108741      8.217482
      2.527528      4.144292      4.144292      8.288584
      2.537538      5.433171      5.433171     10.866343
      2.547548      7.890915      7.890915     15.781829
      2.557558     11.384423     11.384423     22.768847
      2.567568     15.665719     15.665719     31.331439
      2.577578     20.334777     20.334777     40.669554
      2.587588     24.864091     24.864091     49.728181
      2.597598     28.690403     28.690403     57.380805
      2.607608     31.347694     31.347694     62.695387
      2.617618     32.593286     32.593286     65.186572
      2.627628     32.476442     32.476442     64.952884
      2.637638     31.319741     31.319741     62.639482
      2.647648     29.620570     29.620570     59.241140
      2.657658     27.915554     27.915554     55.831108
      2.667668     26.664317     26.664317     53.328635
      2.677678     26.191141     26.191141     52.382281
      2.687688     26.684813     26.684813     53.369626
      2.697698     28.223877     28.223877     56.447753
      2.707708     30.787867     30.787867     61.575735
      2.717718     34.236265     34.236265     68.472530
      2.727728     38.268818     38.268818     76.537637
      2.737738     42.403825     42.403825     84.807649
      2.747748     46.013856     46.013856     92.027713
      2.757758     48.439449     48.439449     96.878897
      2.767768     49.164254     49.164254     98.328509
      2.777778     47.992788     47.992788     95.985577
      2.787788     45.147910     45.147910     90.295820
      2.797798     41.223964     41.223964     82.447928
      2.807808     36.995264     36.995264     73.990529
      2.817818     33.156516     33.156516     66.313033
      2.827828     30.112958     30.112958     60.225915
      2.837838     27.913804     27.913804     55.827609
      2.847848     26.346542     26.346542     52.693085
      2.857858     25.127906     25.127906     50.255813
      2.867868     24.085511     24.085511     48.171023
      2.877878     23.239304     23.239304     46.478607
      2.887888     22.750198     22.750198     45.500396
      2.897898     22.773321     22.773321     45.546641
      2.907908     23.302629     23.302629     46.605258
      2.917918     24.099102     24.099102     48.198203
      2.927928     24.751182     24.751182     49.502364
      2.937938     24.843050     24.843050     49.686101
      2.947948     24.142653     24.142653     48.285307
      2.957958     22.705752     22.705752     45.411504
      2.967968     20.837040     20.837040     41.674079
      2.977978     18.929796     18.929796     37.859593
      2.987988     17.273312     17.273312     34.546623
      2.997998     15.931633     15.931633     31.863265
      3.008008     14.751247     14.751247     29.502494
      3.018018     13.479658     13.479658     26.959317
      3.028028     11.918587     11.918587     23.837173
      3.038038     10.027317     10.027317     20.054634
      3.048048      7.932039      7.932039     15.864079
      3.058058      5.854772      5.854772     11.709544
      3.068068      4.013848      4.013848      8.027696
      3.078078      2.549120      2.549120      5.098239
      3.088088      1.497858      1.497858      2.995716
      3.098098      0.815282      0.815282      1.630565
      3.108108      0.415951      0.415951      0.831903
      3.118118      0.213172      0.213172      0.426345
      3.128128      0.145160      0.145160      0.290320
      3.138138      0.188160      0.188160      0.376320
      3.148148      0.361832      0.361832      0.723663
      3.158158      0.730483      0.730483      1.460966
      3.168168      1.398524      1.398524      2.797049
      3.178178      2.494098      2.494098      4.988197
      3.188188      4.135162      4.135162      8.270324
      3.198198      6.379197      6.379197     12.758394
      3.208208      9.169157      9.169157     18.338315
      3.218218     12.297939     12.297939     24.595877
      3.228228     15.413977     15.413977     30.827954
      3.238238     18.078154     18.078154     36.156308
      3.248248     19.861481     19.861481     39.722961
      3.258258     20.454234     20.454234     40.908468
      3.268268     19.749922     19.749922     39.499844
      3.278278     17.874908     17.874908     35.749816
      3.288288     15.153339     15.153339     30.306678
      3.298298     12.019704     12.019704     24.039408
      3.308308      8.909485      8.909485     17.818969
      3.318318      6.164700      6.164700     12.329399
      3.328328      3.982766      3.982766      7.965532
      3.338338      2.417861      2.417861      4.835722
      3.348348      1.423507      1.423507      2.847014
      3.358358      0.912890      0.912890      1.825781
      3.368368      0.812857      0.812857      1.625713
      3.378378      1.094837      1.094837      2.189674
      3.388388      1.775266      1.775266      3.550531
      3.398398      2.886502      2.886502      5.773004
      3.408408      4.428176      4.428176      8.856352
      3.418418      6.318971      6.318971     12.637942
      3.428428      8.375728      8.375728     16.751455
      3.438438     10.341596     10.341596     20.683193
      3.448448     11.962811     11.962811     23.925623
      3.458458     13.082384     13.082384     26.164768
      3.468468     13.699154     13.699154     27.398308
      3.478478     13.951705     13.951705     27.903410
      3.488488     14.028880     14.028880     28.057760
      3.498498     14.057075     14.057075     28.114150
      3.508509     14.034349     14.034349     28.068697
      3.518519     13.854827     13.854827     27.709653
      3.528529     13.408874     13.408874     26.817747
      3.538539     12.693899     12.693899     25.387797
      3.548549     11.861805     11.861805     23.723610
      3.558559     11.167628     11.167628     22.335255
      3.568569     10.844159     10.844159     21.688318
      3.578579     10.971780     10.971780     21.943561
      3.588589     11.416217     11.416217     22.832434
      3.598599     11.870008     11.870008     23.740016
      3.608609     11.978548     11.978548     23.957097
      3.618619     11.489014     11.489014     22.978028
      3.628629     10.352539     10.352539     20.705079
      3.638639      8.738931      8.738931     17.477862
      3.648649      6.970103      6.970103     13.940205
      3.658659      5.414790      5.414790     10.829581
      3.668669      4.393494      4.393494      8.786988
      3.678679      4.121245      4.121245      8.242490
      3.688689      4.686956      4.686956      9.373911
      3.698699      6.053029      6.053029     12.106058
      3.708709      8.063915      8.063915     16.127829
      3.718719     10.465868     10.465868     20.931737
      3.728729     12.945363     12.945363     25.890725
      3.738739     15.183840     15.183840     30.367680
      3.748749     16.911723     16.911723     33.823446
      3.758759     17.941292     17.941292     35.882583
      3.768769     18.172101     18.172101     36.344202
      3.778779     17.581990     17.581990     35.163980
      3.788789     16.222600     16.222600     32.445201
      3.798799     14.224668     14.224668     28.449336
      3.808809     11.798900     11.798900     23.597800
      3.818819      9.213163      9.213163     18.426326
      3.828829      6.741903      6.741903     13.483807
      3.838839      4.605692      4.605692      9.211384
      3.848849      2.928286      2.928286      5.856572
      3.858859      1.728709      1.728709      3.457419
      3.868869      0.945982      0.945982      1.891965
      3.878879      0.479383      0.479383      0.958766
      3.888889      0.225293      0.225293      0.450586
      3.898899      0.099874      0.099874      0.199748
      3.908909      0.047032      0.047032      0.094064
      3.918919      0.037374      0.037374      0.074747
      3.928929      0.064963      0.064963      0.129926
      3.938939      0.146458      0.146458      0.292916
      3.948949      0.323714      0.323714      0.647427
      3.958959      0.667298      0.667298      1.334597
      3.968969      1.275321      1.275321      2.550643
      3.978979      2.261014      2.261014      4.522029
      3.988989      3.725788      3.725788      7.451575
      3.998999      5.722642      5.722642     11.445285
      4.009009      8.224339      8.224339     16.448677
      4.019019     11.114047     11.114047     22.228093
      4.029029     14.207036     14.207036     28.414072
      4.039039     17.292839     17.292839     34.585678
      4.049049     20.171887     20.171887     40.343774
      4.059059     22.664150     22.664150     45.328301
      4.069069     24.591880     24.591880     49.183759
      4.079079     25.766169     25.766169     51.532338
      4.089089     26.012449     26.012449     52.024897
      4.099099     25.242955     25.242955     50.485910
      4.109109     23.542000     23.542000     47.083999
      4.119119     21.205324     21.205324     42.410648
      4.129129     18.690210     18.690210     37.380421
      4.139139     16.481771     16.481771     32.963542
      4.149149     14.932395     14.932395     29.864789
      4.159159     14.152565     14.152565     28.305129
      4.169169     14.007953     14.007953     28.015907
      4.179179     14.222161     14.222161     28.444323
      4.189189     14.528162     14.528162     29.056324
      4.199199     14.787276     14.787276     29.574551
      4.209209     15.017414     15.017414     30.034827
      4.219219     15.328687     15.328687     30.657374
      4.229229     15.818233     15.818233     31.636466
      4.239239     16.492585     16.492585     32.985170
      4.249249     17.257089     17.257089     34.514177
      4.259259     17.962880     17.962880     35.925759
      4.269269     18.470410     18.470410     36.940819
      4.279279     18.693149     18.693149     37.386298
      4.289289     18.612322     18.612322     37.224643
      4.299299     18.273699     18.273699     36.547399
      4.309309     17.775528     17.775528     35.551055
      4.319319     17.244669     17.244669     34.489337
      4.329329     16.798433     16.798433     33.596866
      4.339339     16.506945     16.506945     33.013889
      4.349349     16.384747     16.384747     32.769494
      4.359359     16.427294     16.427294     32.854589
      4.369369     16.670049     16.670049     33.340098
      4.379379     17.216610     17.216610     34.433221
      4.389389     18.191321     18.191321     36.382641
      4.399399     19.624087     19.624087     39.248174
      4.409409     21.335199     21.335199     42.670399
      4.419419     22.907687     22.907687     45.815374
      4.429429     23.792332     23.792332     47.584665
      4.439439     23.509899     23.509899     47.019798
      4.449449     21.850649     21.850649     43.701299
      4.459459     18.967770     18.967770     37.935541
      4.469469     15.321284     15.321284     30.642569
      4.479479     11.511310     11.511310     23.022621
      4.489489      8.091169      8.091169     16.182338
      4.499499      5.444713      5.444713     10.889427
      4.509510      3.761969      3.761969      7.523937
      4.519520      3.090401      3.090401      6.180802
      4.529530      3.408557      3.408557      6.817113
      4.539540      4.673765      4.673765      9.347530
      4.549550      6.824067      6.824067     13.648133
      4.559560      9.746210      9.746210     19.492420
      4.569570     13.240134     13.240134     26.480268
      4.579580     17.009051     17.009051     34.018102
      4.589590     20.687237     20.687237     41.374474
      4.599600     23.896934     23.896934     47.793869
      4.609610     26.314206     26.314206     52.628413
      4.619620     27.725749     27.725749     55.451498
      4.629630     28.067838     28.067838     56.135677
      4.639640     27.443667     27.443667     54.887334
      4.649650     26.112524     26.112524     52.225047
      4.659660     24.441730     24.441730     48.883459
      4.669670     22.821024     22.821024     45.642049
      4.679680     21.559387     21.559387     43.118773
      4.689690     20.801506     20.801506     41.603011
      4.699700     20.498363     20.498363     40.996725
      4.709710     20.441792     20.441792     40.883584
      4.719720     20.343520     20.343520     40.687039
      4.729730     19.925679     19.925679     39.851358
      4.739740     18.997320     18.997320     37.994640
      4.749750     17.506581     17.506581     35.013163
      4.759760     15.565228     15.565228     31.130457
      4.769770     13.439441     13.439441     26.878882
      4.779780     11.499925     11.499925     22.999849
      4.789790     10.135496     10.135496     20.270991
      4.799800      9.653495      9.653495     19.306990
      4.809810     10.203458     10.203458     20.406916
      4.819820     11.755303     11.755303     23.510606
      4.829830     14.139353     14.139353     28.278705
      4.839840     17.124322     17.124322     34.248644
      4.849850     20.489118     20.489118     40.978236
      4.859860     24.049701     24.049701     48.099401
      4.869870     27.633602     27.633602     55.267204
      4.879880     31.032381     31.032381     62.064763
      4.889890     33.978060     33.978060     67.956121
      4.899900     36.170007     36.170007     72.340015
      4.909910     37.339771     37.339771     74.679542
      4.919920     37.316186     37.316186     74.632373
      4.929930     36.061083     36.061083     72.122166
      4.939940     33.674554     33.674554     67.349108
      4.949950     30.387452     30.387452     60.774904
      4.959960     26.550543     26.550543     53.101085
      4.969970     22.607361     22.607361     45.214721
      4.979980     19.028931     19.028931     38.057863
      4.989990     16.207627     16.207627     32.415254
      5.000000     14.342031     14.342031     28.684062
