# EIG2DOS: Utility for SIESTA to obtain the electronic density of states
#  E. Artacho, Apr 1999, A. Garcia, Apr 2012
#  Nick R. Papior, Feb 2017
# ------------------------------------------
# Eigenvalues calculated from a non-polarized calculation
# Eigenvalues read from siesta.EIG
# Kpoint weights read from siesta.KP
# Using smearing parameter:   0.0500
# Using 1000 points in the energy range
# Selected bands: 1 to: 2981
# Emin, Emax in file for selected band(s):    -27.0453092    218.3148560
# Nbands, Nspin, Nk   =   2981     1     1
# E_F                 =    -4.2990 eV --> (shifted to ZERO)
# Broadening          =     0.0500 eV
#
#        E            N(up)  (=)   N(down)         Ntot
     -5.000000     45.812138     45.812138     91.624277
     -4.989990     47.991940     47.991940     95.983881
     -4.979980     48.860416     48.860416     97.720832
     -4.969970     48.448848     48.448848     96.897696
     -4.959960     46.890581     46.890581     93.781163
     -4.949950     44.393599     44.393599     88.787198
     -4.939940     41.231917     41.231917     82.463833
     -4.929930     37.755405     37.755405     75.510811
     -4.919920     34.406857     34.406857     68.813715
     -4.909910     31.726448     31.726448     63.452897
     -4.899900     30.316327     30.316327     60.632654
     -4.889890     30.737979     30.737979     61.475957
     -4.879880     33.336120     33.336120     66.672240
     -4.869870     38.031251     38.031251     76.062502
     -4.859860     44.177491     44.177491     88.354983
     -4.849850     50.597793     50.597793    101.195586
     -4.839840     55.849740     55.849740    111.699479
     -4.829830     58.656329     58.656329    117.312658
     -4.819820     58.326768     58.326768    116.653537
     -4.809810     54.972189     54.972189    109.944378
     -4.799800     49.416746     49.416746     98.833492
     -4.789790     42.860528     42.860528     85.721056
     -4.779780     36.467459     36.467459     72.934918
     -4.769770     31.059386     31.059386     62.118771
     -4.759760     27.007389     27.007389     54.014779
     -4.749750     24.296403     24.296403     48.592807
     -4.739740     22.672625     22.672625     45.345249
     -4.729730     21.786357     21.786357     43.572714
     -4.719720     21.286467     21.286467     42.572935
     -4.709710     20.865416     20.865416     41.730831
     -4.699700     20.275814     20.275814     40.551629
     -4.689690     19.342944     19.342944     38.685888
     -4.679680     17.990171     17.990171     35.980342
     -4.669670     16.279338     16.279338     32.558675
     -4.659660     14.450239     14.450239     28.900477
     -4.649650     12.931392     12.931392     25.862784
     -4.639640     12.296409     12.296409     24.592819
     -4.629630     13.155603     13.155603     26.311206
     -4.619620     15.993643     15.993643     31.987285
     -4.609610     20.986093     20.986093     41.972185
     -4.599600     27.849037     27.849037     55.698074
     -4.589590     35.790135     35.790135     71.580269
     -4.579580     43.619502     43.619502     87.239004
     -4.569570     50.029965     50.029965    100.059929
     -4.559560     53.977549     53.977549    107.955098
     -4.549550     55.024307     55.024307    110.048614
     -4.539540     53.494992     53.494992    106.989984
     -4.529530     50.366309     50.366309    100.732618
     -4.519520     46.923646     46.923646     93.847292
     -4.509510     44.323760     44.323760     88.647519
     -4.499499     43.238098     43.238098     86.476197
     -4.489489     43.705268     43.705268     87.410536
     -4.479479     45.222161     45.222161     90.444321
     -4.469469     47.003844     47.003844     94.007688
     -4.459459     48.287191     48.287191     96.574382
     -4.449449     48.559211     48.559211     97.118422
     -4.439439     47.645164     47.645164     95.290328
     -4.429429     45.662745     45.662745     91.325489
     -4.419419     42.903396     42.903396     85.806792
     -4.409409     39.717163     39.717163     79.434327
     -4.399399     36.450069     36.450069     72.900139
     -4.389389     33.432397     33.432397     66.864793
     -4.379379     30.976829     30.976829     61.953658
     -4.369369     29.344808     29.344808     58.689616
     -4.359359     28.677179     28.677179     57.354359
     -4.349349     28.930097     28.930097     57.860195
     -4.339339     29.870981     29.870981     59.741962
     -4.329329     31.158241     31.158241     62.316483
     -4.319319     32.475135     32.475135     64.950270
     -4.309309     33.652291     33.652291     67.304581
     -4.299299     34.719326     34.719326     69.438652
     -4.289289     35.864525     35.864525     71.729051
     -4.279279     37.323323     37.323323     74.646647
     -4.269269     39.239230     39.239230     78.478460
     -4.259259     41.544933     41.544933     83.089866
     -4.249249     43.908188     43.908188     87.816377
     -4.239239     45.778611     45.778611     91.557222
     -4.229229     46.545174     46.545174     93.090348
     -4.219219     45.763744     45.763744     91.527489
     -4.209209     43.360751     43.360751     86.721502
     -4.199199     39.705791     39.705791     79.411582
     -4.189189     35.499342     35.499342     70.998685
     -4.179179     31.519593     31.519593     63.039186
     -4.169169     28.352307     28.352307     56.704615
     -4.159159     26.234884     26.234884     52.469767
     -4.149149     25.076952     25.076952     50.153905
     -4.139139     24.622727     24.622727     49.245454
     -4.129129     24.653224     24.653224     49.306448
     -4.119119     25.118609     25.118609     50.237218
     -4.109109     26.134707     26.134707     52.269413
     -4.099099     27.847419     27.847419     55.694838
     -4.089089     30.237132     30.237132     60.474264
     -4.079079     32.975548     32.975548     65.951096
     -4.069069     35.435150     35.435150     70.870299
     -4.059059     36.879367     36.879367     73.758735
     -4.049049     36.758709     36.758709     73.517418
     -4.039039     34.965334     34.965334     69.930668
     -4.029029     31.909346     31.909346     63.818691
     -4.019019     28.375849     28.375849     56.751697
     -4.009009     25.243207     25.243207     50.486414
     -3.998999     23.210478     23.210478     46.420957
     -3.988989     22.655284     22.655284     45.310569
     -3.978979     23.649103     23.649103     47.298205
     -3.968969     26.065340     26.065340     52.130680
     -3.958959     29.685903     29.685903     59.371807
     -3.948949     34.251687     34.251687     68.503373
     -3.938939     39.468162     39.468162     78.936323
     -3.928929     45.013802     45.013802     90.027605
     -3.918919     50.582299     50.582299    101.164599
     -3.908909     55.941287     55.941287    111.882574
     -3.898899     60.956069     60.956069    121.912138
     -3.888889     65.537937     65.537937    131.075875
     -3.878879     69.527849     69.527849    139.055698
     -3.868869     72.582056     72.582056    145.164113
     -3.858859     74.146889     74.146889    148.293779
     -3.848849     73.576082     73.576082    147.152164
     -3.838839     70.369036     70.369036    140.738072
     -3.828829     64.432582     64.432582    128.865164
     -3.818819     56.238227     56.238227    112.476455
     -3.808809     46.784929     46.784929     93.569857
     -3.798799     37.366312     37.366312     74.732624
     -3.788789     29.230893     29.230893     58.461786
     -3.778779     23.265009     23.265009     46.530019
     -3.768769     19.805150     19.805150     39.610299
     -3.758759     18.622646     18.622646     37.245291
     -3.748749     19.059264     19.059264     38.118528
     -3.738739     20.254320     20.254320     40.508640
     -3.728729     21.395518     21.395518     42.791036
     -3.718719     21.934350     21.934350     43.868701
     -3.708709     21.720609     21.720609     43.441219
     -3.698699     21.025766     21.025766     42.051532
     -3.688689     20.444834     20.444834     40.889667
     -3.678679     20.693993     20.693993     41.387985
     -3.668669     22.354462     22.354462     44.708924
     -3.658659     25.641260     25.641260     51.282521
     -3.648649     30.281900     30.281900     60.563801
     -3.638639     35.560801     35.560801     71.121602
     -3.628629     40.522502     40.522502     81.045004
     -3.618619     44.256837     44.256837     88.513674
     -3.608609     46.151681     46.151681     92.303362
     -3.598599     46.019782     46.019782     92.039563
     -3.588589     44.073871     44.073871     88.147741
     -3.578579     40.794473     40.794473     81.588946
     -3.568569     36.764707     36.764707     73.529413
     -3.558559     32.528675     32.528675     65.057349
     -3.548549     28.494260     28.494260     56.988520
     -3.538539     24.880999     24.880999     49.761998
     -3.528529     21.715692     21.715692     43.431383
     -3.518519     18.881843     18.881843     37.763687
     -3.508509     16.215017     16.215017     32.430033
     -3.498498     13.610381     13.610381     27.220762
     -3.488488     11.095459     11.095459     22.190917
     -3.478478      8.836026      8.836026     17.672052
     -3.468468      7.077249      7.077249     14.154498
     -3.458458      6.050864      6.050864     12.101728
     -3.448448      5.886304      5.886304     11.772609
     -3.438438      6.553172      6.553172     13.106344
     -3.428428      7.849252      7.849252     15.698505
     -3.418418      9.440263      9.440263     18.880525
     -3.408408     10.949304     10.949304     21.898608
     -3.398398     12.077586     12.077586     24.155172
     -3.388388     12.717036     12.717036     25.434072
     -3.378378     13.006363     13.006363     26.012727
     -3.368368     13.299176     13.299176     26.598352
     -3.358358     14.051478     14.051478     28.102956
     -3.348348     15.672677     15.672677     31.345355
     -3.338338     18.394596     18.394596     36.789192
     -3.328328     22.192616     22.192616     44.385231
     -3.318318     26.762565     26.762565     53.525131
     -3.308308     31.543267     31.543267     63.086534
     -3.298298     35.785018     35.785018     71.570035
     -3.288288     38.677567     38.677567     77.355133
     -3.278278     39.538070     39.538070     79.076141
     -3.268268     38.016044     38.016044     76.032088
     -3.258258     34.231461     34.231461     68.462921
     -3.248248     28.767631     28.767631     57.535262
     -3.238238     22.503498     22.503498     45.006996
     -3.228228     16.352937     16.352937     32.705874
     -3.218218     11.024240     11.024240     22.048479
     -3.208208      6.892130      6.892130     13.784261
     -3.198198      4.007654      4.007654      8.015307
     -3.188188      2.206104      2.206104      4.412207
     -3.178178      1.245813      1.245813      2.491627
     -3.168168      0.923441      0.923441      1.846881
     -3.158158      1.141824      1.141824      2.283648
     -3.148148      1.930306      1.930306      3.860612
     -3.138138      3.425176      3.425176      6.850351
     -3.128128      5.815656      5.815656     11.631311
     -3.118118      9.260794      9.260794     18.521589
     -3.108108     13.792029     13.792029     27.584059
     -3.098098     19.231592     19.231592     38.463184
     -3.088088     25.165410     25.165410     50.330820
     -3.078078     30.997321     30.997321     61.994642
     -3.068068     36.077484     36.077484     72.154968
     -3.058058     39.858025     39.858025     79.716049
     -3.048048     42.010231     42.010231     84.020462
     -3.038038     42.457837     42.457837     84.915674
     -3.028028     41.330962     41.330962     82.661923
     -3.018018     38.890804     38.890804     77.781608
     -3.008008     35.481803     35.481803     70.963606
     -2.997998     31.530751     31.530751     63.061501
     -2.987988     27.562079     27.562079     55.124159
     -2.977978     24.176888     24.176888     48.353777
     -2.967968     21.967253     21.967253     43.934507
     -2.957958     21.386194     21.386194     42.772389
     -2.947948     22.628224     22.628224     45.256449
     -2.937938     25.571605     25.571605     51.143211
     -2.927928     29.799463     29.799463     59.598925
     -2.917918     34.681868     34.681868     69.363737
     -2.907908     39.488283     39.488283     78.976567
     -2.897898     43.509067     43.509067     87.018134
     -2.887888     46.176723     46.176723     92.353446
     -2.877878     47.174685     47.174685     94.349370
     -2.867868     46.505858     46.505858     93.011716
     -2.857858     44.484849     44.484849     88.969698
     -2.847848     41.635585     41.635585     83.271170
     -2.837838     38.517940     38.517940     77.035880
     -2.827828     35.548851     35.548851     71.097702
     -2.817818     32.895550     32.895550     65.791099
     -2.807808     30.488021     30.488021     60.976042
     -2.797798     28.138626     28.138626     56.277252
     -2.787788     25.701739     25.701739     51.403478
     -2.777778     23.187062     23.187062     46.374123
     -2.767768     20.768761     20.768761     41.537523
     -2.757758     18.693368     18.693368     37.386737
     -2.747748     17.147952     17.147952     34.295904
     -2.737738     16.171973     16.171973     32.343946
     -2.727728     15.667253     15.667253     31.334507
     -2.717718     15.496967     15.496967     30.993934
     -2.707708     15.605467     15.605467     31.210935
     -2.697698     16.074642     16.074642     32.149285
     -2.687688     17.072096     17.072096     34.144191
     -2.677678     18.718390     18.718390     37.436781
     -2.667668     20.958396     20.958396     41.916793
     -2.657658     23.525620     23.525620     47.051239
     -2.647648     26.032414     26.032414     52.064827
     -2.637638     28.137701     28.137701     56.275402
     -2.627628     29.691697     29.691697     59.383393
     -2.617618     30.771386     30.771386     61.542772
     -2.607608     31.592692     31.592692     63.185385
     -2.597598     32.363980     32.363980     64.727960
     -2.587588     33.173914     33.173914     66.347829
     -2.577578     33.967467     33.967467     67.934935
     -2.567568     34.593867     34.593867     69.187735
     -2.557558     34.868813     34.868813     69.737625
     -2.547548     34.609919     34.609919     69.219839
     -2.537538     33.654282     33.654282     67.308565
     -2.527528     31.896526     31.896526     63.793052
     -2.517518     29.364342     29.364342     58.728685
     -2.507508     26.296884     26.296884     52.593768
     -2.497497     23.160128     23.160128     46.320257
     -2.487487     20.555315     20.555315     41.110630
     -2.477477     19.038952     19.038952     38.077904
     -2.467467     18.931219     18.931219     37.862439
     -2.457457     20.204769     20.204769     40.409538
     -2.447447     22.510048     22.510048     45.020097
     -2.437437     25.328106     25.328106     50.656211
     -2.427427     28.181101     28.181101     56.362202
     -2.417417     30.802853     30.802853     61.605705
     -2.407407     33.189559     33.189559     66.379118
     -2.397397     35.507229     35.507229     71.014457
     -2.387387     37.902088     37.902088     75.804176
     -2.377377     40.310369     40.310369     80.620738
     -2.367367     42.369358     42.369358     84.738715
     -2.357357     43.487618     43.487618     86.975236
     -2.347347     43.057257     43.057257     86.114514
     -2.337337     40.719654     40.719654     81.439309
     -2.327327     36.564518     36.564518     73.129037
     -2.317317     31.169621     31.169621     62.339243
     -2.307307     25.462669     25.462669     50.925339
     -2.297297     20.467064     20.467064     40.934129
     -2.287287     17.035991     17.035991     34.071982
     -2.277277     15.666779     15.666779     31.333559
     -2.267267     16.437723     16.437723     32.875446
     -2.257257     19.057347     19.057347     38.114694
     -2.247247     22.985478     22.985478     45.970955
     -2.237237     27.578142     27.578142     55.156284
     -2.227227     32.214044     32.214044     64.428088
     -2.217217     36.372927     36.372927     72.745855
     -2.207207     39.656661     39.656661     79.313322
     -2.197197     41.770793     41.770793     83.541587
     -2.187187     42.505248     42.505248     85.010496
     -2.177177     41.750143     41.750143     83.500287
     -2.167167     39.550841     39.550841     79.101682
     -2.157157     36.163255     36.163255     72.326510
     -2.147147     32.049722     32.049722     64.099444
     -2.137137     27.780366     27.780366     55.560732
     -2.127127     23.864665     23.864665     47.729330
     -2.117117     20.591865     20.591865     41.183731
     -2.107107     17.965123     17.965123     35.930247
     -2.097097     15.764132     15.764132     31.528264
     -2.087087     13.697550     13.697550     27.395099
     -2.077077     11.559483     11.559483     23.118966
     -2.067067      9.312428      9.312428     18.624856
     -2.057057      7.071067      7.071067     14.142134
     -2.047047      5.018280      5.018280     10.036561
     -2.037037      3.311527      3.311527      6.623053
     -2.027027      2.026016      2.026016      4.052033
     -2.017017      1.148448      1.148448      2.296896
     -2.007007      0.606606      0.606606      1.213212
     -1.996997      0.309972      0.309972      0.619943
     -1.986987      0.182907      0.182907      0.365813
     -1.976977      0.184283      0.184283      0.368567
     -1.966967      0.316112      0.316112      0.632224
     -1.956957      0.625200      0.625200      1.250400
     -1.946947      1.198189      1.198189      2.396378
     -1.936937      2.146066      2.146066      4.292131
     -1.926927      3.574015      3.574015      7.148031
     -1.916917      5.538438      5.538438     11.076877
     -1.906907      8.002914      8.002914     16.005829
     -1.896897     10.812353     10.812353     21.624707
     -1.886887     13.702485     13.702485     27.404970
     -1.876877     16.348710     16.348710     32.697419
     -1.866867     18.441076     18.441076     36.882153
     -1.856857     19.761150     19.761150     39.522299
     -1.846847     20.236881     20.236881     40.473763
     -1.836837     19.959430     19.959430     39.918859
     -1.826827     19.154719     19.154719     38.309438
     -1.816817     18.111860     18.111860     36.223720
     -1.806807     17.084736     17.084736     34.169472
     -1.796797     16.200848     16.200848     32.401695
     -1.786787     15.419950     15.419950     30.839901
     -1.776777     14.569479     14.569479     29.138958
     -1.766767     13.445529     13.445529     26.891058
     -1.756757     11.930216     11.930216     23.860432
     -1.746747     10.066420     10.066420     20.132840
     -1.736737      8.057772      8.057772     16.115544
     -1.726727      6.205802      6.205802     12.411603
     -1.716717      4.826020      4.826020      9.652041
     -1.706707      4.182409      4.182409      8.364818
     -1.696697      4.453083      4.453083      8.906167
     -1.686687      5.713135      5.713135     11.426270
     -1.676677      7.914198      7.914198     15.828396
     -1.666667     10.856524     10.856524     21.713048
     -1.656657     14.173233     14.173233     28.346465
     -1.646647     17.357563     17.357563     34.715126
     -1.636637     19.851233     19.851233     39.702466
     -1.626627     21.180735     21.180735     42.361471
     -1.616617     21.097554     21.097554     42.195108
     -1.606607     19.667905     19.667905     39.335810
     -1.596597     17.275559     17.275559     34.551118
     -1.586587     14.537296     14.537296     29.074592
     -1.576577     12.163086     12.163086     24.326171
     -1.566567     10.804462     10.804462     21.608924
     -1.556557     10.923610     10.923610     21.847220
     -1.546547     12.697456     12.697456     25.394912
     -1.536537     15.963200     15.963200     31.926400
     -1.526527     20.218015     20.218015     40.436029
     -1.516517     24.691958     24.691958     49.383915
     -1.506507     28.501156     28.501156     57.002312
     -1.496496     30.855086     30.855086     61.710172
     -1.486486     31.256689     31.256689     62.513378
     -1.476476     29.624246     29.624246     59.248491
     -1.466466     26.291358     26.291358     52.582716
     -1.456456     21.891961     21.891961     43.783921
     -1.446446     17.181784     17.181784     34.363568
     -1.436436     12.863106     12.863106     25.726212
     -1.426426      9.462714      9.462714     18.925428
     -1.416416      7.278818      7.278818     14.557635
     -1.406406      6.382458      6.382458     12.764917
     -1.396396      6.647833      6.647833     13.295667
     -1.386386      7.795154      7.795154     15.590308
     -1.376376      9.446707      9.446707     18.893415
     -1.366366     11.203797     11.203797     22.407594
     -1.356356     12.739805     12.739805     25.479610
     -1.346346     13.881498     13.881498     27.762995
     -1.336336     14.639177     14.639177     29.278354
     -1.326326     15.163354     15.163354     30.326708
     -1.316316     15.645336     15.645336     31.290673
     -1.306306     16.213217     16.213217     32.426435
     -1.296296     16.875711     16.875711     33.751421
     -1.286286     17.532075     17.532075     35.064151
     -1.276276     18.024359     18.024359     36.048718
     -1.266266     18.191129     18.191129     36.382258
     -1.256256     17.898899     17.898899     35.797798
     -1.246246     17.057082     17.057082     34.114164
     -1.236236     15.634868     15.634868     31.269736
     -1.226226     13.684853     13.684853     27.369707
     -1.216216     11.356739     11.356739     22.713478
     -1.206206      8.879665      8.879665     17.759331
     -1.196196      6.510177      6.510177     13.020355
     -1.186186      4.467689      4.467689      8.935378
     -1.176176      2.889221      2.889221      5.778442
     -1.166166      1.823120      1.823120      3.646240
     -1.156156      1.258346      1.258346      2.516692
     -1.146146      1.167835      1.167835      2.335671
     -1.136136      1.540100      1.540100      3.080199
     -1.126126      2.381249      2.381249      4.762499
     -1.116116      3.684570      3.684570      7.369140
     -1.106106      5.381566      5.381566     10.763133
     -1.096096      7.302020      7.302020     14.604039
     -1.086086      9.173942      9.173942     18.347884
     -1.076076     10.680842     10.680842     21.361684
     -1.066066     11.564742     11.564742     23.129483
     -1.056056     11.732641     11.732641     23.465282
     -1.046046     11.311607     11.311607     22.623213
     -1.036036     10.615444     10.615444     21.230889
     -1.026026     10.027359     10.027359     20.054718
     -1.016016      9.845693      9.845693     19.691387
     -1.006006     10.160319     10.160319     20.320637
     -0.995996     10.815011     10.815011     21.630022
     -0.985986     11.472745     11.472745     22.945490
     -0.975976     11.754535     11.754535     23.509071
     -0.965966     11.389869     11.389869     22.779738
     -0.955956     10.313654     10.313654     20.627308
     -0.945946      8.673049      8.673049     17.346098
     -0.935936      6.752384      6.752384     13.504768
     -0.925926      4.860934      4.860934      9.721868
     -0.915916      3.237373      3.237373      6.474747
     -0.905906      2.005657      2.005657      4.011313
     -0.895896      1.185739      1.185739      2.371479
     -0.885886      0.738644      0.738644      1.477289
     -0.875876      0.618229      0.618229      1.236458
     -0.865866      0.808228      0.808228      1.616456
     -0.855856      1.333394      1.333394      2.666789
     -0.845846      2.241956      2.241956      4.483911
     -0.835836      3.563617      3.563617      7.127234
     -0.825826      5.256211      5.256211     10.512421
     -0.815816      7.163973      7.163973     14.327946
     -0.805806      9.014348      9.014348     18.028695
     -0.795796     10.469503     10.469503     20.939007
     -0.785786     11.223029     11.223029     22.446059
     -0.775776     11.104070     11.104070     22.208140
     -0.765766     10.140086     10.140086     20.280172
     -0.755756      8.546519      8.546519     17.093038
     -0.745746      6.648601      6.648601     13.297202
     -0.735736      4.774098      4.774098      9.548197
     -0.725726      3.165259      3.165259      6.330517
     -0.715716      1.940799      1.940799      3.881598
     -0.705706      1.109502      1.109502      2.219005
     -0.695696      0.615050      0.615050      1.230101
     -0.685686      0.386617      0.386617      0.773234
     -0.675676      0.377664      0.377664      0.755328
     -0.665666      0.586144      0.586144      1.172287
     -0.655656      1.055317      1.055317      2.110634
     -0.645646      1.855211      1.855211      3.710422
     -0.635636      3.045270      3.045270      6.090540
     -0.625626      4.624242      4.624242      9.248485
     -0.615616      6.483916      6.483916     12.967832
     -0.605606      8.391879      8.391879     16.783759
     -0.595596     10.024793     10.024793     20.049586
     -0.585586     11.052993     11.052993     22.105986
     -0.575576     11.247902     11.247902     22.495804
     -0.565566     10.564527     10.564527     21.129054
     -0.555556      9.158312      9.158312     18.316624
     -0.545546      7.327700      7.327700     14.655400
     -0.535536      5.411364      5.411364     10.822729
     -0.525526      3.688355      3.688355      7.376710
     -0.515516      2.320307      2.320307      4.640615
     -0.505506      1.347241      1.347241      2.694481
     -0.495495      0.721991      0.721991      1.443982
     -0.485485      0.357112      0.357112      0.714225
     -0.475475      0.163029      0.163029      0.326058
     -0.465465      0.068693      0.068693      0.137386
     -0.455455      0.026714      0.026714      0.053429
     -0.445445      0.009589      0.009589      0.019178
     -0.435435      0.003177      0.003177      0.006354
     -0.425425      0.000974      0.000974      0.001948
     -0.415415      0.000286      0.000286      0.000572
     -0.405405      0.000122      0.000122      0.000245
     -0.395395      0.000217      0.000217      0.000433
     -0.385385      0.000724      0.000724      0.001448
     -0.375375      0.002402      0.002402      0.004805
     -0.365365      0.007391      0.007391      0.014783
     -0.355355      0.020996      0.020996      0.041992
     -0.345345      0.055047      0.055047      0.110094
     -0.335335      0.133205      0.133205      0.266411
     -0.325325      0.297506      0.297506      0.595012
     -0.315315      0.613278      0.613278      1.226555
     -0.305305      1.166823      1.166823      2.333646
     -0.295295      2.048989      2.048989      4.097978
     -0.285285      3.320942      3.320942      6.641883
     -0.275275      4.967864      4.967864      9.935727
     -0.265265      6.859065      6.859065     13.718131
     -0.255255      8.740717      8.740717     17.481434
     -0.245245     10.280543     10.280543     20.561086
     -0.235235     11.160197     11.160197     22.320395
     -0.225225     11.181873     11.181873     22.363746
     -0.215215     10.340561     10.340561     20.681121
     -0.205205      8.825930      8.825930     17.651859
     -0.195195      6.952863      6.952863     13.905727
     -0.185185      5.055380      5.055380     10.110759
     -0.175175      3.392585      3.392585      6.785170
     -0.165165      2.101331      2.101331      4.202662
     -0.155155      1.201282      1.201282      2.402565
     -0.145145      0.633844      0.633844      1.267689
     -0.135135      0.308679      0.308679      0.617358
     -0.125125      0.138745      0.138745      0.277490
     -0.115115      0.057559      0.057559      0.115119
     -0.105105      0.022039      0.022039      0.044079
     -0.095095      0.007789      0.007789      0.015578
     -0.085085      0.002541      0.002541      0.005081
     -0.075075      0.000765      0.000765      0.001530
     -0.065065      0.000213      0.000213      0.000425
     -0.055055      0.000055      0.000055      0.000109
     -0.045045      0.000013      0.000013      0.000026
     -0.035035      0.000003      0.000003      0.000006
     -0.025025      0.000001      0.000001      0.000001
     -0.015015      0.000000      0.000000      0.000000
     -0.005005      0.000000      0.000000      0.000000
      0.005005      0.000000      0.000000      0.000000
      0.015015      0.000000      0.000000      0.000000
      0.025025      0.000001      0.000001      0.000001
      0.035035      0.000003      0.000003      0.000006
      0.045045      0.000013      0.000013      0.000026
      0.055055      0.000055      0.000055      0.000109
      0.065065      0.000213      0.000213      0.000425
      0.075075      0.000765      0.000765      0.001530
      0.085085      0.002541      0.002541      0.005081
      0.095095      0.007789      0.007789      0.015578
      0.105105      0.022039      0.022039      0.044079
      0.115115      0.057559      0.057559      0.115119
      0.125125      0.138745      0.138745      0.277491
      0.135135      0.308679      0.308679      0.617358
      0.145145      0.633845      0.633845      1.267689
      0.155155      1.201283      1.201283      2.402566
      0.165165      2.101332      2.101332      4.202664
      0.175175      3.392586      3.392586      6.785172
      0.185185      5.055381      5.055381     10.110763
      0.195195      6.952865      6.952865     13.905731
      0.205205      8.825931      8.825931     17.651863
      0.215215     10.340562     10.340562     20.681124
      0.225225     11.181873     11.181873     22.363747
      0.235235     11.160197     11.160197     22.320394
      0.245245     10.280542     10.280542     20.561083
      0.255255      8.740715      8.740715     17.481431
      0.265265      6.859063      6.859063     13.718127
      0.275275      4.967862      4.967862      9.935723
      0.285285      3.320940      3.320940      6.641880
      0.295295      2.048988      2.048988      4.097976
      0.305305      1.166822      1.166822      2.333644
      0.315315      0.613277      0.613277      1.226554
      0.325325      0.297506      0.297506      0.595012
      0.335335      0.133205      0.133205      0.266411
      0.345345      0.055047      0.055047      0.110094
      0.355355      0.020996      0.020996      0.041992
      0.365365      0.007391      0.007391      0.014783
      0.375375      0.002402      0.002402      0.004804
      0.385385      0.000722      0.000722      0.001444
      0.395395      0.000207      0.000207      0.000414
      0.405405      0.000084      0.000084      0.000167
      0.415415      0.000144      0.000144      0.000287
      0.425425      0.000490      0.000490      0.000979
      0.435435      0.001666      0.001666      0.003332
      0.445445      0.005255      0.005255      0.010509
      0.455455      0.015303      0.015303      0.030606
      0.465465      0.041135      0.041135      0.082270
      0.475475      0.102055      0.102055      0.204109
      0.485485      0.233689      0.233689      0.467379
      0.495495      0.493893      0.493893      0.987785
      0.505506      0.963414      0.963414      1.926828
      0.515516      1.734524      1.734524      3.469048
      0.525526      2.882269      2.882269      5.764538
      0.535536      4.420542      4.420542      8.841084
      0.545546      6.257538      6.257538     12.515076
      0.555556      8.175579      8.175579     16.351159
      0.565566      9.858739      9.858739     19.717477
      0.575576     10.972718     10.972718     21.945437
      0.585586     11.272115     11.272115     22.544231
      0.595596     10.688688     10.688688     21.377376
      0.605606      9.357852      9.357852     18.715704
      0.615616      7.570681      7.570681     15.141363
      0.625626      5.677114      5.677114     11.354229
      0.635636      3.988280      3.988280      7.976561
      0.645646      2.719036      2.719036      5.438071
      0.655656      1.983402      1.983402      3.966804
      0.665666      1.825289      1.825289      3.650578
      0.675676      2.251847      2.251847      4.503694
      0.685686      3.242414      3.242414      6.484828
      0.695696      4.726564      4.726564      9.453127
      0.705706      6.548809      6.548809     13.097619
      0.715716      8.452531      8.452531     16.905063
      0.725726     10.112027     10.112027     20.224054
      0.735736     11.217690     11.217690     22.435380
      0.745746     11.586019     11.586019     23.172039
      0.755756     11.243290     11.243290     22.486581
      0.765766     10.435877     10.435877     20.871755
      0.775776      9.551878      9.551878     19.103756
      0.785786      8.980663      8.980663     17.961327
      0.795796      8.966453      8.966453     17.932907
      0.805806      9.515273      9.515273     19.030546
      0.815816     10.392644     10.392644     20.785287
      0.825826     11.212920     11.212920     22.425841
      0.835836     11.584388     11.584388     23.168777
      0.845846     11.251212     11.251212     22.502425
      0.855856     10.175190     10.175190     20.350379
      0.865866      8.528510      8.528510     17.057020
      0.875876      6.610422      6.610422     13.220844
      0.885886      4.733265      4.733265      9.466529
      0.895896      3.129386      3.129386      6.258772
      0.905906      1.909976      1.909976      3.819953
      0.915916      1.076034      1.076034      2.152069
      0.925926      0.559580      0.559580      1.119161
      0.935936      0.268760      0.268760      0.537521
      0.945946      0.119744      0.119744      0.239488
      0.955956      0.051242      0.051242      0.102483
      0.965966      0.026327      0.026327      0.052655
      0.975976      0.028927      0.028927      0.057854
      0.985986      0.060851      0.060851      0.121702
      0.995996      0.142256      0.142256      0.284512
      1.006006      0.315314      0.315314      0.630628
      1.016016      0.647804      0.647804      1.295609
      1.026026      1.230651      1.230651      2.461302
      1.036036      2.162702      2.162702      4.325405
      1.046046      3.519805      3.519805      7.039610
      1.056056      5.314464      5.314464     10.628928
      1.066066      7.463468      7.463468     14.926936
      1.076076      9.785243      9.785243     19.570486
      1.086086     12.038565     12.038565     24.077131
      1.096096     13.991068     13.991068     27.982135
      1.106106     15.484361     15.484361     30.968721
      1.116116     16.461336     16.461336     32.922671
      1.126126     16.946065     16.946065     33.892130
      1.136136     17.000667     17.000667     34.001333
      1.146146     16.698022     16.698022     33.396044
      1.156156     16.129822     16.129822     32.259644
      1.166166     15.431700     15.431700     30.863400
      1.176176     14.785537     14.785537     29.571073
      1.186186     14.375094     14.375094     28.750188
      1.196196     14.313064     14.313064     28.626127
      1.206206     14.588592     14.588592     29.177184
      1.216216     15.075545     15.075545     30.151090
      1.226226     15.598189     15.598189     31.196378
      1.236236     16.008112     16.008112     32.016224
      1.246246     16.220021     16.220021     32.440042
      1.256256     16.189896     16.189896     32.379791
      1.266266     15.866824     15.866824     31.733649
      1.276276     15.169847     15.169847     30.339694
      1.286286     14.017675     14.017675     28.035351
      1.296296     12.393533     12.393533     24.787065
      1.306306     10.398072     10.398072     20.796145
      1.316316      8.252688      8.252688     16.505377
      1.326326      6.252458      6.252458     12.504916
      1.336336      4.700644      4.700644      9.401288
      1.346346      3.860772      3.860772      7.721543
      1.356356      3.938835      3.938835      7.877670
      1.366366      5.079070      5.079070     10.158140
      1.376376      7.345465      7.345465     14.690929
      1.386386     10.676293     10.676293     21.352586
      1.396396     14.829345     14.829345     29.658689
      1.406406     19.358564     19.358564     38.717128
      1.416416     23.659086     23.659086     47.318171
      1.426426     27.085267     27.085267     54.170534
      1.436436     29.104465     29.104465     58.208930
      1.446446     29.426347     29.426347     58.852694
      1.456456     28.059336     28.059336     56.118671
      1.466466     25.283002     25.283002     50.566003
      1.476476     21.561574     21.561574     43.123149
      1.486486     17.438291     17.438291     34.876583
      1.496496     13.442150     13.442150     26.884300
      1.506507     10.021608     10.021608     20.043215
      1.516517      7.506472      7.506472     15.012944
      1.526527      6.092452      6.092452     12.184904
      1.536537      5.840039      5.840039     11.680078
      1.546547      6.680164      6.680164     13.360328
      1.556557      8.424738      8.424738     16.849475
      1.566567     10.788046     10.788046     21.576092
      1.576577     13.427527     13.427527     26.855054
      1.586587     16.004565     16.004565     32.009130
      1.596597     18.252179     18.252179     36.504357
      1.606607     20.028325     20.028325     40.056650
      1.616617     21.338057     21.338057     42.676115
      1.626627     22.320318     22.320318     44.640637
      1.636637     23.204866     23.204866     46.409732
      1.646647     24.247067     24.247067     48.494135
      1.656657     25.648993     25.648993     51.297987
      1.666667     27.482268     27.482268     54.964537
      1.676677     29.639680     29.639680     59.279359
      1.686687     31.845942     31.845942     63.691883
      1.696697     33.740964     33.740964     67.481929
      1.706707     35.012459     35.012459     70.024919
      1.716717     35.517746     35.517746     71.035492
      1.726727     35.325282     35.325282     70.650564
      1.736737     34.642495     34.642495     69.284989
      1.746747     33.665586     33.665586     67.331172
      1.756757     32.445643     32.445643     64.891286
      1.766767     30.866251     30.866251     61.732502
      1.776777     28.759988     28.759988     57.519975
      1.786787     26.096599     26.096599     52.193198
      1.796797     23.120981     23.120981     46.241962
      1.806807     20.343356     20.343356     40.686712
      1.816817     18.369523     18.369523     36.739047
      1.826827     17.648833     17.648833     35.297666
      1.836837     18.260657     18.260657     36.521315
      1.846847     19.841280     19.841280     39.682560
      1.856857     21.689941     21.689941     43.379881
      1.866867     23.015804     23.015804     46.031608
      1.876877     23.226734     23.226734     46.453467
      1.886887     22.140289     22.140289     44.280578
      1.896897     20.029423     20.029423     40.058846
      1.906907     17.488966     17.488966     34.977933
      1.916917     15.189448     15.189448     30.378896
      1.926927     13.631382     13.631382     27.262763
      1.936937     13.004040     13.004040     26.008080
      1.946947     13.196481     13.196481     26.392962
      1.956957     13.935049     13.935049     27.870099
      1.966967     14.964473     14.964473     29.928946
      1.976977     16.173429     16.173429     32.346859
      1.986987     17.598572     17.598572     35.197143
      1.996997     19.310812     19.310812     38.621624
      2.007007     21.259848     21.259848     42.519696
      2.017017     23.184424     23.184424     46.368848
      2.027027     24.661066     24.661066     49.322132
      2.037037     25.277936     25.277936     50.555872
      2.047047     24.836074     24.836074     49.672149
      2.057057     23.455387     23.455387     46.910774
      2.067067     21.517783     21.517783     43.035565
      2.077077     19.479933     19.479933     38.959867
      2.087087     17.666625     17.666625     35.333250
      2.097097     16.161829     16.161829     32.323658
      2.107107     14.848794     14.848794     29.697588
      2.117117     13.560054     13.560054     27.120108
      2.127127     12.241295     12.241295     24.482590
      2.137137     11.038254     11.038254     22.076508
      2.147147     10.269278     10.269278     20.538555
      2.157157     10.308106     10.308106     20.616213
      2.167167     11.437088     11.437088     22.874176
      2.177177     13.730167     13.730167     27.460333
      2.187187     17.000330     17.000330     34.000660
      2.197197     20.817785     20.817785     41.635570
      2.207207     24.586116     24.586116     49.172232
      2.217217     27.656135     27.656135     55.312269
      2.227227     29.455597     29.455597     58.911194
      2.237237     29.611074     29.611074     59.222148
      2.247247     28.034554     28.034554     56.069108
      2.257257     24.947427     24.947427     49.894853
      2.267267     20.826689     20.826689     41.653378
      2.277277     16.284121     16.284121     32.568242
      2.287287     11.917972     11.917972     23.835944
      2.297297      8.190532      8.190532     16.381063
      2.307307      5.373166      5.373166     10.746331
      2.317317      3.568650      3.568650      7.137300
      2.327327      2.786921      2.786921      5.573841
      2.337337      3.031323      3.031323      6.062646
      2.347347      4.353538      4.353538      8.707075
      2.357357      6.851353      6.851353     13.702706
      2.367367     10.606004     10.606004     21.212008
      2.377377     15.578753     15.578753     31.157505
      2.387387     21.505517     21.505517     43.011034
      2.397397     27.838330     27.838330     55.676660
      2.407407     33.776298     33.776298     67.552596
      2.417417     38.402344     38.402344     76.804688
      2.427427     40.899839     40.899839     81.799679
      2.437437     40.781310     40.781310     81.562620
      2.447447     38.042468     38.042468     76.084935
      2.457457     33.175162     33.175162     66.350325
      2.467467     27.028866     27.028866     54.057733
      2.477477     20.575557     20.575557     41.151114
      2.487487     14.672030     14.672030     29.344061
      2.497497      9.905597      9.905597     19.811195
      2.507508      6.560917      6.560917     13.121835
      2.517518      4.687050      4.687050      9.374101
      2.527528      4.205988      4.205988      8.411975
      2.537538      5.001433      5.001433     10.002865
      2.547548      6.952776      6.952776     13.905552
      2.557558      9.915185      9.915185     19.830370
      2.567568     13.673972     13.673972     27.347945
      2.577578     17.909938     17.909938     35.819876
      2.587588     22.202940     22.202940     44.405879
      2.597598     26.081795     26.081795     52.163589
      2.607608     29.109590     29.109590     58.219181
      2.617618     30.980258     30.980258     61.960515
      2.627628     31.596068     31.596068     63.192136
      2.637638     31.097591     31.097591     62.195181
      2.647648     29.830621     29.830621     59.661242
      2.657658     28.258620     28.258620     56.517239
      2.667668     26.854169     26.854169     53.708338
      2.677678     26.011733     26.011733     52.023466
      2.687688     26.007087     26.007087     52.014174
      2.697698     26.996704     26.996704     53.993409
      2.707708     29.027310     29.027310     58.054620
      2.717718     32.028779     32.028779     64.057558
      2.727728     35.787870     35.787870     71.575739
      2.737738     39.925732     39.925732     79.851464
      2.747748     43.911513     43.911513     87.823025
      2.757758     47.134054     47.134054     94.268109
      2.767768     49.029654     49.029654     98.059308
      2.777778     49.234341     49.234341     98.468682
      2.787788     47.705041     47.705041     95.410082
      2.797798     44.750468     44.750468     89.500935
      2.807808     40.941534     40.941534     81.883067
      2.817818     36.925851     36.925851     73.851703
      2.827828     33.222209     33.222209     66.444419
      2.837838     30.084827     30.084827     60.169654
      2.847848     27.492017     27.492017     54.984033
      2.857858     25.250460     25.250460     50.500919
      2.867868     23.151928     23.151928     46.303857
      2.877878     21.101487     21.101487     42.202974
      2.887888     19.158924     19.158924     38.317848
      2.897898     17.483143     17.483143     34.966285
      2.907908     16.219202     16.219202     32.438404
      2.917918     15.396649     15.396649     30.793298
      2.927928     14.900303     14.900303     29.800606
      2.937938     14.531668     14.531668     29.063335
      2.947948     14.122978     14.122978     28.245955
      2.957958     13.631011     13.631011     27.262022
      2.967968     13.148673     13.148673     26.297346
      2.977978     12.824342     12.824342     25.648685
      2.987988     12.738834     12.738834     25.477668
      2.997998     12.818075     12.818075     25.636150
      3.008008     12.837704     12.837704     25.675408
      3.018018     12.518856     12.518856     25.037712
      3.028028     11.659861     11.659861     23.319722
      3.038038     10.230584     10.230584     20.461167
      3.048048      8.382951      8.382951     16.765902
      3.058058      6.381748      6.381748     12.763497
      3.068068      4.500446      4.500446      9.000892
      3.078078      2.935378      2.935378      5.870757
      3.088088      1.769952      1.769952      3.539904
      3.098098      0.988600      0.988600      1.977199
      3.108108      0.518682      0.518682      1.037364
      3.118118      0.275457      0.275457      0.550915
      3.128128      0.195228      0.195228      0.390456
      3.138138      0.253872      0.253872      0.507744
      3.148148      0.474459      0.474459      0.948917
      3.158158      0.926939      0.926939      1.853877
      3.168168      1.718438      1.718438      3.436876
      3.178178      2.969510      2.969510      5.939020
      3.188188      4.774029      4.774029      9.548059
      3.198198      7.148845      7.148845     14.297691
      3.208208      9.989827      9.989827     19.979654
      3.218218     13.056104     13.056104     26.112207
      3.228228     15.998456     15.998456     31.996912
      3.238238     18.431737     18.431737     36.863473
      3.248248     20.032649     20.032649     40.065299
      3.258258     20.632181     20.632181     41.264362
      3.268268     20.270717     20.270717     40.541433
      3.278278     19.192530     19.192530     38.385060
      3.288288     17.773033     17.773033     35.546066
      3.298298     16.395539     16.395539     32.791078
      3.308308     15.319016     15.319016     30.638032
      3.318318     14.591703     14.591703     29.183406
      3.328328     14.053422     14.053422     28.106845
      3.338338     13.430650     13.430650     26.861301
      3.348348     12.481449     12.481449     24.962897
      3.358358     11.121285     11.121285     22.242570
      3.368368      9.472916      9.472916     18.945831
      3.378378      7.825262      7.825262     15.650524
      3.388388      6.529495      6.529495     13.058991
      3.398398      5.880288      5.880288     11.760576
      3.408408      6.022577      6.022577     12.045155
      3.418418      6.904667      6.904667     13.809333
      3.428428      8.284100      8.284100     16.568200
      3.438438      9.786530      9.786530     19.573060
      3.448448     11.010118     11.010118     22.020237
      3.458458     11.651608     11.651608     23.303216
      3.468468     11.611803     11.611803     23.223605
      3.478478     11.034465     11.034465     22.068929
      3.488488     10.254221     10.254221     20.508442
      3.498498      9.668737      9.668737     19.337473
      3.508509      9.586897      9.586897     19.173793
      3.518519     10.117587     10.117587     20.235174
      3.528529     11.145831     11.145831     22.291663
      3.538539     12.402746     12.402746     24.805491
      3.548549     13.591429     13.591429     27.182858
      3.558559     14.503923     14.503923     29.007846
      3.568569     15.070773     15.070773     30.141545
      3.578579     15.324736     15.324736     30.649472
      3.588589     15.312504     15.312504     30.625009
      3.598599     15.019461     15.019461     30.038923
      3.608609     14.360002     14.360002     28.720005
      3.618619     13.237771     13.237771     26.475541
      3.628629     11.631130     11.631130     23.262259
      3.638639      9.644296      9.644296     19.288591
      3.648649      7.491580      7.491580     14.983161
      3.658659      5.427699      5.427699     10.855399
      3.668669      3.667717      3.667717      7.335435
      3.678679      2.338714      2.338714      4.677428
      3.688689      1.479664      1.479664      2.959329
      3.698699      1.077449      1.077449      2.154898
      3.708709      1.111675      1.111675      2.223350
      3.718719      1.582078      1.582078      3.164156
      3.728729      2.503799      2.503799      5.007598
      3.738739      3.871255      3.871255      7.742511
      3.748749      5.606899      5.606899     11.213797
      3.758759      7.522843      7.522843     15.045685
      3.768769      9.324432      9.324432     18.648863
      3.778779     10.669557     10.669557     21.339115
      3.788789     11.268887     11.268887     22.537774
      3.798799     10.985209     10.985209     21.970419
      3.808809      9.883800      9.883800     19.767599
      3.818819      8.207800      8.207800     16.415600
      3.828829      6.290957      6.290957     12.581914
      3.838839      4.450356      4.450356      8.900711
      3.848849      2.905810      2.905810      5.811620
      3.858859      1.751359      1.751359      3.502719
      3.868869      0.974945      0.974945      1.949890
      3.878879      0.503197      0.503197      1.006394
      3.888889      0.246563      0.246563      0.493126
      3.898899      0.130505      0.130505      0.261010
      3.908909      0.111011      0.111011      0.222021
      3.918919      0.179909      0.179909      0.359817
      3.928929      0.365801      0.365801      0.731603
      3.938939      0.732137      0.732137      1.464274
      3.948949      1.368829      1.368829      2.737658
      3.958959      2.371733      2.371733      4.743466
      3.968969      3.808203      3.808203      7.616406
      3.978979      5.676960      5.676960     11.353920
      3.988989      7.881422      7.881422     15.762843
      3.998999     10.238107     10.238107     20.476215
      4.009009     12.528313     12.528313     25.056626
      4.019019     14.575416     14.575416     29.150833
      4.029029     16.308340     16.308340     32.616680
      4.039039     17.772889     17.772889     35.545779
      4.049049     19.081623     19.081623     38.163246
      4.059059     20.331950     20.331950     40.663900
      4.069069     21.543152     21.543152     43.086304
      4.079079     22.649988     22.649988     45.299977
      4.089089     23.552982     23.552982     47.105963
      4.099099     24.189840     24.189840     48.379680
      4.109109     24.581196     24.581196     49.162392
      4.119119     24.821116     24.821116     49.642233
      4.129129     25.016124     25.016124     50.032247
      4.139139     25.207024     25.207024     50.414048
      4.149149     25.320218     25.320218     50.640435
      4.159159     25.182573     25.182573     50.365145
      4.169169     24.601284     24.601284     49.202569
      4.179179     23.473311     23.473311     46.946623
      4.189189     21.868108     21.868108     43.736215
      4.199199     20.035958     20.035958     40.071917
      4.209209     18.330268     18.330268     36.660536
      4.219219     17.077555     17.077555     34.155111
      4.229229     16.458097     16.458097     32.916193
      4.239239     16.454570     16.454570     32.909140
      4.249249     16.887436     16.887436     33.774873
      4.259259     17.507920     17.507920     35.015840
      4.269269     18.093604     18.093604     36.187208
      4.279279     18.503147     18.503147     37.006295
      4.289289     18.682214     18.682214     37.364427
      4.299299     18.641873     18.641873     37.283746
      4.309309     18.433399     18.433399     36.866797
      4.319319     18.126967     18.126967     36.253935
      4.329329     17.790689     17.790689     35.581378
      4.339339     17.473836     17.473836     34.947672
      4.349349     17.211261     17.211261     34.422522
      4.359359     17.060793     17.060793     34.121586
      4.369369     17.155894     17.155894     34.311788
      4.379379     17.725603     17.725603     35.451206
      4.389389     19.035847     19.035847     38.071693
      4.399399     21.250855     21.250855     42.501709
      4.409409     24.274751     24.274751     48.549502
      4.419419     27.666944     27.666944     55.333888
      4.429429     30.701789     30.701789     61.403577
      4.439439     32.571671     32.571671     65.143341
      4.449449     32.654478     32.654478     65.308956
      4.459459     30.728219     30.728219     61.456438
      4.469469     27.039768     27.039768     54.079535
      4.479479     22.206172     22.206172     44.412344
      4.489489     17.004029     17.004029     34.008058
      4.499499     12.144005     12.144005     24.288011
      4.509510      8.117502      8.117502     16.235004
      4.519520      5.154914      5.154914     10.309828
      4.529530      3.280814      3.280814      6.561629
      4.539540      2.416900      2.416900      4.833800
      4.549550      2.477522      2.477522      4.955043
      4.559560      3.418167      3.418167      6.836334
      4.569570      5.222278      5.222278     10.444556
      4.579580      7.837653      7.837653     15.675307
      4.589590     11.095705     11.095705     22.191410
      4.599600     14.659567     14.659567     29.319134
      4.609610     18.042548     18.042548     36.085096
      4.619620     20.711560     20.711560     41.423121
      4.629630     22.247682     22.247682     44.495363
      4.639640     22.498392     22.498392     44.996785
      4.649650     21.647680     21.647680     43.295360
      4.659660     20.162221     20.162221     40.324442
      4.669670     18.630881     18.630881     37.261763
      4.679680     17.568308     17.568308     35.136616
      4.689690     17.269367     17.269367     34.538733
      4.699700     17.769283     17.769283     35.538566
      4.709710     18.904231     18.904231     37.808462
      4.719720     20.416538     20.416538     40.833076
      4.729730     22.038791     22.038791     44.077583
      4.739740     23.524730     23.524730     47.049460
      4.749750     24.644256     24.644256     49.288513
      4.759760     25.187456     25.187456     50.374912
      4.769770     25.008919     25.008919     50.017838
      4.779780     24.101856     24.101856     48.203711
      4.789790     22.655659     22.655659     45.311317
      4.799800     21.049143     21.049143     42.098285
      4.809810     19.766419     19.766419     39.532838
      4.819820     19.267955     19.267955     38.535910
      4.829830     19.872859     19.872859     39.745719
      4.839840     21.693999     21.693999     43.387998
      4.849850     24.628938     24.628938     49.257876
      4.859860     28.380086     28.380086     56.760172
      4.869870     32.481324     32.481324     64.962648
      4.879880     36.338318     36.338318     72.676637
      4.889890     39.310616     39.310616     78.621232
      4.899900     40.845731     40.845731     81.691462
      4.909910     40.627291     40.627291     81.254583
      4.919920     38.664840     38.664840     77.329681
      4.929930     35.270851     35.270851     70.541702
      4.939940     30.934476     30.934476     61.868952
      4.949950     26.162077     26.162077     52.324154
      4.959960     21.364153     21.364153     42.728307
      4.969970     16.823855     16.823855     33.647710
      4.979980     12.724730     12.724730     25.449461
      4.989990      9.189006      9.189006     18.378011
      5.000000      6.293252      6.293252     12.586504
