# EIG2DOS: Utility for SIESTA to obtain the electronic density of states
#  E. Artacho, Apr 1999, A. Garcia, Apr 2012
#  Nick R. Papior, Feb 2017
# ------------------------------------------
# Eigenvalues calculated from a non-polarized calculation
# Eigenvalues read from siesta.EIG
# Kpoint weights read from siesta.KP
# Using smearing parameter:   0.0500
# Using 1000 points in the energy range
# Selected bands: 1 to: 2981
# Emin, Emax in file for selected band(s):    -27.5094779    218.4229010
# Nbands, Nspin, Nk   =   2981     1     1
# E_F                 =    -4.1808 eV --> (shifted to ZERO)
# Broadening          =     0.0500 eV
#
#        E            N(up)  (=)   N(down)         Ntot
     -5.000000     35.818942     35.818942     71.637883
     -4.989990     41.225343     41.225343     82.450685
     -4.979980     45.964985     45.964985     91.929971
     -4.969970     49.353210     49.353210     98.706421
     -4.959960     50.991118     50.991118    101.982236
     -4.949950     50.867833     50.867833    101.735667
     -4.939940     49.316107     49.316107     98.632215
     -4.929930     46.878411     46.878411     93.756821
     -4.919920     44.175453     44.175453     88.350906
     -4.909910     41.830034     41.830034     83.660069
     -4.899900     40.424607     40.424607     80.849214
     -4.889890     40.429076     40.429076     80.858152
     -4.879880     42.066301     42.066301     84.132602
     -4.869870     45.162019     45.162019     90.324039
     -4.859860     49.083611     49.083611     98.167223
     -4.849850     52.852306     52.852306    105.704612
     -4.839840     55.421693     55.421693    110.843385
     -4.829830     56.014408     56.014408    112.028816
     -4.819820     54.367822     54.367822    108.735644
     -4.809810     50.783554     50.783554    101.567107
     -4.799800     45.973394     45.973394     91.946788
     -4.789790     40.786194     40.786194     81.572388
     -4.779780     35.939593     35.939593     71.879186
     -4.769770     31.856567     31.856567     63.713135
     -4.759760     28.643255     28.643255     57.286511
     -4.749750     26.178842     26.178842     52.357685
     -4.739740     24.250000     24.250000     48.500000
     -4.729730     22.661404     22.661404     45.322809
     -4.719720     21.282545     21.282545     42.565090
     -4.709710     20.032601     20.032601     40.065202
     -4.699700     18.840351     18.840351     37.680703
     -4.689690     17.628087     17.628087     35.256173
     -4.679680     16.349714     16.349714     32.699428
     -4.669670     15.072822     15.072822     30.145644
     -4.659660     14.056330     14.056330     28.112661
     -4.649650     13.763447     13.763447     27.526894
     -4.639640     14.771722     14.771722     29.543444
     -4.629630     17.586701     17.586701     35.173402
     -4.619620     22.413578     22.413578     44.827155
     -4.609610     28.974821     28.974821     57.949642
     -4.599600     36.466446     36.466446     72.932893
     -4.589590     43.709225     43.709225     87.418450
     -4.579580     49.474750     49.474750     98.949500
     -4.569570     52.877559     52.877559    105.755118
     -4.559560     53.673234     53.673234    107.346467
     -4.549550     52.328379     52.328379    104.656757
     -4.539540     49.826924     49.826924     99.653847
     -4.529530     47.295974     47.295974     94.591948
     -4.519520     45.608872     45.608872     91.217743
     -4.509510     45.119350     45.119350     90.238699
     -4.499499     45.611268     45.611268     91.222536
     -4.489489     46.454841     46.454841     92.909682
     -4.479479     46.884547     46.884547     93.769094
     -4.469469     46.281337     46.281337     92.562675
     -4.459459     44.357698     44.357698     88.715396
     -4.449449     41.197106     41.197106     82.394212
     -4.439439     37.165377     37.165377     74.330754
     -4.429429     32.761007     32.761007     65.522014
     -4.419419     28.482119     28.482119     56.964238
     -4.409409     24.756117     24.756117     49.512233
     -4.399399     21.926353     21.926353     43.852707
     -4.389389     20.253409     20.253409     40.506817
     -4.379379     19.891665     19.891665     39.783330
     -4.369369     20.839615     20.839615     41.679229
     -4.359359     22.902315     22.902315     45.804629
     -4.349349     25.712723     25.712723     51.425447
     -4.339339     28.826957     28.826957     57.653915
     -4.329329     31.860036     31.860036     63.720071
     -4.319319     34.598574     34.598574     69.197148
     -4.309309     37.034950     37.034950     74.069900
     -4.299299     39.306003     39.306003     78.612006
     -4.289289     41.563428     41.563428     83.126855
     -4.279279     43.831190     43.831190     87.662380
     -4.269269     45.910783     45.910783     91.821566
     -4.259259     47.381338     47.381338     94.762676
     -4.249249     47.711784     47.711784     95.423568
     -4.239239     46.458954     46.458954     92.917907
     -4.229229     43.479951     43.479951     86.959902
     -4.219219     39.063294     39.063294     78.126588
     -4.209209     33.904491     33.904491     67.808981
     -4.199199     28.917710     28.917710     57.835419
     -4.189189     24.954366     24.954366     49.908733
     -4.179179     22.546949     22.546949     45.093898
     -4.169169     21.785024     21.785024     43.570047
     -4.159159     22.367680     22.367680     44.735361
     -4.149149     23.796498     23.796498     47.592997
     -4.139139     25.612894     25.612894     51.225788
     -4.129129     27.567339     27.567339     55.134677
     -4.119119     29.641238     29.641238     59.282477
     -4.109109     31.914313     31.914313     63.828625
     -4.099099     34.353423     34.353423     68.706846
     -4.089089     36.651980     36.651980     73.303960
     -4.079079     38.234874     38.234874     76.469748
     -4.069069     38.456877     38.456877     76.913754
     -4.059059     36.906039     36.906039     73.812078
     -4.049049     33.650812     33.650812     67.301625
     -4.039039     29.292689     29.292689     58.585379
     -4.029029     24.793326     24.793326     49.586653
     -4.019019     21.166416     21.166416     42.332833
     -4.009009     19.183806     19.183806     38.367613
     -3.998999     19.214732     19.214732     38.429465
     -3.988989     21.229840     21.229840     42.459679
     -3.978979     24.919276     24.919276     49.838551
     -3.968969     29.841288     29.841288     59.682576
     -3.958959     35.538617     35.538617     71.077233
     -3.948949     41.605171     41.605171     83.210341
     -3.938939     47.717719     47.717719     95.435437
     -3.928929     53.648044     53.648044    107.296088
     -3.918919     59.251558     59.251558    118.503117
     -3.908909     64.417722     64.417722    128.835443
     -3.898899     68.984756     68.984756    137.969512
     -3.888889     72.655899     72.655899    145.311797
     -3.878879     74.975101     74.975101    149.950202
     -3.868869     75.402341     75.402341    150.804683
     -3.858859     73.478247     73.478247    146.956495
     -3.848849     69.016222     69.016222    138.032445
     -3.838839     62.240027     62.240027    124.480055
     -3.828829     53.805644     53.805644    107.611288
     -3.818819     44.693083     44.693083     89.386167
     -3.808809     36.001184     36.001184     72.002368
     -3.798799     28.707583     28.707583     57.415166
     -3.788789     23.461415     23.461415     46.922829
     -3.778779     20.462236     20.462236     40.924473
     -3.768769     19.452902     19.452902     38.905803
     -3.758759     19.824120     19.824120     39.648240
     -3.748749     20.800968     20.800968     41.601937
     -3.738739     21.662468     21.662468     43.324936
     -3.728729     21.938399     21.938399     43.876797
     -3.718719     21.533427     21.533427     43.066854
     -3.708709     20.745420     20.745420     41.490840
     -3.698699     20.169468     20.169468     40.338936
     -3.688689     20.508513     20.508513     41.017027
     -3.678679     22.340668     22.340668     44.681335
     -3.668669     25.913396     25.913396     51.826791
     -3.658659     31.034132     31.034132     62.068263
     -3.648649     37.098064     37.098064     74.196129
     -3.638639     43.242687     43.242687     86.485373
     -3.628629     48.567731     48.567731     97.135462
     -3.618619     52.337155     52.337155    104.674310
     -3.608609     54.101339     54.101339    108.202677
     -3.598599     53.727706     53.727706    107.455413
     -3.588589     51.370008     51.370008    102.740017
     -3.578579     47.412215     47.412215     94.824431
     -3.568569     42.397851     42.397851     84.795703
     -3.558559     36.933836     36.933836     73.867671
     -3.548549     31.567779     31.567779     63.135558
     -3.538539     26.671690     26.671690     53.343381
     -3.528529     22.386266     22.386266     44.772532
     -3.518519     18.659607     18.659607     37.319215
     -3.508509     15.361773     15.361773     30.723546
     -3.498498     12.412074     12.412074     24.824148
     -3.488488      9.853043      9.853043     19.706086
     -3.478478      7.842253      7.842253     15.684506
     -3.468468      6.579856      6.579856     13.159711
     -3.458458      6.215491      6.215491     12.430982
     -3.448448      6.776111      6.776111     13.552222
     -3.438438      8.139583      8.139583     16.279166
     -3.428428     10.062015     10.062015     20.124031
     -3.418418     12.251904     12.251904     24.503807
     -3.408408     14.467658     14.467658     28.935315
     -3.398398     16.600094     16.600094     33.200188
     -3.388388     18.701019     18.701019     37.402039
     -3.378378     20.942006     20.942006     41.884012
     -3.368368     23.523859     23.523859     47.047717
     -3.358358     26.581327     26.581327     53.162654
     -3.348348     30.120114     30.120114     60.240229
     -3.338338     33.992243     33.992243     67.984486
     -3.328328     37.891815     37.891815     75.783630
     -3.318318     41.360338     41.360338     82.720676
     -3.308308     43.820392     43.820392     87.640785
     -3.298298     44.671909     44.671909     89.343818
     -3.288288     43.457787     43.457787     86.915573
     -3.278278     40.046791     40.046791     80.093581
     -3.268268     34.740432     34.740432     69.480864
     -3.258258     28.229983     28.229983     56.459966
     -3.248248     21.405970     21.405970     42.811940
     -3.238238     15.103627     15.103627     30.207253
     -3.228228      9.897471      9.897471     19.794942
     -3.218218      6.020755      6.020755     12.041509
     -3.208208      3.413965      3.413965      6.827931
     -3.198198      1.850109      1.850109      3.700218
     -3.188188      1.070471      1.070471      2.140941
     -3.178178      0.885788      0.885788      1.771576
     -3.168168      1.228289      1.228289      2.456579
     -3.158158      2.158585      2.158585      4.317171
     -3.148148      3.833776      3.833776      7.667552
     -3.138138      6.439224      6.439224     12.878448
     -3.128128     10.089370     10.089370     20.178741
     -3.118118     14.718279     14.718279     29.436559
     -3.108108     20.000827     20.000827     40.001654
     -3.098098     25.353097     25.353097     50.706194
     -3.088088     30.039813     30.039813     60.079626
     -3.078078     33.368208     33.368208     66.736416
     -3.068068     34.895362     34.895362     69.790724
     -3.058058     34.555098     34.555098     69.110195
     -3.048048     32.642884     32.642884     65.285768
     -3.038038     29.670184     29.670184     59.340367
     -3.028028     26.169303     26.169303     52.338606
     -3.018018     22.550485     22.550485     45.100970
     -3.008008     19.071782     19.071782     38.143565
     -2.997998     15.909392     15.909392     31.818784
     -2.987988     13.261030     13.261030     26.522060
     -2.977978     11.408649     11.408649     22.817299
     -2.967968     10.702551     10.702551     21.405102
     -2.957958     11.475081     11.475081     22.950163
     -2.947948     13.921165     13.921165     27.842330
     -2.937938     17.989383     17.989383     35.978765
     -2.927928     23.321327     23.321327     46.642654
     -2.917918     29.267270     29.267270     58.534541
     -2.907908     34.991138     34.991138     69.982276
     -2.897898     39.651986     39.651986     79.303972
     -2.887888     42.615459     42.615459     85.230919
     -2.877878     43.622649     43.622649     87.245298
     -2.867868     42.845210     42.845210     85.690421
     -2.857858     40.794042     40.794042     81.588085
     -2.847848     38.112195     38.112195     76.224390
     -2.837838     35.339806     35.339806     70.679613
     -2.827828     32.755729     32.755729     65.511458
     -2.817818     30.362654     30.362654     60.725308
     -2.807808     28.007586     28.007586     56.015171
     -2.797798     25.559460     25.559460     51.118920
     -2.787788     23.041117     23.041117     46.082235
     -2.777778     20.647496     20.647496     41.294993
     -2.767768     18.653580     18.653580     37.307159
     -2.757758     17.280309     17.280309     34.560617
     -2.747748     16.605489     16.605489     33.210979
     -2.737738     16.569431     16.569431     33.138862
     -2.727728     17.057112     17.057112     34.114224
     -2.717718     17.985955     17.985955     35.971911
     -2.707708     19.328074     19.328074     38.656148
     -2.697698     21.049829     21.049829     42.099658
     -2.687688     23.021536     23.021536     46.043071
     -2.677678     24.982654     24.982654     49.965309
     -2.667668     26.613852     26.613852     53.227704
     -2.657658     27.687788     27.687788     55.375576
     -2.647648     28.203870     28.203870     56.407741
     -2.637638     28.411266     28.411266     56.822531
     -2.627628     28.693533     28.693533     57.387066
     -2.617618     29.378043     29.378043     58.756086
     -2.607608     30.578535     30.578535     61.157069
     -2.597598     32.149779     32.149779     64.299557
     -2.587588     33.756790     33.756790     67.513579
     -2.577578     34.997484     34.997484     69.994968
     -2.567568     35.509845     35.509845     71.019691
     -2.557558     35.035709     35.035709     70.071418
     -2.547548     33.458556     33.458556     66.917113
     -2.537538     30.841978     30.841978     61.683955
     -2.527528     27.466976     27.466976     54.933952
     -2.517518     23.833414     23.833414     47.666828
     -2.507508     20.588508     20.588508     41.177017
     -2.497497     18.379247     18.379247     36.758494
     -2.487487     17.671626     17.671626     35.343251
     -2.477477     18.606393     18.606393     37.212787
     -2.467467     20.953226     20.953226     41.906452
     -2.457457     24.188380     24.188380     48.376760
     -2.447447     27.672210     27.672210     55.344421
     -2.437437     30.861442     30.861442     61.722885
     -2.427427     33.472679     33.472679     66.945359
     -2.417417     35.527710     35.527710     71.055419
     -2.407407     37.256620     37.256620     74.513240
     -2.397397     38.897101     38.897101     77.794202
     -2.387387     40.482454     40.482454     80.964907
     -2.377377     41.728560     41.728560     83.457119
     -2.367367     42.093725     42.093725     84.187450
     -2.357357     41.002504     41.002504     82.005009
     -2.347347     38.134726     38.134726     76.269452
     -2.337337     33.638111     33.638111     67.276221
     -2.327327     28.159106     28.159106     56.318213
     -2.317317     22.682260     22.682260     45.364521
     -2.307307     18.261963     18.261963     36.523926
     -2.297297     15.764255     15.764255     31.528511
     -2.287287     15.700610     15.700610     31.401219
     -2.277277     18.169565     18.169565     36.339130
     -2.267267     22.876375     22.876375     45.752750
     -2.257257     29.196583     29.196583     58.393166
     -2.247247     36.270033     36.270033     72.540067
     -2.237237     43.126291     43.126291     86.252581
     -2.227227     48.835001     48.835001     97.670002
     -2.217217     52.655067     52.655067    105.310135
     -2.207207     54.146412     54.146412    108.292823
     -2.197197     53.219468     53.219468    106.438935
     -2.187187     50.121454     50.121454    100.242909
     -2.177177     45.374693     45.374693     90.749386
     -2.167167     39.680374     39.680374     79.360748
     -2.157157     33.792130     33.792130     67.584259
     -2.147147     28.367784     28.367784     56.735568
     -2.137137     23.830024     23.830024     47.660049
     -2.127127     20.287451     20.287451     40.574903
     -2.117117     17.558666     17.558666     35.117332
     -2.107107     15.297612     15.297612     30.595225
     -2.097097     13.164696     13.164696     26.329392
     -2.087087     10.963827     10.963827     21.927654
     -2.077077      8.688650      8.688650     17.377301
     -2.067067      6.474885      6.474885     12.949771
     -2.057057      4.503038      4.503038      9.006076
     -2.047047      2.909270      2.909270      5.818540
     -2.037037      1.741703      1.741703      3.483405
     -2.027027      0.965894      0.965894      1.931789
     -2.017017      0.499484      0.499484      0.998968
     -2.007007      0.251441      0.251441      0.502883
     -1.996997      0.150746      0.150746      0.301493
     -1.986987      0.161587      0.161587      0.323174
     -1.976977      0.289265      0.289265      0.578529
     -1.966967      0.581041      0.581041      1.162082
     -1.956957      1.121807      1.121807      2.243615
     -1.946947      2.020132      2.020132      4.040263
     -1.936937      3.380077      3.380077      6.760155
     -1.926927      5.260154      5.260154     10.520307
     -1.916917      7.630762      7.630762     15.261524
     -1.906907     10.349091     10.349091     20.698183
     -1.896897     13.168292     13.168292     26.336585
     -1.886887     15.784325     15.784325     31.568650
     -1.876877     17.906356     17.906356     35.812712
     -1.866867     19.326415     19.326415     38.652830
     -1.856857     19.966672     19.966672     39.933345
     -1.846847     19.892908     19.892908     39.785816
     -1.836837     19.291287     19.291287     38.582574
     -1.826827     18.410487     18.410487     36.820973
     -1.816817     17.479247     17.479247     34.958493
     -1.806807     16.624255     16.624255     33.248510
     -1.796797     15.825277     15.825277     31.650554
     -1.786787     14.936730     14.936730     29.873460
     -1.776777     13.772856     13.772856     27.545713
     -1.766767     12.215397     12.215397     24.430793
     -1.756757     10.286916     10.286916     20.573832
     -1.746747      8.153578      8.153578     16.307156
     -1.736737      6.063988      6.063988     12.127975
     -1.726727      4.265216      4.265216      8.530432
     -1.716717      2.941497      2.941497      5.882994
     -1.706707      2.197218      2.197218      4.394435
     -1.696697      2.073976      2.073976      4.147952
     -1.686687      2.572732      2.572732      5.145465
     -1.676677      3.655493      3.655493      7.310986
     -1.666667      5.221451      5.221451     10.442903
     -1.656657      7.076788      7.076788     14.153576
     -1.646647      8.930571      8.930571     17.861141
     -1.636637     10.441757     10.441757     20.883513
     -1.626627     11.315601     11.315601     22.631203
     -1.616617     11.416221     11.416221     22.832442
     -1.606607     10.845732     10.845732     21.691464
     -1.596597      9.950915      9.950915     19.901830
     -1.586587      9.248972      9.248972     18.497943
     -1.576577      9.294970      9.294970     18.589939
     -1.566567     10.528739     10.528739     21.057478
     -1.556557     13.138234     13.138234     26.276467
     -1.546547     16.970823     16.970823     33.941647
     -1.536537     21.520483     21.520483     43.040967
     -1.526527     26.010810     26.010810     52.021620
     -1.516517     29.570198     29.570198     59.140397
     -1.506507     31.457843     31.457843     62.915687
     -1.496496     31.267416     31.267416     62.534832
     -1.486486     29.033844     29.033844     58.067689
     -1.476476     25.205092     25.205092     50.410184
     -1.466466     20.497315     20.497315     40.994631
     -1.456456     15.696917     15.696917     31.393835
     -1.446446     11.483678     11.483678     22.967356
     -1.436436      8.324344      8.324344     16.648688
     -1.426426      6.444621      6.444621     12.889242
     -1.416416      5.854452      5.854452     11.708904
     -1.406406      6.392913      6.392913     12.785825
     -1.396396      7.773781      7.773781     15.547562
     -1.386386      9.634347      9.634347     19.268695
     -1.376376     11.598416     11.598416     23.196832
     -1.366366     13.351679     13.351679     26.703358
     -1.356356     14.705469     14.705469     29.410939
     -1.346346     15.616483     15.616483     31.232966
     -1.336336     16.149371     16.149371     32.298743
     -1.326326     16.405277     16.405277     32.810553
     -1.316316     16.462600     16.462600     32.925200
     -1.306306     16.363997     16.363997     32.727995
     -1.296296     16.143325     16.143325     32.286650
     -1.286286     15.852145     15.852145     31.704291
     -1.276276     15.548243     15.548243     31.096485
     -1.266266     15.247047     15.247047     30.494095
     -1.256256     14.877017     14.877017     29.754035
     -1.246246     14.285597     14.285597     28.571194
     -1.236236     13.307007     13.307007     26.614015
     -1.226226     11.855711     11.855711     23.711421
     -1.216216      9.988384      9.988384     19.976768
     -1.206206      7.897992      7.897992     15.795983
     -1.196196      5.847865      5.847865     11.695731
     -1.186186      4.087875      4.087875      8.175751
     -1.176176      2.797164      2.797164      5.594328
     -1.166166      2.072643      2.072643      4.145287
     -1.156156      1.950803      1.950803      3.901605
     -1.146146      2.432876      2.432876      4.865753
     -1.136136      3.487634      3.487634      6.975268
     -1.126126      5.026512      5.026512     10.053024
     -1.116116      6.869728      6.869728     13.739457
     -1.106106      8.735605      8.735605     17.471210
     -1.096096     10.279045     10.279045     20.558090
     -1.086086     11.179470     11.179470     22.358940
     -1.076076     11.246978     11.246978     22.493957
     -1.066066     10.498371     10.498371     20.996743
     -1.056056      9.165284      9.165284     18.330569
     -1.046046      7.629358      7.629358     15.258715
     -1.036036      6.312692      6.312692     12.625384
     -1.026026      5.565251      5.565251     11.130501
     -1.016016      5.581044      5.581044     11.162088
     -1.006006      6.356006      6.356006     12.712012
     -0.995996      7.688844      7.688844     15.377687
     -0.985986      9.224867      9.224867     18.449733
     -0.975976     10.541290     10.541290     21.082579
     -0.965966     11.260376     11.260376     22.520752
     -0.955956     11.157819     11.157819     22.315638
     -0.945946     10.224589     10.224589     20.449178
     -0.935936      8.654750      8.654750     17.309499
     -0.925926      6.765391      6.765391     13.530783
     -0.915916      4.887138      4.887138      9.774276
     -0.905906      3.273822      3.273822      6.547643
     -0.895896      2.063478      2.063478      4.126955
     -0.885886      1.293202      1.293202      2.586403
     -0.875876      0.946363      0.946363      1.892725
     -0.865866      1.002430      1.002430      2.004860
     -0.855856      1.465344      1.465344      2.930687
     -0.845846      2.358651      2.358651      4.717303
     -0.835836      3.689328      3.689328      7.378656
     -0.825826      5.395764      5.395764     10.791528
     -0.815816      7.306488      7.306488     14.612977
     -0.805806      9.138561      9.138561     18.277122
     -0.795796     10.551442     10.551442     21.102884
     -0.785786     11.244790     11.244790     22.489581
     -0.775776     11.060697     11.060697     22.121393
     -0.765766     10.041599     10.041599     20.083198
     -0.755756      8.414274      8.414274     16.828548
     -0.745746      6.507988      6.507988     13.015976
     -0.735736      4.647304      4.647304      9.294609
     -0.725726      3.067495      3.067495      6.134989
     -0.715716      1.881623      1.881623      3.763247
     -0.705706      1.098976      1.098976      2.197953
     -0.695696      0.673276      0.673276      1.346552
     -0.685686      0.554338      0.554338      1.108675
     -0.675676      0.724082      0.724082      1.448165
     -0.665666      1.207725      1.207725      2.415451
     -0.655656      2.057965      2.057965      4.115930
     -0.645646      3.315339      3.315339      6.630678
     -0.635636      4.955507      4.955507      9.911015
     -0.625626      6.844253      6.844253     13.688507
     -0.615616      8.726820      8.726820     17.453640
     -0.605606     10.270588     10.270588     20.541175
     -0.595596     11.156455     11.156455     22.312911
     -0.585586     11.185233     11.185233     22.370467
     -0.575576     10.350252     10.350252     20.700505
     -0.565566      8.839826      8.839826     17.679653
     -0.555556      6.968244      6.968244     13.936489
     -0.545546      5.069789      5.069789     10.139578
     -0.535536      3.404421      3.404421      6.808841
     -0.525526      2.110005      2.110005      4.220009
     -0.515516      1.207009      1.207009      2.414018
     -0.505506      0.637271      0.637271      1.274543
     -0.495495      0.310545      0.310545      0.621091
     -0.485485      0.139673      0.139673      0.279346
     -0.475475      0.057981      0.057981      0.115962
     -0.465465      0.022215      0.022215      0.044430
     -0.455455      0.007856      0.007856      0.015712
     -0.445445      0.002564      0.002564      0.005128
     -0.435435      0.000773      0.000773      0.001546
     -0.425425      0.000218      0.000218      0.000436
     -0.415415      0.000070      0.000070      0.000139
     -0.405405      0.000073      0.000073      0.000147
     -0.395395      0.000237      0.000237      0.000474
     -0.385385      0.000839      0.000839      0.001677
     -0.375375      0.002767      0.002767      0.005534
     -0.365365      0.008433      0.008433      0.016867
     -0.355355      0.023722      0.023722      0.047445
     -0.345345      0.061589      0.061589      0.123178
     -0.335335      0.147583      0.147583      0.295165
     -0.325325      0.326404      0.326404      0.652808
     -0.315315      0.666288      0.666288      1.332576
     -0.305305      1.255323      1.255323      2.510646
     -0.295295      2.182910      2.182910      4.365820
     -0.285285      3.503508      3.503508      7.007015
     -0.275275      5.189878      5.189878     10.379757
     -0.265265      7.095747      7.095747     14.191494
     -0.255255      8.954182      8.954182     17.908364
     -0.245245     10.428950     10.428950     20.857899
     -0.235235     11.210941     11.210941     22.421882
     -0.225225     11.123217     11.123217     22.246435
     -0.215215     10.186046     10.186046     20.372091
     -0.205205      8.609297      8.609297     17.218593
     -0.195195      6.716091      6.716091     13.432182
     -0.185185      4.835622      4.835622      9.671244
     -0.175175      3.213475      3.213475      6.426950
     -0.165165      1.970990      1.970990      3.941980
     -0.155155      1.115785      1.115785      2.231571
     -0.145145      0.582994      0.582994      1.165987
     -0.135135      0.281147      0.281147      0.562294
     -0.125125      0.125138      0.125138      0.250277
     -0.115115      0.051408      0.051408      0.102817
     -0.105105      0.019492      0.019492      0.038985
     -0.095095      0.006822      0.006822      0.013643
     -0.085085      0.002203      0.002203      0.004407
     -0.075075      0.000657      0.000657      0.001314
     -0.065065      0.000181      0.000181      0.000361
     -0.055055      0.000046      0.000046      0.000092
     -0.045045      0.000011      0.000011      0.000022
     -0.035035      0.000002      0.000002      0.000005
     -0.025025      0.000000      0.000000      0.000001
     -0.015015      0.000000      0.000000      0.000000
     -0.005005      0.000000      0.000000      0.000000
      0.005005      0.000000      0.000000      0.000000
      0.015015      0.000000      0.000000      0.000000
      0.025025      0.000000      0.000000      0.000001
      0.035035      0.000002      0.000002      0.000005
      0.045045      0.000011      0.000011      0.000022
      0.055055      0.000046      0.000046      0.000092
      0.065065      0.000181      0.000181      0.000361
      0.075075      0.000657      0.000657      0.001314
      0.085085      0.002203      0.002203      0.004407
      0.095095      0.006822      0.006822      0.013643
      0.105105      0.019492      0.019492      0.038985
      0.115115      0.051408      0.051408      0.102817
      0.125125      0.125138      0.125138      0.250276
      0.135135      0.281147      0.281147      0.562293
      0.145145      0.582992      0.582992      1.165985
      0.155155      1.115783      1.115783      2.231567
      0.165165      1.970987      1.970987      3.941973
      0.175175      3.213471      3.213471      6.426941
      0.185185      4.835616      4.835616      9.671233
      0.195195      6.716085      6.716085     13.432170
      0.205205      8.609291      8.609291     17.218583
      0.215215     10.186042     10.186042     20.372084
      0.225225     11.123216     11.123216     22.246431
      0.235235     11.210942     11.210942     22.421884
      0.245245     10.428953     10.428953     20.857906
      0.255255      8.954187      8.954187     17.908374
      0.265265      7.095753      7.095753     14.191506
      0.275275      5.189884      5.189884     10.379767
      0.285285      3.503512      3.503512      7.007024
      0.295295      2.182913      2.182913      4.365827
      0.305305      1.255325      1.255325      2.510650
      0.315315      0.666289      0.666289      1.332578
      0.325325      0.326405      0.326405      0.652809
      0.335335      0.147583      0.147583      0.295166
      0.345345      0.061589      0.061589      0.123178
      0.355355      0.023722      0.023722      0.047445
      0.365365      0.008434      0.008434      0.016867
      0.375375      0.002769      0.002769      0.005537
      0.385385      0.000845      0.000845      0.001691
      0.395395      0.000267      0.000267      0.000533
      0.405405      0.000191      0.000191      0.000381
      0.415415      0.000497      0.000497      0.000994
      0.425425      0.001654      0.001654      0.003308
      0.435435      0.005213      0.005213      0.010427
      0.445445      0.015190      0.015190      0.030380
      0.455455      0.040855      0.040855      0.081710
      0.465465      0.101418      0.101418      0.202835
      0.475475      0.232365      0.232365      0.464730
      0.485485      0.491378      0.491378      0.982756
      0.495495      0.959062      0.959062      1.918125
      0.505506      1.727687      1.727687      3.455373
      0.515516      2.872565      2.872565      5.745131
      0.525526      4.408205      4.408205      8.816410
      0.535536      6.243678      6.243678     12.487355
      0.545546      8.162178      8.162178     16.324356
      0.555556      9.848241      9.848241     19.696482
      0.565566     10.967277     10.967277     21.934554
      0.575576     11.272713     11.272713     22.545425
      0.585586     10.694371     10.694371     21.388743
      0.595596      9.365037      9.365037     18.730074
      0.605606      7.571980      7.571980     15.143961
      0.615616      5.658718      5.658718     11.317436
      0.625626      3.924965      3.924965      7.849930
      0.635636      2.566954      2.566954      5.133908
      0.645646      1.673250      1.673250      3.346501
      0.655656      1.261750      1.261750      2.523499
      0.665666      1.327463      1.327463      2.654926
      0.675676      1.871846      1.871846      3.743691
      0.685686      2.897840      2.897840      5.795681
      0.695696      4.373340      4.373340      8.746681
      0.705706      6.183590      6.183590     12.367180
      0.715716      8.103952      8.103952     16.207904
      0.725726      9.821318      9.821318     19.642636
      0.735736     11.011780     11.011780     22.023559
      0.745746     11.451014     11.451014     22.902028
      0.755756     11.109575     11.109575     22.219150
      0.765766     10.184982     10.184982     20.369964
      0.775776      9.049034      9.049034     18.098069
      0.785786      8.127241      8.127241     16.254482
      0.795796      7.755947      7.755947     15.511894
      0.805806      8.069226      8.069226     16.138452
      0.815816      8.953999      8.953999     17.907998
      0.825826     10.087876     10.087876     20.175751
      0.835836     11.047523     11.047523     22.095046
      0.845846     11.450910     11.450910     22.901821
      0.855856     11.081857     11.081857     22.163713
      0.865866      9.949694      9.949694     19.899388
      0.875876      8.263828      8.263828     16.527656
      0.885886      6.341226      6.341226     12.682451
      0.895896      4.493063      4.493063      8.986125
      0.905906      2.938909      2.938909      5.877817
      0.915916      1.774526      1.774526      3.549051
      0.925926      0.989405      0.989405      1.978809
      0.935936      0.510645      0.510645      1.021291
      0.945946      0.247850      0.247850      0.495700
      0.955956      0.124188      0.124188      0.248376
      0.965966      0.091529      0.091529      0.183057
      0.975976      0.135180      0.135180      0.270361
      0.985986      0.274601      0.274601      0.549201
      0.995996      0.562469      0.562469      1.124938
      1.006006      1.079112      1.079112      2.158224
      1.016016      1.915854      1.915854      3.831709
      1.026026      3.142712      3.142712      6.285423
      1.036036      4.764551      4.764551      9.529102
      1.046046      6.682801      6.682801     13.365601
      1.056056      8.688517      8.688517     17.377033
      1.066066     10.506778     10.506778     21.013556
      1.076076     11.888343     11.888343     23.776687
      1.086086     12.712695     12.712695     25.425390
      1.096096     13.048644     13.048644     26.097288
      1.106106     13.132365     13.132365     26.264731
      1.116116     13.265647     13.265647     26.531294
      1.126126     13.683818     13.683818     27.367636
      1.136136     14.461292     14.461292     28.922584
      1.146146     15.498901     15.498901     30.997802
      1.156156     16.587387     16.587387     33.174775
      1.166166     17.500816     17.500816     35.001632
      1.176176     18.069236     18.069236     36.138473
      1.186186     18.209035     18.209035     36.418069
      1.196196     17.923269     17.923269     35.846538
      1.206206     17.293896     17.293896     34.587791
      1.216216     16.470332     16.470332     32.940665
      1.226226     15.638762     15.638762     31.277524
      1.236236     14.960418     14.960418     29.920836
      1.246246     14.495920     14.495920     28.991839
      1.256256     14.159518     14.159518     28.319037
      1.266266     13.742705     13.742705     27.485409
      1.276276     13.007831     13.007831     26.015662
      1.286286     11.807024     11.807024     23.614048
      1.296296     10.164531     10.164531     20.329062
      1.306306      8.284439      8.284439     16.568877
      1.316316      6.491208      6.491208     12.982415
      1.326326      5.143833      5.143833     10.287666
      1.336336      4.564618      4.564618      9.129236
      1.346346      4.996667      4.996667      9.993333
      1.356356      6.575842      6.575842     13.151684
      1.366366      9.296601      9.296601     18.593201
      1.376376     12.970805     12.970805     25.941609
      1.386386     17.206379     17.206379     34.412759
      1.396396     21.442294     21.442294     42.884588
      1.406406     25.054023     25.054023     50.108046
      1.416416     27.501124     27.501124     55.002247
      1.426426     28.456974     28.456974     56.913949
      1.436436     27.866147     27.866147     55.732294
      1.446446     25.915300     25.915300     51.830600
      1.456456     22.948798     22.948798     45.897596
      1.466466     19.378256     19.378256     38.756513
      1.476476     15.618861     15.618861     31.237722
      1.486486     12.055370     12.055370     24.110740
      1.496496      9.023014      9.023014     18.046028
      1.506507      6.790639      6.790639     13.581278
      1.516517      5.543814      5.543814     11.087628
      1.526527      5.370743      5.370743     10.741487
      1.536537      6.252210      6.252210     12.504419
      1.546547      8.056194      8.056194     16.112388
      1.556557     10.542576     10.542576     21.085152
      1.566567     13.388108     13.388108     26.776216
      1.576577     16.238298     16.238298     32.476597
      1.586587     18.779895     18.779895     37.559791
      1.596597     20.813851     20.813851     41.627703
      1.606607     22.303721     22.303721     44.607443
      1.616617     23.380885     23.380885     46.761770
      1.626627     24.300711     24.300711     48.601422
      1.636637     25.357583     25.357583     50.715166
      1.646647     26.780080     26.780080     53.560160
      1.656657     28.639365     28.639365     57.278730
      1.666667     30.808098     30.808098     61.616195
      1.676677     32.995153     32.995153     65.990306
      1.686687     34.850726     34.850726     69.701451
      1.696697     36.098227     36.098227     72.196454
      1.706707     36.626680     36.626680     73.253359
      1.716717     36.491121     36.491121     72.982243
      1.726727     35.820271     35.820271     71.640542
      1.736737     34.692714     34.692714     69.385427
      1.746747     33.071137     33.071137     66.142273
      1.756757     30.850936     30.850936     61.701872
      1.766767     28.000967     28.000967     56.001934
      1.776777     24.704585     24.704585     49.409170
      1.786787     21.399698     21.399698     42.799397
      1.796797     18.674491     18.674491     37.348982
      1.806807     17.059717     17.059717     34.119433
      1.816817     16.814916     16.814916     33.629831
      1.826827     17.806951     17.806951     35.613902
      1.836837     19.534416     19.534416     39.068832
      1.846847     21.289558     21.289558     42.579117
      1.856857     22.396458     22.396458     44.792915
      1.866867     22.435997     22.435997     44.871994
      1.876877     21.372665     21.372665     42.745330
      1.886887     19.535730     19.535730     39.071460
      1.896897     17.466422     17.466422     34.932845
      1.906907     15.699544     15.699544     31.399088
      1.916917     14.575698     14.575698     29.151397
      1.926927     14.163836     14.163836     28.327672
      1.936937     14.318811     14.318811     28.637622
      1.946947     14.830513     14.830513     29.661025
      1.956957     15.574108     15.574108     31.148216
      1.966967     16.571726     16.571726     33.143451
      1.976977     17.928378     17.928378     35.856756
      1.986987     19.683133     19.683133     39.366265
      1.996997     21.674968     21.674968     43.349936
      2.007007     23.521846     23.521846     47.043692
      2.017017     24.745697     24.745697     49.491394
      2.027027     24.982848     24.982848     49.965696
      2.037037     24.159121     24.159121     48.318243
      2.047047     22.523962     22.523962     45.047925
      2.057057     20.521476     20.521476     41.042952
      2.067067     18.574146     18.574146     37.148293
      2.077077     16.903511     16.903511     33.807023
      2.087087     15.482405     15.482405     30.964809
      2.097097     14.129999     14.129999     28.259998
      2.107107     12.680477     12.680477     25.360954
      2.117117     11.126559     11.126559     22.253117
      2.127127      9.668878      9.668878     19.337755
      2.137137      8.661857      8.661857     17.323713
      2.147147      8.495477      8.495477     16.990954
      2.157157      9.467172      9.467172     18.934343
      2.167167     11.683809     11.683809     23.367618
      2.177177     15.010822     15.010822     30.021643
      2.187187     19.070710     19.070710     38.141420
      2.197197     23.289153     23.289153     46.578306
      2.207207     26.986228     26.986228     53.972456
      2.217217     29.504416     29.504416     59.008831
      2.227227     30.351887     30.351887     60.703774
      2.237237     29.324602     29.324602     58.649204
      2.247247     26.565020     26.565020     53.130039
      2.257257     22.528786     22.528786     45.057571
      2.267267     17.863765     17.863765     35.727531
      2.277277     13.243698     13.243698     26.487396
      2.287287      9.219562      9.219562     18.439124
      2.297297      6.141426      6.141426     12.282852
      2.307307      4.167643      4.167643      8.335286
      2.317317      3.337639      3.337639      6.675277
      2.327327      3.660449      3.660449      7.320898
      2.337337      5.171791      5.171791     10.343583
      2.347347      7.932079      7.932079     15.864158
      2.357357     11.964748     11.964748     23.929497
      2.367367     17.158854     17.158854     34.317707
      2.377377     23.176734     23.176734     46.353469
      2.387387     29.413158     29.413158     58.826316
      2.397397     35.043128     35.043128     70.086256
      2.407407     39.169062     39.169062     78.338124
      2.417417     41.037856     41.037856     82.075711
      2.427427     40.258753     40.258753     80.517506
      2.437437     36.936240     36.936240     73.872480
      2.447447     31.655795     31.655795     63.311591
      2.457457     25.320311     25.320311     50.640623
      2.467467     18.901897     18.901897     37.803793
      2.477477     13.209174     13.209174     26.418349
      2.487487      8.753792      8.753792     17.507585
      2.497497      5.743979      5.743979     11.487958
      2.507508      4.172560      4.172560      8.345119
      2.517518      3.934003      3.934003      7.868005
      2.527528      4.910159      4.910159      9.820318
      2.537538      6.995534      6.995534     13.991069
      2.547548     10.068929     10.068929     20.137857
      2.557558     13.942016     13.942016     27.884032
      2.567568     18.320403     18.320403     36.640807
      2.577578     22.802340     22.802340     45.604679
      2.587588     26.923001     26.923001     53.846002
      2.597598     30.235671     30.235671     60.471342
      2.607608     32.408239     32.408239     64.816477
      2.617618     33.305163     33.305163     66.610326
      2.627628     33.024682     33.024682     66.049365
      2.637638     31.873749     31.873749     63.747498
      2.647648     30.288251     30.288251     60.576502
      2.657658     28.731139     28.731139     57.462279
      2.667668     27.608720     27.608720     55.217441
      2.677678     27.228819     27.228819     54.457639
      2.687688     27.795417     27.795417     55.590835
      2.697698     29.413445     29.413445     58.826890
      2.707708     32.077774     32.077774     64.155548
      2.717718     35.639951     35.639951     71.279902
      2.727728     39.772624     39.772624     79.545248
      2.737738     43.970007     43.970007     87.940014
      2.747748     47.619631     47.619631     95.239262
      2.757758     50.149140     50.149140    100.298279
      2.767768     51.202147     51.202147    102.404293
      2.777778     50.759604     50.759604    101.519207
      2.787788     49.132032     49.132032     98.264065
      2.797798     46.810927     46.810927     93.621854
      2.807808     44.249467     44.249467     88.498934
      2.817818     41.686708     41.686708     83.373416
      2.827828     39.102526     39.102526     78.205052
      2.837838     36.311924     36.311924     72.623848
      2.847848     33.132076     33.132076     66.264151
      2.857858     29.529303     29.529303     59.058605
      2.867868     25.680230     25.680230     51.360461
      2.877878     21.931746     21.931746     43.863491
      2.887888     18.686680     18.686680     37.373360
      2.897898     16.264374     16.264374     32.528749
      2.907908     14.790477     14.790477     29.580954
      2.917918     14.160668     14.160668     28.321336
      2.927928     14.095966     14.095966     28.191932
      2.937938     14.266191     14.266191     28.532382
      2.947948     14.421152     14.421152     28.842305
      2.957958     14.461443     14.461443     28.922885
      2.967968     14.413991     14.413991     28.827982
      2.977978     14.335290     14.335290     28.670580
      2.987988     14.210217     14.210217     28.420434
      2.997998     13.914935     13.914935     27.829869
      3.008008     13.267438     13.267438     26.534876
      3.018018     12.130462     12.130462     24.260924
      3.028028     10.499510     10.499510     20.999020
      3.038038      8.523112      8.523112     17.046224
      3.048048      6.448524      6.448524     12.897049
      3.058058      4.529530      4.529530      9.059060
      3.068068      2.946781      2.946781      5.893562
      3.078078      1.773310      1.773310      3.546621
      3.088088      0.987141      0.987141      1.974282
      3.098098      0.510856      0.510856      1.021713
      3.108108      0.254010      0.254010      0.508019
      3.118118      0.143690      0.143690      0.287380
      3.128128      0.140966      0.140966      0.281931
      3.138138      0.248339      0.248339      0.496677
      3.148148      0.513650      0.513650      1.027299
      3.158158      1.031071      1.031071      2.062142
      3.168168      1.933685      1.933685      3.867370
      3.178178      3.368764      3.368764      6.737527
      3.188188      5.449989      5.449989     10.899977
      3.198198      8.191919      8.191919     16.383837
      3.208208     11.447618     11.447618     22.895236
      3.218218     14.881480     14.881480     29.762960
      3.228228     18.005560     18.005560     36.011119
      3.238238     20.285028     20.285028     40.570055
      3.248248     21.284882     21.284882     42.569764
      3.258258     20.803802     20.803802     41.607604
      3.268268     18.939420     18.939420     37.878841
      3.278278     16.056448     16.056448     32.112896
      3.288288     12.671725     12.671725     25.343449
      3.298298      9.305272      9.305272     18.610544
      3.308308      6.355564      6.355564     12.711129
      3.318318      4.038370      4.038370      8.076739
      3.328328      2.395449      2.395449      4.790899
      3.338338      1.351368      1.351368      2.702737
      3.348348      0.785798      0.785798      1.571595
      3.358358      0.594403      0.594403      1.188806
      3.368368      0.724362      0.724362      1.448723
      3.378378      1.181144      1.181144      2.362288
      3.388388      2.008248      2.008248      4.016495
      3.398398      3.244479      3.244479      6.488957
      3.408408      4.869351      4.869351      9.738701
      3.418418      6.756743      6.756743     13.513486
      3.428428      8.663400      8.663400     17.326801
      3.438438     10.272328     10.272328     20.544657
      3.448448     11.288014     11.288014     22.576028
      3.458458     11.550099     11.550099     23.100199
      3.468468     11.113755     11.113755     22.227510
      3.478478     10.253547     10.253547     20.507093
      3.488488      9.381382      9.381382     18.762765
      3.498498      8.909496      8.909496     17.818992
      3.508509      9.114201      9.114201     18.228403
      3.518519     10.053876     10.053876     20.107752
      3.528529     11.568934     11.568934     23.137868
      3.538539     13.355548     13.355548     26.711097
      3.548549     15.074235     15.074235     30.148470
      3.558559     16.443006     16.443006     32.886012
      3.568569     17.279636     17.279636     34.559271
      3.578579     17.491569     17.491569     34.983138
      3.588589     17.043723     17.043723     34.087447
      3.598599     15.941240     15.941240     31.882479
      3.608609     14.241646     14.241646     28.483291
      3.618619     12.078553     12.078553     24.157105
      3.628629      9.664668      9.664668     19.329336
      3.638639      7.256648      7.256648     14.513296
      3.648649      5.093959      5.093959     10.187918
      3.658659      3.343450      3.343450      6.686900
      3.668669      2.077235      2.077235      4.154469
      3.678679      1.290324      1.290324      2.580649
      3.688689      0.943141      0.943141      1.886281
      3.698699      1.004604      1.004604      2.009208
      3.708709      1.474688      1.474688      2.949376
      3.718719      2.375585      2.375585      4.751171
      3.728729      3.713309      3.713309      7.426619
      3.738739      5.424811      5.424811     10.849622
      3.748749      7.336824      7.336824     14.673649
      3.758759      9.164995      9.164995     18.329989
      3.768769     10.568612     10.568612     21.137225
      3.778779     11.248857     11.248857     22.497714
      3.788789     11.050703     11.050703     22.101407
      3.798799     10.019806     10.019806     20.039612
      3.808809      8.385246      8.385246     16.770491
      3.818819      6.476781      6.476781     12.953563
      3.828829      4.617319      4.617319      9.234637
      3.838839      3.038152      3.038152      6.076303
      3.848849      1.845144      1.845144      3.690288
      3.858859      1.034511      1.034511      2.069023
      3.868869      0.536151      0.536151      1.072302
      3.878879      0.259102      0.259102      0.518203
      3.888889      0.123445      0.123445      0.246891
      3.898899      0.075773      0.075773      0.151547
      3.908909      0.093605      0.093605      0.187210
      3.918919      0.185796      0.185796      0.371592
      3.928929      0.392786      0.392786      0.785571
      3.938939      0.785436      0.785436      1.570872
      3.948949      1.456939      1.456939      2.913879
      3.958959      2.501693      2.501693      5.003387
      3.968969      3.980410      3.980410      7.960820
      3.978979      5.881634      5.881634     11.763269
      3.988989      8.100464      8.100464     16.200928
      3.998999     10.455655     10.455655     20.911310
      4.009009     12.749511     12.749511     25.499022
      4.019019     14.846179     14.846179     29.692358
      4.029029     16.722245     16.722245     33.444490
      4.039039     18.449925     18.449925     36.899849
      4.049049     20.111912     20.111912     40.223825
      4.059059     21.696090     21.696090     43.392179
      4.069069     23.042366     23.042366     46.084731
      4.079079     23.890681     23.890681     47.781361
      4.089089     24.018943     24.018943     48.037887
      4.099099     23.399677     23.399677     46.799355
      4.109109     22.282878     22.282878     44.565755
      4.119119     21.144565     21.144565     42.289130
      4.129129     20.509064     20.509064     41.018128
      4.139139     20.721951     20.721951     41.443902
      4.149149     21.783799     21.783799     43.567599
      4.159159     23.332867     23.332867     46.665734
      4.169169     24.794373     24.794373     49.588746
      4.179179     25.628255     25.628255     51.256509
      4.189189     25.553226     25.553226     51.106452
      4.199199     24.637409     24.637409     49.274818
      4.209209     23.221327     23.221327     46.442654
      4.219219     21.731942     21.731942     43.463884
      4.229229     20.497361     20.497361     40.994722
      4.239239     19.651256     19.651256     39.302512
      4.249249     19.146560     19.146560     38.293120
      4.259259     18.834364     18.834364     37.668729
      4.269269     18.547645     18.547645     37.095290
      4.279279     18.157334     18.157334     36.314668
      4.289289     17.603153     17.603153     35.206306
      4.299299     16.911018     16.911018     33.822035
      4.309309     16.194192     16.194192     32.388383
      4.319319     15.624409     15.624409     31.248818
      4.329329     15.372568     15.372568     30.745137
      4.339339     15.546300     15.546300     31.092601
      4.349349     16.163047     16.163047     32.326093
      4.359359     17.173713     17.173713     34.347426
      4.369369     18.509277     18.509277     37.018555
      4.379379     20.099632     20.099632     40.199265
      4.389389     21.836418     21.836418     43.672836
      4.399399     23.506024     23.506024     47.012049
      4.409409     24.759703     24.759703     49.519405
      4.419419     25.175655     25.175655     50.351309
      4.429429     24.405947     24.405947     48.811894
      4.439439     22.334894     22.334894     44.669787
      4.449449     19.156958     19.156958     38.313917
      4.459459     15.326631     15.326631     30.653263
      4.469469     11.407414     11.407414     22.814829
      4.479479      7.899816      7.899816     15.799632
      4.489489      5.128126      5.128126     10.256252
      4.499499      3.222108      3.222108      6.444216
      4.509510      2.177234      2.177234      4.354468
      4.519520      1.946128      1.946128      3.892256
      4.529530      2.512665      2.512665      5.025331
      4.539540      3.918255      3.918255      7.836510
      4.549550      6.232977      6.232977     12.465954
      4.559560      9.484433      9.484433     18.968867
      4.569570     13.572407     13.572407     27.144815
      4.579580     18.206040     18.206040     36.412080
      4.589590     22.898367     22.898367     45.796734
      4.599600     27.037434     27.037434     54.074868
      4.609610     30.025715     30.025715     60.051430
      4.619620     31.448863     31.448863     62.897725
      4.629630     31.213877     31.213877     62.427753
      4.639640     29.597682     29.597682     59.195364
      4.649650     27.174999     27.174999     54.349999
      4.659660     24.641829     24.641829     49.283657
      4.669670     22.597372     22.597372     45.194744
      4.679680     21.367893     21.367893     42.735786
      4.689690     20.937257     20.937257     41.874514
      4.699700     21.000074     21.000074     42.000149
      4.709710     21.102202     21.102202     42.204404
      4.719720     20.806818     20.806818     41.613635
      4.729730     19.830026     19.830026     39.660052
      4.739740     18.114902     18.114902     36.229804
      4.749750     15.837793     15.837793     31.675585
      4.759760     13.356050     13.356050     26.712101
      4.769770     11.114532     11.114532     22.229063
      4.779780      9.534626      9.534626     19.069251
      4.789790      8.914685      8.914685     17.829370
      4.799800      9.370347      9.370347     18.740693
      4.809810     10.833430     10.833430     21.666861
      4.819820     13.108590     13.108590     26.217180
      4.829830     15.962586     15.962586     31.925172
      4.839840     19.202752     19.202752     38.405504
      4.849850     22.702886     22.702886     45.405772
      4.859860     26.362915     26.362915     52.725830
      4.869870     30.030931     30.030931     60.061861
      4.879880     33.444162     33.444162     66.888323
      4.889890     36.235737     36.235737     72.471474
      4.899900     38.011306     38.011306     76.022612
      4.909910     38.455754     38.455754     76.911508
      4.919920     37.417628     37.417628     74.835256
      4.929930     34.941850     34.941850     69.883700
      4.939940     31.255110     31.255110     62.510219
      4.949950     26.725398     26.725398     53.450796
      4.959960     21.811630     21.811630     43.623260
      4.969970     17.006794     17.006794     34.013588
      4.979980     12.774729     12.774729     25.549459
      4.989990      9.487114      9.487114     18.974227
      5.000000      7.372430      7.372430     14.744859
