# EIG2DOS: Utility for SIESTA to obtain the electronic density of states
#  E. Artacho, Apr 1999, A. Garcia, Apr 2012
#  Nick R. Papior, Feb 2017
# ------------------------------------------
# Eigenvalues calculated from a non-polarized calculation
# Eigenvalues read from siesta.EIG
# Kpoint weights read from siesta.KP
# Using smearing parameter:   0.0500
# Using 1000 points in the energy range
# Selected bands: 1 to: 2981
# Emin, Emax in file for selected band(s):    -27.1907170    218.3556080
# Nbands, Nspin, Nk   =   2981     1     1
# E_F                 =    -4.2480 eV --> (shifted to ZERO)
# Broadening          =     0.0500 eV
#
#        E            N(up)  (=)   N(down)         Ntot
     -5.000000     36.073954     36.073954     72.147907
     -4.989990     39.453615     39.453615     78.907229
     -4.979980     41.946020     41.946020     83.892040
     -4.969970     43.211539     43.211539     86.423077
     -4.959960     43.085411     43.085411     86.170822
     -4.949950     41.627570     41.627570     83.255140
     -4.939940     39.121498     39.121498     78.242996
     -4.929930     36.036490     36.036490     72.072979
     -4.919920     32.975528     32.975528     65.951056
     -4.909910     30.617597     30.617597     61.235194
     -4.899900     29.639806     29.639806     59.279612
     -4.889890     30.593631     30.593631     61.187262
     -4.879880     33.730870     33.730870     67.461741
     -4.869870     38.826567     38.826567     77.653135
     -4.859860     45.094589     45.094589     90.189178
     -4.849850     51.290022     51.290022    102.580044
     -4.839840     56.018996     56.018996    112.037993
     -4.829830     58.162204     58.162204    116.324408
     -4.819820     57.235426     57.235426    114.470851
     -4.809810     53.521944     53.521944    107.043887
     -4.799800     47.920759     47.920759     95.841519
     -4.789790     41.595784     41.595784     83.191569
     -4.779780     35.596904     35.596904     71.193809
     -4.769770     30.607874     30.607874     61.215749
     -4.759760     26.883545     26.883545     53.767090
     -4.749750     24.339027     24.339027     48.678055
     -4.739740     22.702906     22.702906     45.405811
     -4.729730     21.654987     21.654987     43.309973
     -4.719720     20.908597     20.908597     41.817195
     -4.709710     20.236779     20.236779     40.473559
     -4.699700     19.466647     19.466647     38.933294
     -4.689690     18.475081     18.475081     36.950162
     -4.679680     17.211502     17.211502     34.423005
     -4.669670     15.750788     15.750788     31.501576
     -4.659660     14.351168     14.351168     28.702337
     -4.649650     13.475181     13.475181     26.950362
     -4.639640     13.737821     13.737821     27.475641
     -4.629630     15.771758     15.771758     31.543517
     -4.619620     20.032160     20.032160     40.064321
     -4.609610     26.592469     26.592469     53.184937
     -4.599600     35.001490     35.001490     70.002981
     -4.589590     44.273581     44.273581     88.547162
     -4.579580     53.056113     53.056113    106.112225
     -4.569570     59.957850     59.957850    119.915700
     -4.559560     63.946256     63.946256    127.892511
     -4.549550     64.669780     64.669780    129.339560
     -4.539540     62.569595     62.569595    125.139190
     -4.529530     58.721620     58.721620    117.443241
     -4.519520     54.462067     54.462067    108.924134
     -4.509510     50.942751     50.942751    101.885502
     -4.499499     48.788756     48.788756     97.577512
     -4.489489     47.978431     47.978431     95.956862
     -4.479479     47.963476     47.963476     95.926952
     -4.469469     47.948061     47.948061     95.896122
     -4.459459     47.196935     47.196935     94.393870
     -4.449449     45.258496     45.258496     90.516992
     -4.439439     42.049922     42.049922     84.099844
     -4.429429     37.819243     37.819243     75.638485
     -4.419419     33.039726     33.039726     66.079453
     -4.409409     28.292501     28.292501     56.585003
     -4.399399     24.165445     24.165445     48.330890
     -4.389389     21.166369     21.166369     42.332738
     -4.379379     19.639554     19.639554     39.279107
     -4.369369     19.690865     19.690865     39.381730
     -4.359359     21.150194     21.150194     42.300387
     -4.349349     23.605260     23.605260     47.210519
     -4.339339     26.516133     26.516133     53.032265
     -4.329329     29.377900     29.377900     58.755799
     -4.319319     31.868352     31.868352     63.736703
     -4.309309     33.920232     33.920232     67.840465
     -4.299299     35.691942     35.691942     71.383883
     -4.289289     37.453948     37.453948     74.907896
     -4.279279     39.436510     39.436510     78.873020
     -4.269269     41.690487     41.690487     83.380975
     -4.259259     44.006580     44.006580     88.013160
     -4.249249     45.928056     45.928056     91.856113
     -4.239239     46.872950     46.872950     93.745900
     -4.229229     46.343229     46.343229     92.686458
     -4.219219     44.147377     44.147377     88.294754
     -4.209209     40.531690     40.531690     81.063381
     -4.199199     36.139848     36.139848     72.279696
     -4.189189     31.801417     31.801417     63.602835
     -4.179179     28.243110     28.243110     56.486221
     -4.169169     25.860700     25.860700     51.721399
     -4.159159     24.654842     24.654842     49.309683
     -4.149149     24.344418     24.344418     48.688835
     -4.139139     24.582086     24.582086     49.164171
     -4.129129     25.154804     25.154804     50.309608
     -4.119119     26.069428     26.069428     52.138856
     -4.109109     27.483873     27.483873     54.967745
     -4.099099     29.520741     29.520741     59.041482
     -4.089089     32.063992     32.063992     64.127984
     -4.079079     34.660743     34.660743     69.321485
     -4.069069     36.608765     36.608765     73.217530
     -4.059059     37.213986     37.213986     74.427971
     -4.049049     36.099631     36.099631     72.199262
     -4.039039     33.405691     33.405691     66.811381
     -4.029029     29.769935     29.769935     59.539869
     -4.019019     26.101838     26.101838     52.203675
     -4.009009     23.271596     23.271596     46.543193
     -3.998999     21.867824     21.867824     43.735649
     -3.988989     22.116504     22.116504     44.233008
     -3.978979     23.950061     23.950061     47.900121
     -3.968969     27.140561     27.140561     54.281122
     -3.958959     31.406773     31.406773     62.813547
     -3.948949     36.458226     36.458226     72.916452
     -3.938939     41.999804     41.999804     83.999608
     -3.928929     47.741087     47.741087     95.482173
     -3.918919     53.427576     53.427576    106.855151
     -3.908909     58.868460     58.868460    117.736920
     -3.898899     63.919804     63.919804    127.839607
     -3.888889     68.409590     68.409590    136.819179
     -3.878879     72.041094     72.041094    144.082188
     -3.868869     74.344339     74.344339    148.688677
     -3.858859     74.734588     74.734588    149.469175
     -3.848849     72.684566     72.684566    145.369133
     -3.838839     67.951898     67.951898    135.903796
     -3.828829     60.762026     60.762026    121.524051
     -3.818819     51.854253     51.854253    103.708505
     -3.808809     42.353300     42.353300     84.706600
     -3.798799     33.503814     33.503814     67.007627
     -3.788789     26.362043     26.362043     52.724085
     -3.778779     21.550683     21.550683     43.101367
     -3.768769     19.149644     19.149644     38.299289
     -3.758759     18.740497     18.740497     37.480994
     -3.748749     19.573817     19.573817     39.147634
     -3.738739     20.802099     20.802099     41.604197
     -3.728729     21.715891     21.715891     43.431782
     -3.718719     21.928407     21.928407     43.856814
     -3.708709     21.467151     21.467151     42.934301
     -3.698699     20.748697     20.748697     41.497394
     -3.688689     20.436706     20.436706     40.873412
     -3.678679     21.213902     21.213902     42.427803
     -3.668669     23.530561     23.530561     47.061122
     -3.658659     27.412112     27.412112     54.824225
     -3.648649     32.400963     32.400963     64.801926
     -3.638639     37.664802     37.664802     75.329604
     -3.628629     42.236989     42.236989     84.473977
     -3.618619     45.296102     45.296102     90.592204
     -3.608609     46.376444     46.376444     92.752889
     -3.598599     45.440814     45.440814     90.881628
     -3.588589     42.816488     42.816488     85.632976
     -3.578579     39.050221     39.050221     78.100441
     -3.568569     34.748924     34.748924     69.497847
     -3.558559     30.447611     30.447611     60.895222
     -3.548549     26.517761     26.517761     53.035523
     -3.538539     23.120765     23.120765     46.241529
     -3.528529     20.216330     20.216330     40.432660
     -3.518519     17.631765     17.631765     35.263531
     -3.508509     15.174797     15.174797     30.349593
     -3.498498     12.745656     12.745656     25.491311
     -3.488488     10.398851     10.398851     20.797701
     -3.478478      8.329624      8.329624     16.659248
     -3.468468      6.797649      6.797649     13.595298
     -3.458458      6.025545      6.025545     12.051090
     -3.448448      6.111094      6.111094     12.222188
     -3.438438      6.978600      6.978600     13.957199
     -3.428428      8.381562      8.381562     16.763124
     -3.418418      9.960306      9.960306     19.920612
     -3.408408     11.347243     11.347243     22.694486
     -3.398398     12.293591     12.293591     24.587182
     -3.388388     12.772506     12.772506     25.545011
     -3.378378     13.011759     13.011759     26.023518
     -3.368368     13.433751     13.433751     26.867502
     -3.358358     14.521076     14.521076     29.042152
     -3.348348     16.657173     16.657173     33.314345
     -3.338338     19.994761     19.994761     39.989522
     -3.328328     24.383266     24.383266     48.766532
     -3.318318     29.362081     29.362081     58.724162
     -3.308308     34.218380     34.218380     68.436760
     -3.298298     38.112812     38.112812     76.225625
     -3.288288     40.271034     40.271034     80.542069
     -3.278278     40.207564     40.207564     80.415127
     -3.268268     37.905417     37.905417     75.810835
     -3.258258     33.860334     33.860334     67.720668
     -3.248248     28.941529     28.941529     57.883058
     -3.238238     24.108202     24.108202     48.216404
     -3.228228     20.099521     20.099521     40.199041
     -3.218218     17.233363     17.233363     34.466726
     -3.208208     15.393959     15.393959     30.787919
     -3.198198     14.195370     14.195370     28.390739
     -3.188188     13.229947     13.229947     26.459894
     -3.178178     12.285882     12.285882     24.571765
     -3.168168     11.448841     11.448841     22.897681
     -3.158158     11.064320     11.064320     22.128640
     -3.148148     11.595024     11.595024     23.190049
     -3.138138     13.437429     13.437429     26.874858
     -3.128128     16.760590     16.760590     33.521179
     -3.118118     21.410724     21.410724     42.821447
     -3.108108     26.902300     26.902300     53.804599
     -3.098098     32.497281     32.497281     64.994562
     -3.088088     37.357140     37.357140     74.714280
     -3.078078     40.734009     40.734009     81.468018
     -3.068068     42.150075     42.150075     84.300151
     -3.058058     41.507467     41.507467     83.014934
     -3.048048     39.085697     39.085697     78.171394
     -3.038038     35.423467     35.423467     70.846933
     -3.028028     31.132554     31.132554     62.265109
     -3.018018     26.725611     26.725611     53.451223
     -3.008008     22.531949     22.531949     45.063898
     -2.997998     18.725834     18.725834     37.451668
     -2.987988     15.429941     15.429941     30.859882
     -2.977978     12.821244     12.821244     25.642488
     -2.967968     11.176057     11.176057     22.352113
     -2.957958     10.831357     10.831357     21.662714
     -2.947948     12.081200     12.081200     24.162399
     -2.937938     15.049653     15.049653     30.099307
     -2.927928     19.585431     19.585431     39.170862
     -2.917918     25.217728     25.217728     50.435455
     -2.907908     31.201512     31.201512     62.403025
     -2.897898     36.658635     36.658635     73.317271
     -2.887888     40.786424     40.786424     81.572849
     -2.877878     43.069101     43.069101     86.138202
     -2.867868     43.411099     43.411099     86.822197
     -2.857858     42.132270     42.132270     84.264540
     -2.847848     39.820315     39.820315     79.640630
     -2.837838     37.100535     37.100535     74.201069
     -2.827828     34.422854     34.422854     68.845709
     -2.817818     31.957290     31.957290     63.914581
     -2.807808     29.633890     29.633890     59.267779
     -2.797798     27.290011     27.290011     54.580022
     -2.787788     24.836051     24.836051     49.672103
     -2.777778     22.348480     22.348480     44.696960
     -2.767768     20.046780     20.046780     40.093560
     -2.757758     18.180778     18.180778     36.361557
     -2.747748     16.906033     16.906033     33.812065
     -2.737738     16.227195     16.227195     32.454390
     -2.727728     16.041200     16.041200     32.082401
     -2.717718     16.243795     16.243795     32.487589
     -2.707708     16.818932     16.818932     33.637863
     -2.697698     17.841784     17.841784     35.683569
     -2.687688     19.387566     19.387566     38.775133
     -2.677678     21.409374     21.409374     42.818747
     -2.667668     23.678198     23.678198     47.356396
     -2.657658     25.842169     25.842169     51.684338
     -2.647648     27.581217     27.581217     55.162435
     -2.637638     28.763547     28.763547     57.527094
     -2.627628     29.503071     29.503071     59.006141
     -2.617618     30.080118     30.080118     60.160236
     -2.607608     30.776723     30.776723     61.553446
     -2.597598     31.728084     31.728084     63.456168
     -2.587588     32.869016     32.869016     65.738033
     -2.577578     33.981473     33.981473     67.962947
     -2.567568     34.786765     34.786765     69.573530
     -2.557558     35.020003     35.020003     70.040006
     -2.547548     34.468459     34.468459     68.936918
     -2.537538     33.001406     33.001406     66.002812
     -2.527528     30.622256     30.622256     61.244512
     -2.517518     27.534271     27.534271     55.068542
     -2.507508     24.169827     24.169827     48.339654
     -2.497497     21.132085     21.132085     42.264171
     -2.487487     19.042829     19.042829     38.085659
     -2.477477     18.348981     18.348981     36.697962
     -2.467467     19.172423     19.172423     38.344846
     -2.457457     21.273925     21.273925     42.547850
     -2.447447     24.151759     24.151759     48.303518
     -2.437437     27.235338     27.235338     54.470675
     -2.427427     30.091249     30.091249     60.182497
     -2.417417     32.551940     32.551940     65.103879
     -2.407407     34.709848     34.709848     69.419697
     -2.397397     36.779545     36.779545     73.559091
     -2.387387     38.892260     38.892260     77.784521
     -2.377377     40.923472     40.923472     81.846945
     -2.367367     42.446485     42.446485     84.892970
     -2.357357     42.851702     42.851702     85.703405
     -2.347347     41.592194     41.592194     83.184388
     -2.337337     38.448178     38.448178     76.896356
     -2.327327     33.685389     33.685389     67.370778
     -2.317317     28.030490     28.030490     56.060981
     -2.307307     22.476059     22.476059     44.952118
     -2.297297     18.005450     18.005450     36.010899
     -2.287287     15.350125     15.350125     30.700250
     -2.277277     14.855222     14.855222     29.710443
     -2.267267     16.467276     16.467276     32.934552
     -2.257257     19.811394     19.811394     39.622787
     -2.247247     24.310597     24.310597     48.621194
     -2.237237     29.308363     29.308363     58.616726
     -2.227227     34.169331     34.169331     68.338662
     -2.217217     38.345179     38.345179     76.690358
     -2.207207     41.405154     41.405154     82.810308
     -2.197197     43.045150     43.045150     86.090299
     -2.187187     43.098315     43.098315     86.196630
     -2.177177     41.562805     41.562805     83.125610
     -2.167167     38.637090     38.637090     77.274180
     -2.157157     34.726520     34.726520     69.453039
     -2.147147     30.382031     30.382031     60.764063
     -2.137137     26.165151     26.165151     52.330302
     -2.127127     22.485376     22.485376     44.970752
     -2.117117     19.488111     19.488111     38.976221
     -2.107107     17.054043     17.054043     34.108086
     -2.097097     14.910696     14.910696     29.821392
     -2.087087     12.793909     12.793909     25.587818
     -2.077077     10.574052     10.574052     21.148104
     -2.067067      8.291474      8.291474     16.582949
     -2.057057      6.103237      6.103237     12.206473
     -2.047047      4.188568      4.188568      8.377135
     -2.037037      2.669092      2.669092      5.338184
     -2.027027      1.575961      1.575961      3.151921
     -2.017017      0.862939      0.862939      1.725878
     -2.007007      0.443781      0.443781      0.887562
     -1.996997      0.230632      0.230632      0.461264
     -1.986987      0.160689      0.160689      0.321379
     -1.976977      0.209903      0.209903      0.419805
     -1.966967      0.398005      0.398005      0.796011
     -1.956957      0.787974      0.787974      1.575949
     -1.946947      1.478496      1.478496      2.956993
     -1.936937      2.585055      2.585055      5.170110
     -1.926927      4.207544      4.207544      8.415088
     -1.916917      6.390303      6.390303     12.780606
     -1.906907      9.089718      9.089718     18.179436
     -1.896897     12.167165     12.167165     24.334330
     -1.886887     15.415577     15.415577     30.831153
     -1.876877     18.609547     18.609547     37.219093
     -1.866867     21.554092     21.554092     43.108184
     -1.856857     24.108320     24.108320     48.216641
     -1.846847     26.177850     26.177850     52.355700
     -1.836837     27.690430     27.690430     55.380860
     -1.826827     28.576703     28.576703     57.153405
     -1.816817     28.768546     28.768546     57.537092
     -1.806807     28.212112     28.212112     56.424225
     -1.796797     26.885474     26.885474     53.770948
     -1.786787     24.814679     24.814679     49.629358
     -1.776777     22.087757     22.087757     44.175513
     -1.766767     18.864824     18.864824     37.729647
     -1.756757     15.375921     15.375921     30.751842
     -1.746747     11.896892     11.896892     23.793784
     -1.736737      8.703743      8.703743     17.407485
     -1.726727      6.021284      6.021284     12.042568
     -1.716717      3.989239      3.989239      7.978478
     -1.706707      2.660758      2.660758      5.321516
     -1.696697      2.029316      2.029316      4.058631
     -1.686687      2.063088      2.063088      4.126176
     -1.676677      2.721965      2.721965      5.443930
     -1.666667      3.943731      3.943731      7.887463
     -1.656657      5.606782      5.606782     11.213565
     -1.646647      7.496131      7.496131     14.992262
     -1.636637      9.305724      9.305724     18.611448
     -1.626627     10.696437     10.696437     21.392874
     -1.616617     11.399592     11.399592     22.799184
     -1.606607     11.326445     11.326445     22.652891
     -1.596597     10.633786     10.633786     21.267573
     -1.586587      9.712359      9.712359     19.424719
     -1.576577      9.097547      9.097547     18.195094
     -1.566567      9.330078      9.330078     18.660156
     -1.556557     10.805330     10.805330     21.610660
     -1.546547     13.646514     13.646514     27.293029
     -1.536537     17.631482     17.631482     35.262964
     -1.526527     22.199225     22.199225     44.398449
     -1.516517     26.551691     26.551691     53.103383
     -1.506507     29.839815     29.839815     59.679629
     -1.496496     31.385370     31.385370     62.770741
     -1.486486     30.864687     30.864687     61.729375
     -1.476476     28.387586     28.387586     56.775172
     -1.466466     24.446389     24.446389     48.892778
     -1.456456     19.763335     19.763335     39.526669
     -1.446446     15.100830     15.100830     30.201660
     -1.436436     11.100916     11.100916     22.201832
     -1.426426      8.192716      8.192716     16.385433
     -1.416416      6.569227      6.569227     13.138455
     -1.406406      6.209251      6.209251     12.418503
     -1.396396      6.917698      6.917698     13.835397
     -1.386386      8.373038      8.373038     16.746077
     -1.376376     10.187347     10.187347     20.374695
     -1.366366     11.985121     11.985121     23.970242
     -1.356356     13.489072     13.489072     26.978144
     -1.346346     14.580400     14.580400     29.160800
     -1.336336     15.300316     15.300316     30.600632
     -1.326326     15.787403     15.787403     31.574805
     -1.316316     16.184321     16.184321     32.368643
     -1.306306     16.566233     16.566233     33.132467
     -1.296296     16.924568     16.924568     33.849136
     -1.286286     17.197715     17.197715     34.395429
     -1.276276     17.310100     17.310100     34.620200
     -1.266266     17.187358     17.187358     34.374717
     -1.256256     16.748894     16.748894     33.497789
     -1.246246     15.906327     15.906327     31.812653
     -1.236236     14.591278     14.591278     29.182556
     -1.226226     12.804737     12.804737     25.609474
     -1.216216     10.653517     10.653517     21.307035
     -1.206206      8.342308      8.342308     16.684615
     -1.196196      6.119655      6.119655     12.239310
     -1.186186      4.207265      4.207265      8.414531
     -1.176176      2.750548      2.750548      5.501097
     -1.166166      1.811243      1.811243      3.622485
     -1.156156      1.395782      1.395782      2.791564
     -1.146146      1.494129      1.494129      2.988257
     -1.136136      2.101584      2.101584      4.203168
     -1.126126      3.208226      3.208226      6.416452
     -1.116116      4.759939      4.759939      9.519879
     -1.106106      6.613633      6.613633     13.227265
     -1.096096      8.519012      8.519012     17.038024
     -1.086086     10.152709     10.152709     20.305417
     -1.076076     11.206282     11.206282     22.412564
     -1.066066     11.497695     11.497695     22.995389
     -1.056056     11.055192     11.055192     22.110383
     -1.046046     10.128376     10.128376     20.256753
     -1.036036      9.112871      9.112871     18.225742
     -1.026026      8.414601      8.414601     16.829202
     -1.016016      8.306107      8.306107     16.612214
     -1.006006      8.829417      8.829417     17.658834
     -0.995996      9.781063      9.781063     19.562126
     -0.985986     10.784612     10.784612     21.569225
     -0.975976     11.424395     11.424395     22.848789
     -0.965966     11.390232     11.390232     22.780465
     -0.955956     10.577246     10.577246     21.154492
     -0.945946      9.103529      9.103529     18.207057
     -0.935936      7.245710      7.245710     14.491420
     -0.925926      5.329063      5.329063     10.658127
     -0.915916      3.624274      3.624274      7.248548
     -0.905906      2.290509      2.290509      4.581018
     -0.895896      1.375221      1.375221      2.750441
     -0.885886      0.854436      0.854436      1.708872
     -0.875876      0.685775      0.685775      1.371549
     -0.865866      0.849807      0.849807      1.699614
     -0.855856      1.365437      1.365437      2.730874
     -0.845846      2.274861      2.274861      4.549722
     -0.835836      3.602341      3.602341      7.204683
     -0.825826      5.300799      5.300799     10.601597
     -0.815816      7.210194      7.210194     14.420388
     -0.805806      9.054989      9.054989     18.109979
     -0.795796     10.496609     10.496609     20.993218
     -0.785786     11.230637     11.230637     22.461275
     -0.775776     11.090430     11.090430     22.180861
     -0.765766     10.108346     10.108346     20.216691
     -0.755756      8.503564      8.503564     17.007129
     -0.745746      6.602679      6.602679     13.205359
     -0.735736      4.732413      4.732413      9.464826
     -0.725726      3.132641      3.132641      6.265283
     -0.715716      1.919997      1.919997      3.839994
     -0.705706      1.103020      1.103020      2.206040
     -0.695696      0.628167      0.628167      1.256335
     -0.685686      0.431026      0.431026      0.862053
     -0.675676      0.474770      0.474770      0.949541
     -0.665666      0.768180      0.768180      1.536360
     -0.655656      1.361536      1.361536      2.723071
     -0.645646      2.320652      2.320652      4.641305
     -0.635636      3.682320      3.682320      7.364640
     -0.625626      5.402347      5.402347     10.804694
     -0.615616      7.317871      7.317871     14.635742
     -0.605606      9.149663      9.149663     18.299325
     -0.595596     10.558898     10.558898     21.117796
     -0.585586     11.246574     11.246574     22.493147
     -0.575576     11.056279     11.056279     22.112557
     -0.565566     10.031933     10.031933     20.063866
     -0.555556      8.401312      8.401312     16.802624
     -0.545546      6.493764      6.493764     12.987527
     -0.535536      4.632684      4.632684      9.265368
     -0.525526      3.050393      3.050393      6.100785
     -0.515516      1.853812      1.853812      3.707624
     -0.505506      1.039830      1.039830      2.079660
     -0.495495      0.538327      0.538327      1.076654
     -0.485485      0.257227      0.257227      0.514454
     -0.475475      0.113442      0.113442      0.226884
     -0.465465      0.046176      0.046176      0.092352
     -0.455455      0.017348      0.017348      0.034696
     -0.445445      0.006016      0.006016      0.012031
     -0.435435      0.001926      0.001926      0.003852
     -0.425425      0.000572      0.000572      0.001143
     -0.415415      0.000168      0.000168      0.000337
     -0.405405      0.000095      0.000095      0.000190
     -0.395395      0.000227      0.000227      0.000454
     -0.385385      0.000785      0.000785      0.001569
     -0.375375      0.002597      0.002597      0.005193
     -0.365365      0.007948      0.007948      0.015895
     -0.355355      0.022455      0.022455      0.044909
     -0.345345      0.058556      0.058556      0.117112
     -0.335335      0.140936      0.140936      0.281873
     -0.325325      0.313084      0.313084      0.626169
     -0.315315      0.641929      0.641929      1.283858
     -0.305305      1.214785      1.214785      2.429570
     -0.295295      2.121772      2.121772      4.243543
     -0.285285      3.420461      3.420461      6.840923
     -0.275275      5.089295      5.089295     10.178590
     -0.265265      6.989038      6.989038     13.978076
     -0.255255      8.858578      8.858578     17.717156
     -0.245245     10.363286     10.363286     20.726573
     -0.235235     11.189684     11.189684     22.379368
     -0.225225     11.151287     11.151287     22.302574
     -0.215215     10.256969     10.256969     20.513937
     -0.205205      8.707629      8.707629     17.415257
     -0.195195      6.822878      6.822878     13.645757
     -0.185185      4.934262      4.934262      9.868524
     -0.175175      3.293545      3.293545      6.587090
     -0.165165      2.029046      2.029046      4.058092
     -0.155155      1.153738      1.153738      2.307475
     -0.145145      0.605493      0.605493      1.210986
     -0.135135      0.293290      0.293290      0.586581
     -0.125125      0.131121      0.131121      0.262243
     -0.115115      0.054105      0.054105      0.108210
     -0.105105      0.020606      0.020606      0.041211
     -0.095095      0.007243      0.007243      0.014486
     -0.085085      0.002350      0.002350      0.004700
     -0.075075      0.000704      0.000704      0.001407
     -0.065065      0.000194      0.000194      0.000389
     -0.055055      0.000050      0.000050      0.000099
     -0.045045      0.000012      0.000012      0.000023
     -0.035035      0.000003      0.000003      0.000005
     -0.025025      0.000001      0.000001      0.000001
     -0.015015      0.000000      0.000000      0.000000
     -0.005005      0.000000      0.000000      0.000000
      0.005005      0.000000      0.000000      0.000000
      0.015015      0.000000      0.000000      0.000000
      0.025025      0.000001      0.000001      0.000001
      0.035035      0.000003      0.000003      0.000005
      0.045045      0.000012      0.000012      0.000023
      0.055055      0.000050      0.000050      0.000099
      0.065065      0.000194      0.000194      0.000389
      0.075075      0.000704      0.000704      0.001407
      0.085085      0.002350      0.002350      0.004700
      0.095095      0.007243      0.007243      0.014486
      0.105105      0.020606      0.020606      0.041211
      0.115115      0.054105      0.054105      0.108209
      0.125125      0.131121      0.131121      0.262242
      0.135135      0.293290      0.293290      0.586580
      0.145145      0.605492      0.605492      1.210984
      0.155155      1.153736      1.153736      2.307472
      0.165165      2.029044      2.029044      4.058088
      0.175175      3.293542      3.293542      6.587084
      0.185185      4.934258      4.934258      9.868517
      0.195195      6.822874      6.822874     13.645749
      0.205205      8.707625      8.707625     17.415250
      0.215215     10.256966     10.256966     20.513932
      0.225225     11.151286     11.151286     22.302572
      0.235235     11.189685     11.189685     22.379370
      0.245245     10.363289     10.363289     20.726577
      0.255255      8.858582      8.858582     17.717163
      0.265265      6.989042      6.989042     13.978083
      0.275275      5.089299      5.089299     10.178597
      0.285285      3.420464      3.420464      6.840929
      0.295295      2.121774      2.121774      4.243547
      0.305305      1.214786      1.214786      2.429573
      0.315315      0.641930      0.641930      1.283860
      0.325325      0.313085      0.313085      0.626170
      0.335335      0.140937      0.140937      0.281873
      0.345345      0.058556      0.058556      0.117112
      0.355355      0.022455      0.022455      0.044909
      0.365365      0.007948      0.007948      0.015895
      0.375375      0.002597      0.002597      0.005194
      0.385385      0.000786      0.000786      0.001573
      0.395395      0.000234      0.000234      0.000469
      0.405405      0.000125      0.000125      0.000249
      0.415415      0.000278      0.000278      0.000555
      0.425425      0.000941      0.000941      0.001883
      0.435435      0.003077      0.003077      0.006153
      0.445445      0.009306      0.009306      0.018612
      0.455455      0.025984      0.025984      0.051968
      0.465465      0.066966      0.066966      0.133932
      0.475475      0.159289      0.159289      0.318578
      0.485485      0.349708      0.349708      0.699415
      0.495495      0.708616      0.708616      1.417231
      0.505506      1.325266      1.325266      2.650532
      0.515516      2.287612      2.287612      4.575224
      0.525526      3.644588      3.644588      7.289176
      0.535536      5.359218      5.359218     10.718437
      0.545546      7.273465      7.273465     14.546930
      0.555556      9.111048      9.111048     18.222096
      0.565566     10.533752     10.533752     21.067504
      0.575576     11.240563     11.240563     22.481125
      0.585586     11.071140     11.071140     22.142279
      0.595596     10.065371     10.065371     20.130742
      0.605606      8.449402      8.449402     16.898804
      0.615616      6.556111      6.556111     13.112222
      0.625626      4.720693      4.720693      9.441385
      0.635636      3.199606      3.199606      6.399212
      0.645646      2.141471      2.141471      4.282942
      0.655656      1.606956      1.606956      3.213912
      0.665666      1.610708      1.610708      3.221416
      0.675676      2.152723      2.152723      4.305446
      0.685686      3.218197      3.218197      6.436393
      0.695696      4.746115      4.746115      9.492231
      0.705706      6.588071      6.588071     13.176142
      0.715716      8.490386      8.490386     16.980771
      0.725726     10.126872     10.126872     20.253744
      0.735736     11.185256     11.185256     22.370512
      0.745746     11.477977     11.477977     22.955955
      0.755756     11.026836     11.026836     22.053671
      0.765766     10.076222     10.076222     20.152444
      0.775776      9.020671      9.020671     18.041342
      0.785786      8.271625      8.271625     16.543251
      0.795796      8.114346      8.114346     16.228692
      0.805806      8.608264      8.608264     17.216527
      0.815816      9.566234      9.566234     19.132467
      0.825826     10.619880     10.619880     21.239760
      0.835836     11.348145     11.348145     22.696290
      0.845846     11.422155     11.422155     22.844309
      0.855856     10.711274     10.711274     21.422549
      0.865866      9.310402      9.310402     18.620804
      0.875876      7.483592      7.483592     14.967185
      0.885886      5.556582      5.556582     11.113165
      0.895896      3.809401      3.809401      7.618802
      0.905906      2.410832      2.410832      4.821663
      0.915916      1.408335      1.408335      2.816671
      0.925926      0.759483      0.759483      1.518966
      0.935936      0.378484      0.378484      0.756967
      0.945946      0.175624      0.175624      0.351248
      0.955956      0.079991      0.079991      0.159981
      0.965966      0.047196      0.047196      0.094392
      0.975976      0.059174      0.059174      0.118347
      0.985986      0.122785      0.122785      0.245570
      0.995996      0.270532      0.270532      0.541065
      1.006006      0.562203      0.562203      1.124406
      1.016016      1.082235      1.082235      2.164470
      1.026026      1.925699      1.925699      3.851399
      1.036036      3.168494      3.168494      6.336988
      1.046046      4.826140      4.826140      9.652280
      1.056056      6.817817      6.817817     13.635633
      1.066066      8.959706      8.959706     17.919412
      1.076076     11.004596     11.004596     22.009192
      1.086086     12.720879     12.720879     25.441758
      1.096096     13.975646     13.975646     27.951291
      1.106106     14.775364     14.775364     29.550727
      1.116116     15.238006     15.238006     30.476012
      1.126126     15.513525     15.513525     31.027051
      1.136136     15.704667     15.704667     31.409335
      1.146146     15.838328     15.838328     31.676655
      1.156156     15.897815     15.897815     31.795630
      1.166166     15.879530     15.879530     31.759060
      1.176176     15.822256     15.822256     31.644512
      1.186186     15.785833     15.785833     31.571666
      1.196196     15.802880     15.802880     31.605760
      1.206206     15.850816     15.850816     31.701633
      1.216216     15.871189     15.871189     31.742379
      1.226226     15.818152     15.818152     31.636304
      1.236236     15.689282     15.689282     31.378564
      1.246246     15.506443     15.506443     31.012887
      1.256256     15.259822     15.259822     30.519644
      1.266266     14.864623     14.864623     29.729246
      1.276276     14.174969     14.174969     28.349937
      1.286286     13.056873     13.056873     26.113747
      1.296296     11.477080     11.477080     22.954159
      1.306306      9.552808      9.552808     19.105617
      1.316316      7.535865      7.535865     15.071729
      1.326326      5.747829      5.747829     11.495659
      1.336336      4.507690      4.507690      9.015381
      1.346346      4.084314      4.084314      8.168628
      1.356356      4.676063      4.676063      9.352125
      1.366366      6.395181      6.395181     12.790362
      1.376376      9.234754      9.234754     18.469508
      1.386386     13.020277     13.020277     26.040553
      1.396396     17.376716     17.376716     34.753432
      1.406406     21.751061     21.751061     43.502123
      1.416416     25.508165     25.508165     51.016331
      1.426426     28.076031     28.076031     56.152063
      1.436436     29.084198     29.084198     58.168396
      1.446446     28.439793     28.439793     56.879587
      1.456456     26.319570     26.319570     52.639140
      1.466466     23.097636     23.097636     46.195272
      1.476476     19.249828     19.249828     38.499657
      1.486486     15.268808     15.268808     30.537616
      1.496496     11.603420     11.603420     23.206840
      1.506507      8.620360      8.620360     17.240719
      1.516517      6.582053      6.582053     13.164105
      1.526527      5.635897      5.635897     11.271795
      1.536537      5.810643      5.810643     11.621286
      1.546547      7.016713      7.016713     14.033425
      1.556557      9.052175      9.052175     18.104350
      1.566567     11.622511     11.622511     23.245022
      1.576577     14.382701     14.382701     28.765401
      1.586587     17.000489     17.000489     34.000977
      1.596597     19.225771     19.225771     38.451542
      1.606607     20.943876     20.943876     41.887751
      1.616617     22.195298     22.195298     44.390597
      1.626627     23.156131     23.156131     46.312263
      1.636637     24.083333     24.083333     48.166666
      1.646647     25.234783     25.234783     50.469566
      1.656657     26.780228     26.780228     53.560457
      1.666667     28.728456     28.728456     57.456912
      1.676677     30.902167     30.902167     61.804335
      1.686687     32.983584     32.983584     65.967168
      1.696697     34.625517     34.625517     69.251033
      1.706707     35.584357     35.584357     71.168713
      1.716717     35.807197     35.807197     71.614395
      1.726727     35.418902     35.418902     70.837805
      1.736737     34.609861     34.609861     69.219721
      1.746747     33.492204     33.492204     66.984407
      1.756757     32.023165     32.023165     64.046329
      1.766767     30.057965     30.057965     60.115929
      1.776777     27.508550     27.508550     55.017101
      1.786787     24.507589     24.507589     49.015179
      1.796797     21.465182     21.465182     42.930364
      1.806807     18.967049     18.967049     37.934098
      1.816817     17.554478     17.554478     35.108956
      1.826827     17.490571     17.490571     34.981142
      1.836837     18.623185     18.623185     37.246370
      1.846847     20.409110     20.409110     40.818221
      1.856857     22.094282     22.094282     44.188564
      1.866867     22.980347     22.980347     45.960694
      1.876877     22.671496     22.671496     45.342993
      1.886887     21.201786     21.201786     42.403572
      1.896897     18.993097     18.993097     37.986194
      1.906907     16.667778     16.667778     33.335557
      1.916917     14.803302     14.803302     29.606604
      1.926927     13.737711     13.737711     27.475422
      1.936937     13.504591     13.504591     27.009181
      1.946947     13.910875     13.910875     27.821750
      1.956957     14.701683     14.701683     29.403366
      1.966967     15.716016     15.716016     31.432032
      1.976977     16.945999     16.945999     33.891999
      1.986987     18.469074     18.469074     36.938148
      1.996997     20.300003     20.300003     40.600006
      2.007007     22.263747     22.263747     44.527493
      2.017017     23.984085     23.984085     47.968170
      2.027027     25.013661     25.013661     50.027322
      2.037037     25.038895     25.038895     50.077790
      2.047047     24.038700     24.038700     48.077400
      2.057057     22.298473     22.298473     44.596946
      2.067067     20.268174     20.268174     40.536348
      2.077077     18.348082     18.348082     36.696164
      2.087087     16.725803     16.725803     33.451607
      2.097097     15.350277     15.350277     30.700555
      2.107107     14.042512     14.042512     28.085024
      2.117117     12.666398     12.666398     25.332795
      2.127127     11.260519     11.260519     22.521039
      2.137137     10.067360     10.067360     20.134721
      2.147147      9.457863      9.457863     18.915726
      2.157157      9.797242      9.797242     19.594485
      2.167167     11.311315     11.311315     22.622629
      2.177177     13.996751     13.996751     27.993501
      2.187187     17.592938     17.592938     35.185877
      2.197197     21.613589     21.613589     43.227178
      2.207207     25.427338     25.427338     50.854676
      2.217217     28.373577     28.373577     56.747153
      2.227227     29.895743     29.895743     59.791486
      2.237237     29.666261     29.666261     59.332523
      2.247247     27.669414     27.669414     55.338829
      2.257257     24.210395     24.210395     48.420789
      2.267267     19.838335     19.838335     39.676671
      2.277277     15.204318     15.204318     30.408637
      2.287287     10.905120     10.905120     21.810241
      2.297297      7.370489      7.370489     14.740978
      2.307307      4.829944      4.829944      9.659889
      2.317317      3.357039      3.357039      6.714079
      2.327327      2.956026      2.956026      5.912052
      2.337337      3.643039      3.643039      7.286077
      2.347347      5.482411      5.482411     10.964822
      2.357357      8.560265      8.560265     17.120530
      2.367367     12.902634     12.902634     25.805268
      2.377377     18.367785     18.367785     36.735570
      2.387387     24.557728     24.557728     49.115456
      2.397397     30.796776     30.796776     61.593552
      2.407407     36.210010     36.210010     72.420019
      2.417417     39.900599     39.900599     79.801199
      2.427427     41.180889     41.180889     82.361778
      2.437437     39.777406     39.777406     79.554812
      2.447447     35.926493     35.926493     71.852986
      2.457457     30.315021     30.315021     60.630041
      2.467467     23.885811     23.885811     47.771622
      2.477477     17.586336     17.586336     35.172671
      2.487487     12.158897     12.158897     24.317794
      2.497497      8.041029      8.041029     16.082057
      2.507508      5.386148      5.386148     10.772295
      2.517518      4.161148      4.161148      8.322297
      2.527528      4.255498      4.255498      8.510995
      2.537538      5.549561      5.549561     11.099123
      2.547548      7.923570      7.923570     15.847140
      2.557558     11.222264     11.222264     22.444529
      2.567568     15.208879     15.208879     30.417757
      2.577578     19.541544     19.541544     39.083089
      2.587588     23.790932     23.790932     47.581864
      2.597598     27.499667     27.499667     54.999333
      2.607608     30.269109     30.269109     60.538218
      2.617618     31.849398     31.849398     63.698796
      2.627628     32.204002     32.204002     64.408004
      2.637638     31.523354     31.523354     63.046707
      2.647648     30.177780     30.177780     60.355559
      2.657658     28.625467     28.625467     57.250934
      2.667668     27.312384     27.312384     54.624768
      2.677678     26.601452     26.601452     53.202904
      2.687688     26.745333     26.745333     53.490665
      2.697698     27.887681     27.887681     55.775361
      2.707708     30.063850     30.063850     60.127700
      2.717718     33.182224     33.182224     66.364447
      2.727728     36.991621     36.991621     73.983243
      2.737738     41.061477     41.061477     82.122954
      2.747748     44.808176     44.808176     89.616352
      2.757758     47.589138     47.589138     95.178275
      2.767768     48.857126     48.857126     97.714251
      2.777778     48.329304     48.329304     96.658608
      2.787788     46.098587     46.098587     92.197174
      2.797798     42.622674     42.622674     85.245349
      2.807808     38.576538     38.576538     77.153076
      2.817818     34.623779     34.623779     69.247557
      2.827828     31.208062     31.208062     62.416125
      2.837838     28.456246     28.456246     56.912493
      2.847848     26.225263     26.225263     52.450525
      2.857858     24.252740     24.252740     48.505480
      2.867868     22.327336     22.327336     44.654672
      2.877878     20.396814     20.396814     40.793629
      2.887888     18.571503     18.571503     37.143006
      2.897898     17.035165     17.035165     34.070329
      2.907908     15.920220     15.920220     31.840440
      2.917918     15.220064     15.220064     30.440127
      2.927928     14.788815     14.788815     29.577630
      2.937938     14.427117     14.427117     28.854233
      2.947948     13.999507     13.999507     27.999014
      2.957958     13.507782     13.507782     27.015565
      2.967968     13.071665     13.071665     26.143329
      2.977978     12.827489     12.827489     25.654978
      2.987988     12.809106     12.809106     25.618213
      2.997998     12.887445     12.887445     25.774889
      3.008008     12.808496     12.808496     25.616991
      3.018018     12.308742     12.308742     24.617484
      3.028028     11.241944     11.241944     22.483887
      3.038038      9.649086      9.649086     19.298171
      3.048048      7.741773      7.741773     15.483546
      3.058058      5.820058      5.820058     11.640115
      3.068068      4.175903      4.175903      8.351807
      3.078078      3.028322      3.028322      6.056644
      3.088088      2.505595      2.505595      5.011191
      3.098098      2.658022      2.658022      5.316043
      3.108108      3.471491      3.471491      6.942982
      3.118118      4.863141      4.863141      9.726281
      3.128128      6.665137      6.665137     13.330274
      3.138138      8.623347      8.623347     17.246695
      3.148148     10.438431     10.438431     20.876863
      3.158158     11.853609     11.853609     23.707217
      3.168168     12.758059     12.758059     25.516117
      3.178178     13.251053     13.251053     26.502105
      3.188188     13.619516     13.619516     27.239032
      3.198198     14.221766     14.221766     28.443532
      3.208208     15.321225     15.321225     30.642451
      3.218218     16.945369     16.945369     33.890738
      3.228228     18.837754     18.837754     37.675508
      3.238238     20.528589     20.528589     41.057177
      3.248248     21.495127     21.495127     42.990255
      3.258258     21.344569     21.344569     42.689138
      3.268268     19.945937     19.945937     39.891873
      3.278278     17.463579     17.463579     34.927159
      3.288288     14.288848     14.288848     28.577695
      3.298298     10.907234     10.907234     21.814469
      3.308308      7.758328      7.758328     15.516656
      3.318318      5.139003      5.139003     10.278007
      3.328328      3.173539      3.173539      6.347078
      3.338338      1.843670      1.843670      3.687341
      3.348348      1.051763      1.051763      2.103526
      3.358358      0.687126      0.687126      1.374253
      3.368368      0.674349      0.674349      1.348699
      3.378378      0.994172      0.994172      1.988345
      3.388388      1.675376      1.675376      3.350751
      3.398398      2.760624      2.760624      5.521249
      3.408408      4.254589      4.254589      8.509179
      3.418418      6.071623      6.071623     12.143246
      3.428428      8.008784      8.008784     16.017567
      3.438438      9.768736      9.768736     19.537472
      3.448448     11.039147     11.039147     22.078295
      3.458458     11.605163     11.605163     23.210325
      3.468468     11.446344     11.446344     22.892688
      3.478478     10.767622     10.767622     21.535245
      3.488488      9.940898      9.940898     19.881795
      3.498498      9.376419      9.376419     18.752838
      3.508509      9.377448      9.377448     18.754896
      3.518519     10.039861     10.039861     20.079721
      3.528529     11.237285     11.237285     22.474571
      3.538539     12.692789     12.692789     25.385579
      3.548549     14.098118     14.098118     28.196236
      3.558559     15.220258     15.220258     30.440515
      3.568569     15.945507     15.945507     31.891013
      3.578579     16.250540     16.250540     32.501079
      3.588589     16.135629     16.135629     32.271258
      3.598599     15.576535     15.576535     31.153069
      3.608609     14.532624     14.532624     29.065247
      3.618619     13.003670     13.003670     26.007340
      3.628629     11.091089     11.091089     22.182179
      3.638639      9.017692      9.017692     18.035384
      3.648649      7.090530      7.090530     14.181061
      3.658659      5.626939      5.626939     11.253878
      3.668669      4.878540      4.878540      9.757080
      3.678679      4.977947      4.977947      9.955894
      3.688689      5.914657      5.914657     11.829313
      3.698699      7.537613      7.537613     15.075227
      3.708709      9.584097      9.584097     19.168195
      3.718719     11.735673     11.735673     23.471347
      3.728729     13.691613     13.691613     27.383226
      3.738739     15.233808     15.233808     30.467617
      3.748749     16.252630     16.252630     32.505259
      3.758759     16.722355     16.722355     33.444709
      3.768769     16.647963     16.647963     33.295926
      3.778779     16.025672     16.025672     32.051345
      3.788789     14.847897     14.847897     29.695794
      3.798799     13.146617     13.146617     26.293233
      3.808809     11.037186     11.037186     22.074372
      3.818819      8.723315      8.723315     17.446629
      3.828829      6.452797      6.452797     12.905595
      3.838839      4.447851      4.447851      8.895702
      3.848849      2.847910      2.847910      5.695821
      3.858859      1.690210      1.690210      3.380421
      3.868869      0.928519      0.928519      1.857037
      3.878879      0.471935      0.471935      0.943871
      3.888889      0.222647      0.222647      0.445295
      3.898899      0.100205      0.100205      0.200411
      3.908909      0.051028      0.051028      0.102057
      3.918919      0.048733      0.048733      0.097465
      3.928929      0.092181      0.092181      0.184362
      3.938939      0.205681      0.205681      0.411362
      3.948949      0.441830      0.441830      0.883661
      3.958959      0.883490      0.883490      1.766979
      3.968969      1.638525      1.638525      3.277050
      3.978979      2.821243      2.821243      5.642486
      3.988989      4.519638      4.519638      9.039277
      3.998999      6.757011      6.757011     13.514021
      4.009009      9.464926      9.464926     18.929852
      4.019019     12.484100     12.484100     24.968201
      4.029029     15.596697     15.596697     31.193393
      4.039039     18.574093     18.574093     37.148187
      4.049049     21.213148     21.213148     42.426296
      4.059059     23.343030     23.343030     46.686060
      4.069069     24.809922     24.809922     49.619843
      4.079079     25.468733     25.468733     50.937467
      4.089089     25.209581     25.209581     50.419162
      4.099099     24.019641     24.019641     48.039282
      4.109109     22.047057     22.047057     44.094114
      4.119119     19.618720     19.618720     39.237439
      4.129129     17.181273     17.181273     34.362546
      4.139139     15.175896     15.175896     30.351792
      4.149149     13.897905     13.897905     27.795809
      4.159159     13.407530     13.407530     26.815060
      4.169169     13.537370     13.537370     27.074741
      4.179179     13.994071     13.994071     27.988141
      4.189189     14.502066     14.502066     29.004131
      4.199199     14.915008     14.915008     29.830015
      4.209209     15.241150     15.241150     30.482300
      4.219219     15.581533     15.581533     31.163066
      4.229229     16.030613     16.030613     32.061226
      4.239239     16.604119     16.604119     33.208238
      4.249249     17.230237     17.230237     34.460474
      4.259259     17.792675     17.792675     35.585350
      4.269269     18.185132     18.185132     36.370264
      4.279279     18.344265     18.344265     36.688530
      4.289289     18.257162     18.257162     36.514324
      4.299299     17.958524     17.958524     35.917049
      4.309309     17.527045     17.527045     35.054091
      4.319319     17.073925     17.073925     34.147850
      4.329329     16.714228     16.714228     33.428457
      4.339339     16.530444     16.530444     33.060889
      4.349349     16.555907     16.555907     33.111814
      4.359359     16.797576     16.797576     33.595152
      4.369369     17.282316     17.282316     34.564631
      4.379379     18.078926     18.078926     36.157853
      4.389389     19.254753     19.254753     38.509506
      4.399399     20.775000     20.775000     41.550001
      4.409409     22.409545     22.409545     44.819090
      4.419419     23.727704     23.727704     47.455408
      4.429429     24.215976     24.215976     48.431952
      4.439439     23.474618     23.474618     46.949237
      4.449449     21.392144     21.392144     42.784288
      4.459459     18.203839     18.203839     36.407679
      4.469469     14.406360     14.406360     28.812720
      4.479479     10.579342     10.579342     21.158684
      4.489489      7.206056      7.206056     14.412112
      4.499499      4.569492      4.569492      9.138984
      4.509510      2.748384      2.748384      5.496767
      4.519520      1.687342      1.687342      3.374683
      4.529530      1.292119      1.292119      2.584239
      4.539540      1.506192      1.506192      3.012384
      4.549550      2.343464      2.343464      4.686928
      4.559560      3.870132      3.870132      7.740265
      4.569570      6.142845      6.142845     12.285690
      4.579580      9.123714      9.123714     18.247427
      4.589590     12.606532     12.606532     25.213065
      4.599600     16.195553     16.195553     32.391107
      4.609610     19.367094     19.367094     38.734188
      4.619620     21.610898     21.610898     43.221797
      4.629630     22.604619     22.604619     45.209237
      4.639640     22.346119     22.346119     44.692237
      4.649650     21.176789     21.176789     42.353578
      4.659660     19.676296     19.676296     39.352592
      4.669670     18.471004     18.471004     36.942008
      4.679680     18.038745     18.038745     36.077490
      4.689690     18.587620     18.587620     37.175239
      4.699700     20.041108     20.041108     40.082216
      4.709710     22.106885     22.106885     44.213770
      4.719720     24.377780     24.377780     48.755560
      4.729730     26.424176     26.424176     52.848352
      4.739740     27.870166     27.870166     55.740331
      4.749750     28.466808     28.466808     56.933616
      4.759760     28.164630     28.164630     56.329261
      4.769770     27.156638     27.156638     54.313276
      4.779780     25.847850     25.847850     51.695700
      4.789790     24.732944     24.732944     49.465889
      4.799800     24.219630     24.219630     48.439260
      4.809810     24.481098     24.481098     48.962197
      4.819820     25.417584     25.417584     50.835167
      4.829830     26.749558     26.749558     53.499116
      4.839840     28.188122     28.188122     56.376244
      4.849850     29.582368     29.582368     59.164737
      4.859860     30.960122     30.960122     61.920245
      4.869870     32.447016     32.447016     64.894033
      4.879880     34.123391     34.123391     68.246782
      4.889890     35.909825     35.909825     71.819650
      4.899900     37.543244     37.543244     75.086489
      4.909910     38.643755     38.643755     77.287510
      4.919920     38.825104     38.825104     77.650208
      4.929930     37.797048     37.797048     75.594096
      4.939940     35.434300     35.434300     70.868600
      4.949950     31.810891     31.810891     63.621782
      4.959960     27.201316     27.201316     54.402632
      4.969970     22.041323     22.041323     44.082646
      4.979980     16.844213     16.844213     33.688427
      4.989990     12.089195     12.089195     24.178389
      5.000000      8.119492      8.119492     16.238984
