# EIG2DOS: Utility for SIESTA to obtain the electronic density of states
#  E. Artacho, Apr 1999, A. Garcia, Apr 2012
#  Nick R. Papior, Feb 2017
# ------------------------------------------
# Eigenvalues calculated from a non-polarized calculation
# Eigenvalues read from siesta.EIG
# Kpoint weights read from siesta.KP
# Using smearing parameter:   0.0500
# Using 1000 points in the energy range
# Selected bands: 1 to: 2981
# Emin, Emax in file for selected band(s):    -27.3164150    218.3970270
# Nbands, Nspin, Nk   =   2981     1     1
# E_F                 =    -4.1949 eV --> (shifted to ZERO)
# Broadening          =     0.0500 eV
#
#        E            N(up)  (=)   N(down)         Ntot
     -5.000000     35.134961     35.134961     70.269923
     -4.989990     39.960964     39.960964     79.921927
     -4.979980     43.935139     43.935139     87.870278
     -4.969970     46.334946     46.334946     92.669893
     -4.959960     46.723556     46.723556     93.447112
     -4.949950     45.096497     45.096497     90.192994
     -4.939940     41.886217     41.886217     83.772434
     -4.929930     37.847070     37.847070     75.694140
     -4.919920     33.887704     33.887704     67.775408
     -4.909910     30.909404     30.909404     61.818809
     -4.899900     29.666479     29.666479     59.332958
     -4.889890     30.632836     30.632836     61.265672
     -4.879880     33.869368     33.869368     67.738736
     -4.869870     38.930581     38.930581     77.861163
     -4.859860     44.881881     44.881881     89.763761
     -4.849850     50.479413     50.479413    100.958826
     -4.839840     54.490586     54.490586    108.981173
     -4.829830     56.049270     56.049270    112.098540
     -4.819820     54.903330     54.903330    109.806660
     -4.809810     51.452653     51.452653    102.905306
     -4.799800     46.571886     46.571886     93.143773
     -4.789790     41.307266     41.307266     82.614533
     -4.779780     36.578091     36.578091     73.156181
     -4.769770     32.984895     32.984895     65.969790
     -4.759760     30.755857     30.755857     61.511714
     -4.749750     29.797976     29.797976     59.595952
     -4.739740     29.793719     29.793719     59.587439
     -4.729730     30.297991     30.297991     60.595983
     -4.719720     30.820732     30.820732     61.641464
     -4.709710     30.901870     30.901870     61.803740
     -4.699700     30.187892     30.187892     60.375784
     -4.689690     28.508574     28.508574     57.017149
     -4.679680     25.939640     25.939640     51.879279
     -4.669670     22.830493     22.830493     45.660986
     -4.659660     19.778532     19.778532     39.557064
     -4.649650     17.540898     17.540898     35.081796
     -4.639640     16.887225     16.887225     33.774450
     -4.629630     18.411055     18.411055     36.822110
     -4.619620     22.335056     22.335056     44.670112
     -4.609610     28.365882     28.365882     56.731764
     -4.599600     35.667701     35.667701     71.335401
     -4.589590     43.007789     43.007789     86.015578
     -4.579580     49.069575     49.069575     98.139150
     -4.569570     52.844713     52.844713    105.689426
     -4.559560     53.954311     53.954311    107.908622
     -4.549550     52.758134     52.758134    105.516269
     -4.539540     50.196919     50.196919    100.393838
     -4.529530     47.432170     47.432170     94.864341
     -4.519520     45.433841     45.433841     90.867682
     -4.509510     44.676923     44.676923     89.353846
     -4.499499     45.047549     45.047549     90.095098
     -4.489489     45.966011     45.966011     91.932023
     -4.479479     46.652282     46.652282     93.304564
     -4.469469     46.418424     46.418424     92.836848
     -4.459459     44.880474     44.880474     89.760947
     -4.449449     42.030413     42.030413     84.060826
     -4.439439     38.173930     38.173930     76.347860
     -4.429429     33.792683     33.792683     67.585367
     -4.419419     29.406859     29.406859     58.813718
     -4.409409     25.489046     25.489046     50.978093
     -4.399399     22.432259     22.432259     44.864519
     -4.389389     20.537060     20.537060     41.074119
     -4.379379     19.981417     19.981417     39.962834
     -4.369369     20.770452     20.770452     41.540905
     -4.359359     22.701780     22.701780     45.403560
     -4.349349     25.391678     25.391678     50.783356
     -4.339339     28.377051     28.377051     56.754102
     -4.329329     31.259420     31.259420     62.518840
     -4.319319     33.825419     33.825419     67.650839
     -4.309309     36.085363     36.085363     72.170726
     -4.299299     38.210868     38.210868     76.421737
     -4.289289     40.398666     40.398666     80.797332
     -4.279279     42.717295     42.717295     85.434590
     -4.269269     44.999223     44.999223     89.998445
     -4.259259     46.827649     46.827649     93.655298
     -4.249249     47.639251     47.639251     95.278501
     -4.239239     46.922425     46.922425     93.844850
     -4.229229     44.443282     44.443282     88.886565
     -4.219219     40.401588     40.401588     80.803176
     -4.209209     35.432707     35.432707     70.865414
     -4.199199     30.435127     30.435127     60.870254
     -4.189189     26.287540     26.287540     52.575081
     -4.179179     23.576491     23.576491     47.152982
     -4.169169     22.451129     22.451129     44.902258
     -4.159159     22.659071     22.659071     45.318143
     -4.149149     23.732269     23.732269     47.464537
     -4.139139     25.226530     25.226530     50.453060
     -4.129129     26.899577     26.899577     53.799154
     -4.119119     28.744728     28.744728     57.489456
     -4.109109     30.867487     30.867487     61.734974
     -4.099099     33.273869     33.273869     66.547738
     -4.089089     35.695246     35.695246     71.390492
     -4.079079     37.568853     37.568853     75.137705
     -4.069069     38.215574     38.215574     76.431148
     -4.059059     37.141914     37.141914     74.283828
     -4.049049     34.310291     34.310291     68.620582
     -4.039039     30.229034     30.229034     60.458068
     -4.029029     25.810963     25.810963     51.621927
     -4.019019     22.074877     22.074877     44.149753
     -4.009009     19.837979     19.837979     39.675958
     -3.998999     19.530267     19.530267     39.060534
     -3.988989     21.177940     21.177940     42.355881
     -3.978979     24.513215     24.513215     49.026430
     -3.968969     29.124492     29.124492     58.248984
     -3.958959     34.576144     34.576144     69.152288
     -3.948949     40.474822     40.474822     80.949645
     -3.938939     46.498327     46.498327     92.996653
     -3.928929     52.408621     52.408621    104.817241
     -3.918919     58.049240     58.049240    116.098480
     -3.908909     63.309198     63.309198    126.618396
     -3.898899     68.045708     68.045708    136.091415
     -3.888889     71.993173     71.993173    143.986346
     -3.878879     74.715863     74.715863    149.431725
     -3.868869     75.656311     75.656311    151.312622
     -3.858859     74.287048     74.287048    148.574096
     -3.848849     70.315680     70.315680    140.631361
     -3.838839     63.857920     63.857920    127.715839
     -3.828829     55.499999     55.499999    110.999998
     -3.818819     46.215581     46.215581     92.431163
     -3.808809     37.159256     37.159256     74.318512
     -3.798799     29.402925     29.402925     58.805851
     -3.788789     23.696913     23.696913     47.393826
     -3.778779     20.323379     20.323379     40.646758
     -3.768769     19.076056     19.076056     38.152112
     -3.758759     19.362207     19.362207     38.724415
     -3.748749     20.392051     20.392051     40.784102
     -3.738739     21.403600     21.403600     42.807199
     -3.728729     21.867159     21.867159     43.734319
     -3.718719     21.620803     21.620803     43.241606
     -3.708709     20.903071     20.903071     41.806141
     -3.698699     20.270406     20.270406     40.540813
     -3.688689     20.413837     20.413837     40.827674
     -3.678679     21.919609     21.919609     43.839217
     -3.668669     25.044075     25.044075     50.088149
     -3.658659     29.580955     29.580955     59.161910
     -3.648649     34.877175     34.877175     69.754350
     -3.638639     40.001788     40.001788     80.003576
     -3.628629     44.009949     44.009949     88.019897
     -3.618619     46.202694     46.202694     92.405387
     -3.608609     46.288762     46.288762     92.577524
     -3.598599     44.405003     44.405003     88.810006
     -3.588589     41.015854     41.015854     82.031709
     -3.578579     36.751826     36.751826     73.503652
     -3.568569     32.246345     32.246345     64.492691
     -3.558559     28.005685     28.005685     56.011371
     -3.548549     24.326137     24.326137     48.652275
     -3.538539     21.268003     21.268003     42.536006
     -3.528529     18.695294     18.695294     37.390587
     -3.518519     16.375823     16.375823     32.751646
     -3.508509     14.109276     14.109276     28.218552
     -3.498498     11.831558     11.831558     23.663116
     -3.488488      9.651927      9.651927     19.303855
     -3.478478      7.812927      7.812927     15.625855
     -3.468468      6.599251      6.599251     13.198501
     -3.458458      6.238003      6.238003     12.476006
     -3.448448      6.825573      6.825573     13.651146
     -3.438438      8.298477      8.298477     16.596954
     -3.428428     10.450727     10.450727     20.901454
     -3.418418     12.990891     12.990891     25.981783
     -3.408408     15.623029     15.623029     31.246057
     -3.398398     18.126498     18.126498     36.252997
     -3.388388     20.407663     20.407663     40.815327
     -3.378378     22.507967     22.507967     45.015934
     -3.368368     24.572140     24.572140     49.144279
     -3.358358     26.792657     26.792657     53.585315
     -3.348348     29.343319     29.343319     58.686637
     -3.338338     32.304456     32.304456     64.608913
     -3.328328     35.583191     35.583191     71.166381
     -3.318318     38.851961     38.851961     77.703922
     -3.308308     41.551340     41.551340     83.102681
     -3.298298     42.999158     42.999158     85.998315
     -3.288288     42.601984     42.601984     85.203969
     -3.278278     40.097206     40.097206     80.194412
     -3.268268     35.711795     35.711795     71.423591
     -3.258258     30.146068     30.146068     60.292136
     -3.248248     24.372240     24.372240     48.744480
     -3.238238     19.329603     19.329603     38.659205
     -3.228228     15.644592     15.644592     31.289185
     -3.218218     13.482962     13.482962     26.965925
     -3.208208     12.574625     12.574625     25.149250
     -3.198198     12.380808     12.380808     24.761616
     -3.188188     12.328300     12.328300     24.656600
     -3.178178     12.025051     12.025051     24.050102
     -3.168168     11.389482     11.389482     22.778965
     -3.158158     10.661754     10.661754     21.323507
     -3.148148     10.305603     10.305603     20.611207
     -3.138138     10.840187     10.840187     21.680375
     -3.128128     12.654226     12.654226     25.308453
     -3.118118     15.852405     15.852405     31.704810
     -3.108108     20.175104     20.175104     40.350207
     -3.098098     25.020650     25.020650     50.041300
     -3.088088     29.578173     29.578173     59.156345
     -3.078078     33.043012     33.043012     66.086024
     -3.068068     34.845188     34.845188     69.690375
     -3.058058     34.800966     34.800966     69.601932
     -3.048048     33.122191     33.122191     66.244382
     -3.038038     30.284532     30.284532     60.569064
     -3.028028     26.827778     26.827778     53.655556
     -3.018018     23.192059     23.192059     46.384118
     -3.008008     19.662478     19.662478     39.324955
     -2.997998     16.423515     16.423515     32.847030
     -2.987988     13.662346     13.662346     27.324693
     -2.977978     11.643961     11.643961     23.287922
     -2.967968     10.710999     10.710999     21.421998
     -2.957958     11.208214     11.208214     22.416428
     -2.947948     13.365091     13.365091     26.730183
     -2.937938     17.180670     17.180670     34.361341
     -2.927928     22.350507     22.350507     44.701015
     -2.917918     28.266855     28.266855     56.533711
     -2.907908     34.109171     34.109171     68.218342
     -2.897898     39.017247     39.017247     78.034493
     -2.887888     42.304867     42.304867     84.609734
     -2.877878     43.642573     43.642573     87.285145
     -2.867868     43.134652     43.134652     86.269305
     -2.857858     41.249627     41.249627     82.499254
     -2.847848     38.625665     38.625665     77.251331
     -2.837838     35.832733     35.832733     71.665466
     -2.827828     33.196960     33.196960     66.393920
     -2.817818     30.762175     30.762175     61.524350
     -2.807808     28.392225     28.392225     56.784451
     -2.797798     25.944900     25.944900     51.889799
     -2.787788     23.415611     23.415611     46.831222
     -2.777778     20.974803     20.974803     41.949607
     -2.767768     18.890583     18.890583     37.781165
     -2.757758     17.396166     17.396166     34.792331
     -2.747748     16.589535     16.589535     33.179070
     -2.737738     16.424306     16.424306     32.848613
     -2.727728     16.785427     16.785427     33.570853
     -2.717718     17.584541     17.584541     35.169083
     -2.707708     18.798453     18.798453     37.596907
     -2.697698     20.419852     20.419852     40.839705
     -2.687688     22.361100     22.361100     44.722201
     -2.677678     24.396155     24.396155     48.792310
     -2.667668     26.205862     26.205862     52.411724
     -2.657658     27.517685     27.517685     55.035370
     -2.647648     28.255610     28.255610     56.511219
     -2.637638     28.597518     28.597518     57.195037
     -2.627628     28.893050     28.893050     57.786101
     -2.617618     29.485738     29.485738     58.971475
     -2.607608     30.542763     30.542763     61.085526
     -2.597598     31.982612     31.982612     63.965225
     -2.587588     33.520457     33.520457     67.040913
     -2.577578     34.780440     34.780440     69.560881
     -2.567568     35.403873     35.403873     70.807745
     -2.557558     35.116732     35.116732     70.233465
     -2.547548     33.768503     33.768503     67.537007
     -2.537538     31.371624     31.371624     62.743247
     -2.527528     28.146266     28.146266     56.292533
     -2.517518     24.538307     24.538307     49.076614
     -2.507508     21.168020     21.168020     42.336041
     -2.497497     18.696315     18.696315     37.392631
     -2.487487     17.643486     17.643486     35.286971
     -2.477477     18.229146     18.229146     36.458292
     -2.467467     20.301185     20.301185     40.602370
     -2.457457     23.388375     23.388375     46.776749
     -2.447447     26.862318     26.862318     53.724636
     -2.437437     30.149476     30.149476     60.298953
     -2.427427     32.910064     32.910064     65.820128
     -2.417417     35.108716     35.108716     70.217432
     -2.407407     36.942873     36.942873     73.885746
     -2.397397     38.656255     38.656255     77.312509
     -2.387387     40.322367     40.322367     80.644734
     -2.377377     41.708349     41.708349     83.416697
     -2.367367     42.302540     42.302540     84.605081
     -2.357357     41.512860     41.512860     83.025721
     -2.347347     38.951240     38.951240     77.902479
     -2.337337     34.665203     34.665203     69.330406
     -2.327327     29.199544     29.199544     58.399087
     -2.317317     23.460014     23.460014     46.920029
     -2.307307     18.451317     18.451317     36.902634
     -2.297297     15.011175     15.011175     30.022349
     -2.287287     13.638792     13.638792     27.277583
     -2.277277     14.448860     14.448860     28.897720
     -2.267267     17.221825     17.221825     34.443650
     -2.257257     21.498347     21.498347     42.996693
     -2.247247     26.677266     26.677266     53.354531
     -2.237237     32.099323     32.099323     64.198645
     -2.227227     37.115111     37.115111     74.230222
     -2.217217     41.141757     41.141757     82.283515
     -2.207207     43.713781     43.713781     87.427562
     -2.197197     44.532922     44.532922     89.065844
     -2.187187     43.516982     43.516982     87.033963
     -2.177177     40.835860     40.835860     81.671719
     -2.167167     36.909020     36.909020     73.818039
     -2.157157     32.336867     32.336867     64.673734
     -2.147147     27.761460     27.761460     55.522920
     -2.137137     23.693828     23.693828     47.387656
     -2.127127     20.378818     20.378818     40.757636
     -2.117117     17.763767     17.763767     35.527533
     -2.107107     15.588705     15.588705     31.177411
     -2.097097     13.551609     13.551609     27.103217
     -2.087087     11.465013     11.465013     22.930026
     -2.077077      9.333791      9.333791     18.667583
     -2.067067      7.334735      7.334735     14.669469
     -2.057057      5.729602      5.729602     11.459204
     -2.047047      4.763425      4.763425      9.526850
     -2.037037      4.585834      4.585834      9.171669
     -2.027027      5.206446      5.206446     10.412892
     -2.017017      6.479979      6.479979     12.959959
     -2.007007      8.119817      8.119817     16.239633
     -1.996997      9.747378      9.747378     19.494756
     -1.986987     10.981291     10.981291     21.962583
     -1.976977     11.550151     11.550151     23.100301
     -1.966967     11.389390     11.389390     22.778781
     -1.956957     10.677114     10.677114     21.354228
     -1.946947      9.785004      9.785004     19.570008
     -1.936937      9.158098      9.158098     18.316196
     -1.926927      9.169075      9.169075     18.338149
     -1.916917     10.001670     10.001670     20.003340
     -1.906907     11.602226     11.602226     23.204451
     -1.896897     13.709034     13.709034     27.418067
     -1.886887     15.940484     15.940484     31.880969
     -1.876877     17.906172     17.906172     35.812344
     -1.866867     19.304677     19.304677     38.609354
     -1.856857     19.984578     19.984578     39.969156
     -1.846847     19.961374     19.961374     39.922748
     -1.836837     19.392851     19.392851     38.785702
     -1.826827     18.518525     18.518525     37.037051
     -1.816817     17.573799     17.573799     35.147598
     -1.806807     16.702292     16.702292     33.404583
     -1.796797     15.902443     15.902443     31.804886
     -1.786787     15.039621     15.039621     30.079242
     -1.776777     13.925257     13.925257     27.850514
     -1.766767     12.425477     12.425477     24.850954
     -1.756757     10.541959     10.541959     21.083918
     -1.746747      8.424277      8.424277     16.848555
     -1.736737      6.314797      6.314797     12.629594
     -1.726727      4.464469      4.464469      8.928938
     -1.716717      3.066524      3.066524      6.133048
     -1.706707      2.233887      2.233887      4.467774
     -1.696697      2.013908      2.013908      4.027817
     -1.686687      2.412590      2.412590      4.825180
     -1.676677      3.400756      3.400756      6.801513
     -1.666667      4.893220      4.893220      9.786440
     -1.656657      6.716611      6.716611     13.433222
     -1.646647      8.597486      8.597486     17.194972
     -1.636637     10.198762     10.198762     20.397523
     -1.626627     11.208585     11.208585     22.417170
     -1.616617     11.453618     11.453618     22.907236
     -1.606607     10.988250     10.988250     21.976500
     -1.596597     10.116707     10.116707     20.233414
     -1.586587      9.333203      9.333203     18.666405
     -1.576577      9.197736      9.197736     18.395472
     -1.566567     10.183821     10.183821     20.367643
     -1.556557     12.535969     12.535969     25.071938
     -1.546547     16.169379     16.169379     32.338757
     -1.536537     20.640669     20.640669     41.281339
     -1.526527     25.212280     25.212280     50.424560
     -1.516517     29.012768     29.012768     58.025536
     -1.506507     31.258832     31.258832     62.517664
     -1.496496     31.469763     31.469763     62.939525
     -1.486486     29.596733     29.596733     59.193465
     -1.476476     26.019732     26.019732     52.039464
     -1.466466     21.420269     21.420269     42.840538
     -1.456456     16.587392     16.587392     33.174784
     -1.446446     12.232111     12.232111     24.464223
     -1.436436      8.865844      8.865844     17.731688
     -1.426426      6.758276      6.758276     13.516553
     -1.416416      5.954291      5.954291     11.908583
     -1.406406      6.316556      6.316556     12.633113
     -1.396396      7.571871      7.571871     15.143742
     -1.386386      9.360735      9.360735     18.721470
     -1.376376     11.300553     11.300553     22.601106
     -1.366366     13.062790     13.062790     26.125580
     -1.356356     14.442178     14.442178     28.884356
     -1.346346     15.384373     15.384373     30.768745
     -1.336336     15.954133     15.954133     31.908266
     -1.326326     16.262143     16.262143     32.524286
     -1.316316     16.396552     16.396552     32.793105
     -1.306306     16.399188     16.399188     32.798376
     -1.296296     16.288307     16.288307     32.576615
     -1.286286     16.091302     16.091302     32.182603
     -1.276276     15.845843     15.845843     31.691685
     -1.266266     15.561594     15.561594     31.123189
     -1.256256     15.176775     15.176775     30.353551
     -1.246246     14.556343     14.556343     29.112685
     -1.236236     13.549232     13.549232     27.098463
     -1.226226     12.075440     12.075440     24.150880
     -1.216216     10.188527     10.188527     20.377053
     -1.206206      8.074723      8.074723     16.149445
     -1.196196      5.991960      5.991960     11.983920
     -1.186186      4.187803      4.187803      8.375606
     -1.176176      2.840872      2.840872      5.681745
     -1.166166      2.047403      2.047403      4.094805
     -1.156156      1.843073      1.843073      3.686146
     -1.146146      2.231083      2.231083      4.462166
     -1.136136      3.189278      3.189278      6.378556
     -1.126126      4.647780      4.647780      9.295561
     -1.116116      6.452458      6.452458     12.904917
     -1.106106      8.345525      8.345525     16.691050
     -1.096096      9.992308      9.992308     19.984616
     -1.086086     11.060867     11.060867     22.121734
     -1.076076     11.329201     11.329201     22.658401
     -1.066066     10.772811     10.772811     21.545622
     -1.056056      9.589425      9.589425     19.178849
     -1.046046      8.146648      8.146648     16.293296
     -1.036036      6.873805      6.873805     13.747610
     -1.026026      6.139315      6.139315     12.278629
     -1.016016      6.151966      6.151966     12.303932
     -1.006006      6.908185      6.908185     13.816369
     -0.995996      8.192914      8.192914     16.385827
     -0.985986      9.634002      9.634002     19.268003
     -0.975976     10.802125     10.802125     21.604250
     -0.965966     11.333543     11.333543     22.667085
     -0.955956     11.036867     11.036867     22.073733
     -0.945946      9.942596      9.942596     19.885192
     -0.935936      8.274873      8.274873     16.549746
     -0.925926      6.360433      6.360433     12.720866
     -0.915916      4.518290      4.518290      9.036580
     -0.905906      2.977506      2.977506      5.955013
     -0.895896      1.849460      1.849460      3.698919
     -0.885886      1.151250      1.151250      2.302500
     -0.875876      0.856030      0.856030      1.712059
     -0.865866      0.941418      0.941418      1.882837
     -0.855856      1.414647      1.414647      2.829293
     -0.845846      2.304964      2.304964      4.609928
     -0.835836      3.626044      3.626044      7.252088
     -0.825826      5.323336      5.323336     10.646672
     -0.815816      7.231963      7.231963     14.463926
     -0.805806      9.073643      9.073643     18.147286
     -0.795796     10.508878     10.508878     21.017757
     -0.785786     11.233951     11.233951     22.467903
     -0.775776     11.084068     11.084068     22.168137
     -0.765766     10.093796     10.093796     20.187592
     -0.755756      8.484019      8.484019     16.968039
     -0.745746      6.582007      6.582007     13.164014
     -0.735736      4.714212      4.714212      9.428425
     -0.725726      3.119999      3.119999      6.239998
     -0.715716      1.916370      1.916370      3.832739
     -0.705706      1.114441      1.114441      2.228881
     -0.695696      0.666700      0.666700      1.333401
     -0.685686      0.518850      0.518850      1.037701
     -0.675676      0.647195      0.647195      1.294390
     -0.665666      1.072486      1.072486      2.144972
     -0.655656      1.847861      1.847861      3.695722
     -0.645646      3.022898      3.022898      6.045796
     -0.635636      4.592286      4.592286      9.184572
     -0.625626      6.447434      6.447434     12.894867
     -0.615616      8.357015      8.357015     16.714030
     -0.605606      9.998333      9.998333     19.996666
     -0.595596     11.040689     11.040689     22.081379
     -0.585586     11.252597     11.252597     22.505194
     -0.575576     10.585135     10.585135     21.170271
     -0.565566      9.190242      9.190242     18.380485
     -0.555556      7.364519      7.364519     14.729038
     -0.545546      5.446891      5.446891     10.893781
     -0.535536      3.718260      3.718260      7.436520
     -0.525526      2.342706      2.342706      4.685411
     -0.515516      1.362331      1.362331      2.724661
     -0.505506      0.731197      0.731197      1.462393
     -0.495495      0.362220      0.362220      0.724440
     -0.485485      0.165614      0.165614      0.331229
     -0.475475      0.069889      0.069889      0.139778
     -0.465465      0.027221      0.027221      0.054443
     -0.455455      0.009786      0.009786      0.019572
     -0.445445      0.003247      0.003247      0.006494
     -0.435435      0.000995      0.000995      0.001990
     -0.425425      0.000284      0.000284      0.000568
     -0.415415      0.000088      0.000088      0.000175
     -0.405405      0.000078      0.000078      0.000156
     -0.395395      0.000237      0.000237      0.000474
     -0.385385      0.000835      0.000835      0.001671
     -0.375375      0.002757      0.002757      0.005513
     -0.365365      0.008403      0.008403      0.016807
     -0.355355      0.023644      0.023644      0.047289
     -0.345345      0.061403      0.061403      0.122806
     -0.335335      0.147176      0.147176      0.294351
     -0.325325      0.325590      0.325590      0.651180
     -0.315315      0.664804      0.664804      1.329607
     -0.305305      1.252859      1.252859      2.505717
     -0.295295      2.179203      2.179203      4.358407
     -0.285285      3.498487      3.498487      6.996974
     -0.275275      5.183817      5.183817     10.367633
     -0.265265      7.089340      7.089340     14.178681
     -0.255255      8.948472      8.948472     17.896944
     -0.245245     10.425065     10.425065     20.850131
     -0.235235     11.209740     11.209740     22.419480
     -0.225225     11.124978     11.124978     22.249956
     -0.215215     10.190362     10.190362     20.380724
     -0.205205      8.615231      8.615231     17.230462
     -0.195195      6.722504      6.722504     13.445008
     -0.185185      4.841524      4.841524      9.683048
     -0.175175      3.218251      3.218251      6.436502
     -0.165165      1.974443      1.974443      3.948886
     -0.155155      1.118037      1.118037      2.236074
     -0.145145      0.584325      0.584325      1.168650
     -0.135135      0.281864      0.281864      0.563728
     -0.125125      0.125491      0.125491      0.250982
     -0.115115      0.051567      0.051567      0.103134
     -0.105105      0.019558      0.019558      0.039115
     -0.095095      0.006846      0.006846      0.013692
     -0.085085      0.002212      0.002212      0.004424
     -0.075075      0.000660      0.000660      0.001319
     -0.065065      0.000182      0.000182      0.000363
     -0.055055      0.000046      0.000046      0.000092
     -0.045045      0.000011      0.000011      0.000022
     -0.035035      0.000002      0.000002      0.000005
     -0.025025      0.000000      0.000000      0.000001
     -0.015015      0.000000      0.000000      0.000000
     -0.005005      0.000000      0.000000      0.000000
      0.005005      0.000000      0.000000      0.000000
      0.015015      0.000000      0.000000      0.000000
      0.025025      0.000000      0.000000      0.000001
      0.035035      0.000002      0.000002      0.000005
      0.045045      0.000011      0.000011      0.000022
      0.055055      0.000046      0.000046      0.000092
      0.065065      0.000182      0.000182      0.000363
      0.075075      0.000660      0.000660      0.001319
      0.085085      0.002212      0.002212      0.004424
      0.095095      0.006846      0.006846      0.013692
      0.105105      0.019558      0.019558      0.039115
      0.115115      0.051567      0.051567      0.103134
      0.125125      0.125491      0.125491      0.250982
      0.135135      0.281864      0.281864      0.563728
      0.145145      0.584325      0.584325      1.168650
      0.155155      1.118037      1.118037      2.236074
      0.165165      1.974443      1.974443      3.948886
      0.175175      3.218251      3.218251      6.436502
      0.185185      4.841524      4.841524      9.683048
      0.195195      6.722504      6.722504     13.445008
      0.205205      8.615231      8.615231     17.230462
      0.215215     10.190362     10.190362     20.380724
      0.225225     11.124978     11.124978     22.249956
      0.235235     11.209740     11.209740     22.419480
      0.245245     10.425065     10.425065     20.850131
      0.255255      8.948472      8.948472     17.896944
      0.265265      7.089340      7.089340     14.178681
      0.275275      5.183817      5.183817     10.367633
      0.285285      3.498487      3.498487      6.996974
      0.295295      2.179203      2.179203      4.358407
      0.305305      1.252859      1.252859      2.505717
      0.315315      0.664804      0.664804      1.329607
      0.325325      0.325590      0.325590      0.651180
      0.335335      0.147176      0.147176      0.294351
      0.345345      0.061403      0.061403      0.122806
      0.355355      0.023644      0.023644      0.047289
      0.365365      0.008404      0.008404      0.016807
      0.375375      0.002758      0.002758      0.005515
      0.385385      0.000840      0.000840      0.001680
      0.395395      0.000257      0.000257      0.000514
      0.405405      0.000157      0.000157      0.000313
      0.415415      0.000379      0.000379      0.000757
      0.425425      0.001271      0.001271      0.002543
      0.435435      0.004076      0.004076      0.008152
      0.445445      0.012087      0.012087      0.024175
      0.455455      0.033088      0.033088      0.066176
      0.465465      0.083599      0.083599      0.167198
      0.475475      0.194949      0.194949      0.389897
      0.485485      0.419591      0.419591      0.839181
      0.495495      0.833525      0.833525      1.667050
      0.505506      1.528263      1.528263      3.056526
      0.515516      2.586214      2.586214      5.172428
      0.525526      4.039408      4.039408      8.078816
      0.535536      5.823148      5.823148     11.646296
      0.545546      7.747915      7.747915     15.495830
      0.555556      9.514783      9.514783     19.029565
      0.565566     10.784509     10.784509     21.569017
      0.575576     11.282130     11.282130     22.564260
      0.585586     10.893764     10.893764     21.787527
      0.595596      9.709291      9.709291     19.418581
      0.605606      7.989557      7.989557     15.979113
      0.615616      6.075487      6.075487     12.150974
      0.625626      4.284421      4.284421      8.568842
      0.635636      2.839434      2.839434      5.678867
      0.645646      1.853472      1.853472      3.706945
      0.655656      1.359391      1.359391      2.718783
      0.665666      1.357046      1.357046      2.714092
      0.675676      1.846442      1.846442      3.692884
      0.685686      2.827975      2.827975      5.655950
      0.695696      4.269741      4.269741      8.539482
      0.705706      6.060931      6.060931     12.121861
      0.715716      7.982616      7.982616     15.965232
      0.725726      9.725413      9.725413     19.450826
      0.735736     10.963780     10.963780     21.927561
      0.745746     11.465522     11.465522     22.931044
      0.755756     11.189447     11.189447     22.378894
      0.765766     10.321816     10.321816     20.643631
      0.775776      9.227389      9.227389     18.454777
      0.785786      8.329762      8.329762     16.659524
      0.795796      7.966403      7.966403     15.932807
      0.805806      8.272410      8.272410     16.544819
      0.815816      9.134056      9.134056     18.268112
      0.825826     10.227891     10.227891     20.455781
      0.835836     11.132136     11.132136     22.264272
      0.845846     11.471206     11.471206     22.942413
      0.855856     11.039672     11.039672     22.079344
      0.865866      9.858416      9.858416     19.716832
      0.875876      8.144767      8.144767     16.289534
      0.885886      6.217212      6.217212     12.434424
      0.895896      4.382309      4.382309      8.764618
      0.905906      2.851610      2.851610      5.703221
      0.915916      1.712877      1.712877      3.425755
      0.925926      0.949985      0.949985      1.899970
      0.935936      0.487425      0.487425      0.974850
      0.945946      0.234401      0.234401      0.468802
      0.955956      0.114464      0.114464      0.228927
      0.965966      0.079234      0.079234      0.158468
      0.975976      0.112129      0.112129      0.224259
      0.985986      0.228712      0.228712      0.457425
      0.995996      0.476466      0.476466      0.952932
      1.006006      0.931471      0.931471      1.862942
      1.016016      1.685625      1.685625      3.371250
      1.026026      2.818698      2.818698      5.637396
      1.036036      4.356795      4.356795      8.713591
      1.046046      6.231253      6.231253     12.462505
      1.056056      8.262467      8.262467     16.524934
      1.066066     10.191171     10.191171     20.382341
      1.076076     11.759259     11.759259     23.518518
      1.086086     12.810873     12.810873     25.621746
      1.096096     13.362304     13.362304     26.724608
      1.106106     13.596682     13.596682     27.193363
      1.116116     13.778447     13.778447     27.556893
      1.126126     14.130614     14.130614     28.261228
      1.136136     14.741311     14.741311     29.482622
      1.146146     15.546483     15.546483     31.092967
      1.156156     16.386207     16.386207     32.772415
      1.166166     17.088939     17.088939     34.177878
      1.176176     17.532109     17.532109     35.064219
      1.186186     17.658609     17.658609     35.317218
      1.196196     17.466619     17.466619     34.933237
      1.206206     17.001696     17.001696     34.003392
      1.216216     16.358863     16.358863     32.717726
      1.226226     15.674440     15.674440     31.348880
      1.236236     15.084585     15.084585     30.169170
      1.246246     14.656427     14.656427     29.312854
      1.256256     14.332268     14.332268     28.664536
      1.266266     13.933138     13.933138     27.866276
      1.276276     13.234753     13.234753     26.469507
      1.286286     12.080666     12.080666     24.161333
      1.296296     10.471669     10.471669     20.943338
      1.306306      8.586478      8.586478     17.172955
      1.316316      6.732445      6.732445     13.464890
      1.326326      5.262870      5.262870     10.525739
      1.336336      4.503970      4.503970      9.007941
      1.346346      4.710929      4.710929      9.421857
      1.356356      6.041937      6.041937     12.083875
      1.366366      8.527580      8.527580     17.055161
      1.376376     12.028576     12.028576     24.057151
      1.386386     16.203816     16.203816     32.407632
      1.396396     20.526723     20.526723     41.053447
      1.406406     24.373010     24.373010     48.746021
      1.416416     27.162668     27.162668     54.325336
      1.426426     28.501437     28.501437     57.002874
      1.436436     28.261846     28.261846     56.523692
      1.446446     26.577017     26.577017     53.154033
      1.456456     23.767378     23.767378     47.534756
      1.466466     20.247164     20.247164     40.494327
      1.476476     16.449671     16.449671     32.899342
      1.486486     12.782504     12.782504     25.565009
      1.496496      9.602482      9.602482     19.204963
      1.506507      7.197025      7.197025     14.394051
      1.516517      5.767262      5.767262     11.534524
      1.526527      5.414151      5.414151     10.828301
      1.536537      6.128827      6.128827     12.257654
      1.546547      7.787985      7.787985     15.575970
      1.556557     10.159187     10.159187     20.318375
      1.566567     12.925520     12.925520     25.851040
      1.576577     15.735932     15.735932     31.471864
      1.586587     18.275465     18.275465     36.550930
      1.596597     20.336291     20.336291     40.672583
      1.606607     21.865945     21.865945     43.731889
      1.616617     22.975606     22.975606     45.951213
      1.626627     23.903119     23.903119     47.806237
      1.636637     24.936791     24.936791     49.873582
      1.646647     26.316713     26.316713     52.633425
      1.656657     28.141496     28.141496     56.282992
      1.666667     30.315982     30.315982     60.631963
      1.676677     32.569470     32.569470     65.138940
      1.686687     34.548198     34.548198     69.096396
      1.696697     35.947304     35.947304     71.894608
      1.706707     36.618109     36.618109     73.236217
      1.716717     36.590574     36.590574     73.181147
      1.726727     35.996025     35.996025     71.992051
      1.736737     34.939844     34.939844     69.879687
      1.746747     33.413853     33.413853     66.827705
      1.756757     31.318458     31.318458     62.636915
      1.766767     28.590951     28.590951     57.181901
      1.776777     25.358435     25.358435     50.716870
      1.786787     22.008349     22.008349     44.016699
      1.796797     19.115371     19.115371     38.230742
      1.806807     17.247505     17.247505     34.495009
      1.816817     16.741121     16.741121     33.482243
      1.826827     17.549084     17.549084     35.098169
      1.836837     19.229964     19.229964     38.459928
      1.846847     21.085546     21.085546     42.171092
      1.856857     22.395539     22.395539     44.791079
      1.866867     22.661063     22.661063     45.322125
      1.876877     21.763657     21.763657     43.527313
      1.886887     19.978380     19.978380     39.956759
      1.896897     17.839203     17.839203     35.678407
      1.906907     15.918214     15.918214     31.836429
      1.916917     14.617039     14.617039     29.234077
      1.926927     14.060160     14.060160     28.120320
      1.936937     14.128248     14.128248     28.256496
      1.946947     14.599506     14.599506     29.199012
      1.956957     15.312757     15.312757     30.625515
      1.966967     16.256420     16.256420     32.512840
      1.976977     17.531136     17.531136     35.062272
      1.986987     19.210462     19.210462     38.420924
      1.996997     21.191040     21.191040     42.382080
      2.007007     23.137940     23.137940     46.275880
      2.017017     24.577600     24.577600     49.155200
      2.027027     25.098366     25.098366     50.196731
      2.037037     24.545464     24.545464     49.090927
      2.047047     23.093713     23.093713     46.187426
      2.057057     21.153106     21.153106     42.306212
      2.067067     19.163493     19.163493     38.326986
      2.077077     17.398579     17.398579     34.797158
      2.087087     15.886398     15.886398     31.772796
      2.097097     14.476940     14.476940     28.953881
      2.107107     13.001422     13.001422     26.002843
      2.117117     11.425438     11.425438     22.850876
      2.127127      9.917674      9.917674     19.835347
      2.137137      8.813003      8.813003     17.626006
      2.147147      8.502241      8.502241     17.004482
      2.157157      9.302405      9.302405     18.604809
      2.167167     11.351326     11.351326     22.702651
      2.177177     14.547992     14.547992     29.095983
      2.187187     18.543387     18.543387     37.086774
      2.197197     22.780858     22.780858     45.561717
      2.207207     26.583566     26.583566     53.167132
      2.217217     29.280862     29.280862     58.561723
      2.227227     30.352688     30.352688     60.705376
      2.237237     29.556304     29.556304     59.112608
      2.247247     26.993217     26.993217     53.986434
      2.257257     23.086027     23.086027     46.172055
      2.267267     18.465953     18.465953     36.931905
      2.277277     13.809387     13.809387     27.618774
      2.287287      9.684847      9.684847     19.369695
      2.297297      6.465108      6.465108     12.930217
      2.307307      4.326243      4.326243      8.652486
      2.317317      3.314796      3.314796      6.629591
      2.327327      3.437727      3.437727      6.875454
      2.337337      4.726956      4.726956      9.453912
      2.347347      7.247315      7.247315     14.494630
      2.357357     11.042704     11.042704     22.085409
      2.367367     16.040528     16.040528     32.081056
      2.377377     21.953228     21.953228     43.906456
      2.387387     28.223966     28.223966     56.447932
      2.397397     34.057033     34.057033     68.114067
      2.407407     38.549442     38.549442     77.098884
      2.417417     40.901007     40.901007     81.802015
      2.427427     40.639058     40.639058     81.278115
      2.437437     37.772276     37.772276     75.544552
      2.447447     32.804844     32.804844     65.609687
      2.457457     26.597035     26.597035     53.194069
      2.467467     20.126197     20.126197     40.252395
      2.477477     14.244741     14.244741     28.489483
      2.487487      9.524761      9.524761     19.049521
      2.497497      6.228642      6.228642     12.457284
      2.507508      4.383302      4.383302      8.766604
      2.517518      3.896383      3.896383      7.792766
      2.527528      4.650813      4.650813      9.301627
      2.537538      6.541476      6.541476     13.082952
      2.547548      9.454220      9.454220     18.908440
      2.557558     13.214748     13.214748     26.429496
      2.567568     17.544078     17.544078     35.088156
      2.577578     22.049592     22.049592     44.099183
      2.587588     26.263622     26.263622     52.527244
      2.597598     29.723133     29.723133     59.446267
      2.607608     32.069098     32.069098     64.138196
      2.617618     33.134588     33.134588     66.269177
      2.627628     32.989558     32.989558     65.979117
      2.637638     31.922323     31.922323     63.844645
      2.647648     30.362669     30.362669     60.725338
      2.657658     28.777944     28.777944     57.555889
      2.667668     27.583857     27.583857     55.167714
      2.677678     27.097299     27.097299     54.194597
      2.687688     27.528905     27.528905     55.057811
      2.697698     28.989327     28.989327     57.978654
      2.707708     31.480488     31.480488     62.960977
      2.717718     34.861178     34.861178     69.722356
      2.727728     38.803450     38.803450     77.606900
      2.737738     42.778213     42.778213     85.556426
      2.747748     46.111650     46.111650     92.223299
      2.757758     48.129675     48.129675     96.259350
      2.767768     48.358936     48.358936     96.717872
      2.777778     46.704027     46.704027     93.408054
      2.787788     43.507622     43.507622     87.015244
      2.797798     39.444241     39.444241     78.888481
      2.807808     35.281708     35.281708     70.563415
      2.817818     31.616612     31.616612     63.233224
      2.827828     28.703795     28.703795     57.407590
      2.837838     26.447143     26.447143     52.894287
      2.847848     24.535531     24.535531     49.071063
      2.857858     22.643587     22.643587     45.287175
      2.867868     20.601059     20.601059     41.202119
      2.877878     18.463283     18.463283     36.926565
      2.887888     16.465936     16.465936     32.931873
      2.897898     14.896888     14.896888     29.793777
      2.907908     13.950583     13.950583     27.901167
      2.917918     13.635651     13.635651     27.271303
      2.927928     13.779979     13.779979     27.559957
      2.937938     14.127675     14.127675     28.255351
      2.947948     14.472735     14.472735     28.945470
      2.957958     14.753773     14.753773     29.507547
      2.967968     15.057982     15.057982     30.115965
      2.977978     15.537318     15.537318     31.074636
      2.987988     16.290826     16.290826     32.581651
      2.997998     17.281118     17.281118     34.562237
      3.008008     18.324551     18.324551     36.649101
      3.018018     19.148053     19.148053     38.296106
      3.028028     19.474567     19.474567     38.949135
      3.038038     19.098968     19.098968     38.197936
      3.048048     17.935942     17.935942     35.871883
      3.058058     16.038170     16.038170     32.076341
      3.068068     13.586822     13.586822     27.173643
      3.078078     10.854227     10.854227     21.708455
      3.088088      8.142948      8.142948     16.285897
      3.098098      5.717048      5.717048     11.434096
      3.108108      3.749604      3.749604      7.499209
      3.118118      2.305529      2.305529      4.611059
      3.128128      1.362668      1.362668      2.725335
      3.138138      0.857935      0.857935      1.715870
      3.148148      0.738248      0.738248      1.476497
      3.158158      0.998641      0.998641      1.997281
      3.168168      1.696454      1.696454      3.392908
      3.178178      2.935909      2.935909      5.871817
      3.188188      4.822206      4.822206      9.644412
      3.198198      7.392427      7.392427     14.784855
      3.208208     10.543038     10.543038     21.086075
      3.218218     13.985362     13.985362     27.970723
      3.228228     17.260623     17.260623     34.521245
      3.238238     19.827934     19.827934     39.655868
      3.248248     21.206005     21.206005     42.412010
      3.258258     21.118494     21.118494     42.236988
      3.268268     19.583294     19.583294     39.166588
      3.278278     16.906636     16.906636     33.813273
      3.288288     13.584622     13.584622     27.169245
      3.298298     10.155099     10.155099     20.310198
      3.308308      7.059956      7.059956     14.119911
      3.318318      4.565023      4.565023      9.130046
      3.328328      2.752648      2.752648      5.505296
      3.338338      1.570437      1.570437      3.140875
      3.348348      0.903809      0.903809      1.807619
      3.358358      0.642264      0.642264      1.284528
      3.368368      0.721622      0.721622      1.443244
      3.378378      1.136433      1.136433      2.272866
      3.388388      1.923477      1.923477      3.846954
      3.398398      3.120992      3.120992      6.241983
      3.408408      4.714107      4.714107      9.428213
      3.418418      6.586242      6.586242     13.172484
      3.428428      8.503122      8.503122     17.006244
      3.438438     10.150775     10.150775     20.301549
      3.448448     11.226966     11.226966     22.453933
      3.458458     11.555135     11.555135     23.110269
      3.468468     11.169697     11.169697     22.339394
      3.478478     10.327592     10.327592     20.655184
      3.488488      9.433044      9.433044     18.866088
      3.498498      8.903295      8.903295     17.806590
      3.508509      9.029937      9.029937     18.059874
      3.518519      9.890701      9.890701     19.781402
      3.528529     11.342580     11.342580     22.685159
      3.538539     13.091326     13.091326     26.182651
      3.548549     14.800223     14.800223     29.600446
      3.558559     16.186966     16.186966     32.373932
      3.568569     17.069825     17.069825     34.139650
      3.578579     17.357965     17.357965     34.715930
      3.588589     17.015194     17.015194     34.030389
      3.598599     16.037286     16.037286     32.074573
      3.608609     14.462394     14.462394     28.924789
      3.618619     12.399587     12.399587     24.799175
      3.628629     10.041250     10.041250     20.082499
      3.638639      7.636233      7.636233     15.272465
      3.648649      5.430917      5.430917     10.861834
      3.658659      3.609011      3.609011      7.218023
      3.668669      2.261043      2.261043      4.522087
      3.678679      1.394719      1.394719      2.789438
      3.688689      0.974412      0.974412      1.948824
      3.698699      0.965909      0.965909      1.931818
      3.708709      1.363818      1.363818      2.727635
      3.718719      2.188599      2.188599      4.377198
      3.728729      3.452700      3.452700      6.905400
      3.738739      5.108612      5.108612     10.217225
      3.748749      7.003577      7.003577     14.007153
      3.758759      8.870068      8.870068     17.740135
      3.768769     10.370914     10.370914     20.741827
      3.778779     11.192237     11.192237     22.384474
      3.788789     11.148312     11.148312     22.296623
      3.798799     10.249188     10.249188     20.498376
      3.808809      8.696750      8.696750     17.393499
      3.818819      6.811009      6.811009     13.622017
      3.828829      4.923261      4.923261      9.846522
      3.838839      3.284595      3.284595      6.569189
      3.848849      2.022565      2.022565      4.045129
      3.858859      1.149593      1.149593      2.299185
      3.868869      0.603413      0.603413      1.206825
      3.878879      0.293483      0.293483      0.586965
      3.888889      0.135402      0.135402      0.270804
      3.898899      0.068308      0.068308      0.136616
      3.908909      0.059682      0.059682      0.119363
      3.918919      0.105004      0.105004      0.210007
      3.928929      0.227724      0.227724      0.455448
      3.938939      0.480604      0.480604      0.961208
      3.948949      0.944885      0.944885      1.889770
      3.958959      1.720838      1.720838      3.441676
      3.968969      2.904443      2.904443      5.808886
      3.978979      4.551873      4.551873      9.103746
      3.988989      6.644408      6.644408     13.288815
      3.998999      9.074346      9.074346     18.148692
      4.009009     11.668139     11.668139     23.336279
      4.019019     14.242966     14.242966     28.485932
      4.029029     16.667256     16.667256     33.334513
      4.039039     18.884438     18.884438     37.768876
      4.049049     20.877562     20.877562     41.755123
      4.059059     22.593941     22.593941     45.187882
      4.069069     23.884873     23.884873     47.769745
      4.079079     24.515633     24.515633     49.031266
      4.089089     24.259364     24.259364     48.518727
      4.099099     23.031265     23.031265     46.062530
      4.109109     20.986158     20.986158     41.972316
      4.119119     18.516327     18.516327     37.032655
      4.129129     16.139001     16.139001     32.278001
      4.139139     14.321767     14.321767     28.643533
      4.149149     13.326587     13.326587     26.653175
      4.159159     13.143340     13.143340     26.286680
      4.169169     13.539004     13.539004     27.078007
      4.179179     14.191915     14.191915     28.383830
      4.189189     14.840480     14.840480     29.680961
      4.199199     15.373750     15.373750     30.747499
      4.209209     15.829309     15.829309     31.658618
      4.219219     16.319705     16.319705     32.639409
      4.229229     16.946343     16.946343     33.892685
      4.239239     17.754727     17.754727     35.509454
      4.249249     18.743607     18.743607     37.487214
      4.259259     19.897332     19.897332     39.794665
      4.269269     21.199589     21.199589     42.399177
      4.279279     22.612995     22.612995     45.225991
      4.289289     24.046144     24.046144     48.092288
      4.299299     25.344354     25.344354     50.688707
      4.309309     26.322348     26.322348     52.644696
      4.319319     26.825105     26.825105     53.650210
      4.329329     26.785241     26.785241     53.570481
      4.339339     26.252571     26.252571     52.505142
      4.349349     25.391259     25.391259     50.782519
      4.359359     24.451300     24.451300     48.902599
      4.369369     23.717029     23.717029     47.434058
      4.379379     23.429272     23.429272     46.858544
      4.389389     23.687910     23.687910     47.375819
      4.399399     24.368618     24.368618     48.737235
      4.409409     25.107342     25.107342     50.214683
      4.419419     25.390347     25.390347     50.780695
      4.429429     24.733552     24.733552     49.467104
      4.439439     22.875314     22.875314     45.750628
      4.449449     19.887357     19.887357     39.774713
      4.459459     16.148342     16.148342     32.296684
      4.469469     12.198935     12.198935     24.397869
      4.479479      8.556308      8.556308     17.112616
      4.489489      5.574632      5.574632     11.149265
      4.499499      3.399226      3.399226      6.798453
      4.509510      2.008298      2.008298      4.016595
      4.519520      1.300728      1.300728      2.601456
      4.529530      1.183028      1.183028      2.366056
      4.539540      1.623570      1.623570      3.247141
      4.549550      2.661226      2.661226      5.322452
      4.559560      4.369641      4.369641      8.739283
      4.569570      6.788854      6.788854     13.577707
      4.579580      9.846932      9.846932     19.693864
      4.589590     13.304743     13.304743     26.609487
      4.599600     16.758458     16.758458     33.516916
      4.609610     19.718344     19.718344     39.436688
      4.619620     21.749202     21.749202     43.498404
      4.629630     22.621787     22.621787     45.243575
      4.639640     22.407496     22.407496     44.814992
      4.649650     21.465606     21.465606     42.931213
      4.659660     20.319565     20.319565     40.639130
      4.669670     19.472486     19.472486     38.944973
      4.679680     19.241797     19.241797     38.483594
      4.689690     19.681068     19.681068     39.362136
      4.699700     20.610728     20.610728     41.221455
      4.709710     21.726472     21.726472     43.452944
      4.719720     22.724661     22.724661     45.449322
      4.729730     23.390333     23.390333     46.780667
      4.739740     23.625383     23.625383     47.250765
      4.749750     23.429186     23.429186     46.858372
      4.759760     22.862720     22.862720     45.725440
      4.769770     22.023744     22.023744     44.047489
      4.779780     21.041603     21.041603     42.083207
      4.789790     20.079650     20.079650     40.159300
      4.799800     19.325670     19.325670     38.651341
      4.809810     18.961482     18.961482     37.922964
      4.819820     19.122415     19.122415     38.244830
      4.829830     19.867137     19.867137     39.734274
      4.839840     21.168174     21.168174     42.336347
      4.849850     22.914564     22.914564     45.829128
      4.859860     24.912732     24.912732     49.825465
      4.869870     26.888268     26.888268     53.776535
      4.879880     28.511416     28.511416     57.022831
      4.889890     29.464812     29.464812     58.929625
      4.899900     29.538677     29.538677     59.077354
      4.909910     28.705242     28.705242     57.410483
      4.919920     27.126164     27.126164     54.252327
      4.929930     25.088042     25.088042     50.176084
      4.939940     22.907177     22.907177     45.814353
      4.949950     20.855508     20.855508     41.711016
      4.959960     19.129830     19.129830     38.259661
      4.969970     17.848632     17.848632     35.697265
      4.979980     17.050918     17.050918     34.101836
      4.989990     16.691882     16.691882     33.383764
      5.000000     16.652152     16.652152     33.304305
