# EIG2DOS: Utility for SIESTA to obtain the electronic density of states
#  E. Artacho, Apr 1999, A. Garcia, Apr 2012
#  Nick R. Papior, Feb 2017
# ------------------------------------------
# Eigenvalues calculated from a non-polarized calculation
# Eigenvalues read from siesta.EIG
# Kpoint weights read from siesta.KP
# Using smearing parameter:   0.0500
# Using 1000 points in the energy range
# Selected bands: 1 to: 2981
# Emin, Emax in file for selected band(s):    -27.1761693    218.3536390
# Nbands, Nspin, Nk   =   2981     1     1
# E_F                 =    -4.2506 eV --> (shifted to ZERO)
# Broadening          =     0.0500 eV
#
#        E            N(up)  (=)   N(down)         Ntot
     -5.000000     35.925758     35.925758     71.851517
     -4.989990     39.334987     39.334987     78.669974
     -4.979980     41.882737     41.882737     83.765475
     -4.969970     43.216123     43.216123     86.432246
     -4.959960     43.154701     43.154701     86.309402
     -4.949950     41.744499     41.744499     83.488998
     -4.939940     39.260517     39.260517     78.521034
     -4.929930     36.170248     36.170248     72.340496
     -4.919920     33.080617     33.080617     66.161234
     -4.909910     30.678670     30.678670     61.357340
     -4.899900     29.652580     29.652580     59.305159
     -4.889890     30.566967     30.566967     61.133934
     -4.879880     33.686744     33.686744     67.373488
     -4.869870     38.795864     38.795864     77.591727
     -4.859860     45.107996     45.107996     90.215991
     -4.849850     51.366509     51.366509    102.733017
     -4.839840     56.157180     56.157180    112.314361
     -4.829830     58.339581     58.339581    116.679161
     -4.819820     57.416511     57.416511    114.833022
     -4.809810     53.671355     53.671355    107.342710
     -4.799800     48.014724     48.014724     96.029449
     -4.789790     41.627208     41.627208     83.254416
     -4.779780     35.573374     35.573374     71.146747
     -4.769770     30.545608     30.545608     61.091215
     -4.759760     26.801137     26.801137     53.602273
     -4.749750     24.253251     24.253251     48.506501
     -4.739740     22.626722     22.626722     45.253444
     -4.729730     21.596890     21.596890     43.193781
     -4.719720     20.872573     20.872573     41.745146
     -4.709710     20.222564     20.222564     40.445129
     -4.699700     19.469885     19.469885     38.939771
     -4.689690     18.486555     18.486555     36.973111
     -4.679680     17.214677     17.214677     34.429354
     -4.669670     15.717831     15.717831     31.435663
     -4.659660     14.239069     14.239069     28.478138
     -4.649650     13.224528     13.224528     26.449055
     -4.639640     13.276546     13.276546     26.553092
     -4.629630     15.024701     15.024701     30.049402
     -4.619620     18.935657     18.935657     37.871313
     -4.609610     25.112530     25.112530     50.225059
     -4.599600     33.154477     33.154477     66.308953
     -4.589590     42.147698     42.147698     84.295397
     -4.579580     50.827979     50.827979    101.655957
     -4.569570     57.891631     57.891631    115.783262
     -4.559560     62.360094     62.360094    124.720187
     -4.549550     63.863818     63.863818    127.727635
     -4.539540     62.732378     62.732378    125.464756
     -4.529530     59.853802     59.853802    119.707605
     -4.519520     56.358993     56.358993    112.717986
     -4.509510     53.252542     53.252542    106.505084
     -4.499499     51.123286     51.123286    102.246573
     -4.489489     50.027161     50.027161    100.054321
     -4.479479     49.562273     49.562273     99.124547
     -4.469469     49.083117     49.083117     98.166235
     -4.459459     47.957268     47.957268     95.914536
     -4.449449     45.769618     45.769618     91.539236
     -4.439439     42.419699     42.419699     84.839398
     -4.429429     38.111780     38.111780     76.223560
     -4.419419     33.276195     33.276195     66.552391
     -4.409409     28.467560     28.467560     56.935119
     -4.399399     24.266393     24.266393     48.532786
     -4.389389     21.186620     21.186620     42.373239
     -4.379379     19.583976     19.583976     39.167952
     -4.369369     19.574761     19.574761     39.149521
     -4.359359     20.995019     20.995019     41.990037
     -4.349349     23.433603     23.433603     46.867206
     -4.339339     26.347348     26.347348     52.694697
     -4.329329     29.225022     29.225022     58.450044
     -4.319319     31.736509     31.736509     63.473019
     -4.309309     33.806580     33.806580     67.613160
     -4.299299     35.587116     35.587116     71.174233
     -4.289289     37.345323     37.345323     74.690646
     -4.279279     39.313545     39.313545     78.627089
     -4.269269     41.551557     41.551557     83.103114
     -4.259259     43.864805     43.864805     87.729610
     -4.249249     45.812283     45.812283     91.624566
     -4.239239     46.821053     46.821053     93.642106
     -4.229229     46.388767     46.388767     92.777534
     -4.219219     44.305166     44.305166     88.610331
     -4.209209     40.789615     40.789615     81.579230
     -4.199199     36.461416     36.461416     72.922832
     -4.189189     32.137751     32.137751     64.275502
     -4.179179     28.548217     28.548217     57.096435
     -4.169169     26.102980     26.102980     52.205960
     -4.159159     24.820926     24.820926     49.641851
     -4.149149     24.435993     24.435993     48.871985
     -4.139139     24.609464     24.609464     49.218927
     -4.129129     25.131343     25.131343     50.262685
     -4.119119     26.009101     26.009101     52.018202
     -4.109109     27.401729     27.401729     54.803457
     -4.099099     29.434108     29.434108     58.868216
     -4.089089     31.991904     31.991904     63.983808
     -4.079079     34.620400     34.620400     69.240800
     -4.069069     36.610132     36.610132     73.220265
     -4.059059     37.255433     37.255433     74.510865
     -4.049049     36.167486     36.167486     72.334973
     -4.039039     33.478546     33.478546     66.957092
     -4.029029     29.825794     29.825794     59.651588
     -4.019019     26.124647     26.124647     52.249294
     -4.009009     23.254297     23.254297     46.508595
     -3.998999     21.811275     21.811275     43.622550
     -3.988989     22.025881     22.025881     44.051762
     -3.978979     23.831300     23.831300     47.662601
     -3.968969     26.998705     26.998705     53.997410
     -3.958959     31.246399     31.246399     62.492798
     -3.948949     36.284759     36.284759     72.569517
     -3.938939     41.820266     41.820266     83.640533
     -3.928929     47.563799     47.563799     95.127599
     -3.918919     53.261443     53.261443    106.522885
     -3.908909     58.722645     58.722645    117.445289
     -3.898899     63.803702     63.803702    127.607405
     -3.888889     68.332152     68.332152    136.664304
     -3.878879     72.008950     72.008950    144.017901
     -3.868869     74.359690     74.359690    148.719380
     -3.858859     74.794738     74.794738    149.589476
     -3.848849     72.783895     72.783895    145.567789
     -3.838839     68.084729     68.084729    136.169457
     -3.828829     60.923626     60.923626    121.847253
     -3.818819     52.038650     52.038650    104.077300
     -3.808809     42.549674     42.549674     85.099349
     -3.798799     33.695009     33.695009     67.390019
     -3.788789     26.527490     26.527490     53.054980
     -3.778779     21.672812     21.672812     43.345624
     -3.768769     19.220356     19.220356     38.440711
     -3.758759     18.764254     18.764254     37.528508
     -3.748749     19.565964     19.565964     39.131927
     -3.738739     20.783428     20.783428     41.566857
     -3.728729     21.705826     21.705826     43.411651
     -3.718719     21.939195     21.939195     43.878390
     -3.708709     21.500750     21.500750     43.001499
     -3.698699     20.797028     20.797028     41.594056
     -3.688689     20.484957     20.484957     40.969914
     -3.678679     21.245681     21.245681     42.491362
     -3.668669     23.533113     23.533113     47.066226
     -3.658659     27.379829     27.379829     54.759657
     -3.648649     32.336161     32.336161     64.672321
     -3.638639     37.575989     37.575989     75.151979
     -3.628629     42.135937     42.135937     84.271873
     -3.618619     45.195346     45.195346     90.390693
     -3.608609     46.288058     46.288058     92.576115
     -3.598599     45.376020     45.376020     90.752040
     -3.588589     42.784928     42.784928     85.569856
     -3.578579     39.058146     39.058146     78.116292
     -3.568569     34.796944     34.796944     69.593888
     -3.558559     30.529611     30.529611     61.059222
     -3.548549     26.622224     26.622224     53.244447
     -3.538539     23.234217     23.234217     46.468433
     -3.528529     20.327150     20.327150     40.654300
     -3.518519     17.732396     17.732396     35.464792
     -3.508509     15.261556     15.261556     30.523111
     -3.498498     12.816871     12.816871     25.633742
     -3.488488     10.452840     10.452840     20.905680
     -3.478478      8.363756      8.363756     16.727513
     -3.468468      6.808880      6.808880     13.617760
     -3.458458      6.012029      6.012029     12.024057
     -3.448448      6.074100      6.074100     12.148200
     -3.438438      6.923846      6.923846     13.847691
     -3.428428      8.319122      8.319122     16.638244
     -3.418418      9.902597      9.902597     19.805193
     -3.408408     11.305364     11.305364     22.610728
     -3.398398     12.273297     12.273297     24.546594
     -3.388388     12.771680     12.771680     25.543359
     -3.378378     13.020851     13.020851     26.041701
     -3.368368     13.439270     13.439270     26.878541
     -3.358358     14.510670     14.510670     29.021340
     -3.348348     16.624005     16.624005     33.248009
     -3.338338     19.939335     19.939335     39.878670
     -3.328328     24.311951     24.311951     48.623901
     -3.318318     29.282519     29.282519     58.565038
     -3.308308     34.132109     34.132109     68.264219
     -3.298298     38.005167     38.005167     76.010333
     -3.288288     40.098993     40.098993     80.197985
     -3.278278     39.888703     39.888703     79.777407
     -3.268268     37.315259     37.315259     74.630519
     -3.258258     32.848489     32.848489     65.696979
     -3.248248     27.374820     27.374820     54.749639
     -3.238238     21.937781     21.937781     43.875561
     -3.228228     17.430555     17.430555     34.861111
     -3.218218     14.359676     14.359676     28.719351
     -3.208208     12.760630     12.760630     25.521259
     -3.198198     12.278758     12.278758     24.557515
     -3.188188     12.369132     12.369132     24.738263
     -3.178178     12.536997     12.536997     25.073995
     -3.168168     12.536973     12.536973     25.073945
     -3.158158     12.468246     12.468246     24.936491
     -3.148148     12.737588     12.737588     25.475177
     -3.138138     13.903299     13.903299     27.806599
     -3.128128     16.449990     16.449990     32.899980
     -3.118118     20.566594     20.566594     41.133188
     -3.108108     26.003190     26.003190     52.006380
     -3.098098     32.064436     32.064436     64.128872
     -3.088088     37.758224     37.758224     75.516449
     -3.078078     42.063073     42.063073     84.126147
     -3.068068     44.224529     44.224529     88.449057
     -3.058058     43.967331     43.967331     87.934662
     -3.048048     41.537590     41.537590     83.075180
     -3.038038     37.562937     37.562937     75.125874
     -3.028028     32.803117     32.803117     65.606234
     -3.018018     27.911158     27.911158     55.822317
     -3.008008     23.307821     23.307821     46.615642
     -2.997998     19.201352     19.201352     38.402704
     -2.987988     15.705523     15.705523     31.411046
     -2.977978     12.967870     12.967870     25.935741
     -2.967968     11.233327     11.233327     22.466655
     -2.957958     10.816014     10.816014     21.632028
     -2.947948     11.998873     11.998873     23.997746
     -2.937938     14.905422     14.905422     29.810844
     -2.927928     19.391045     19.391045     38.782090
     -2.917918     24.994488     24.994488     49.988975
     -2.907908     30.978415     30.978415     61.956830
     -2.897898     36.466377     36.466377     72.932754
     -2.887888     40.649363     40.649363     81.298725
     -2.877878     42.998507     42.998507     85.997014
     -2.867868     43.402955     43.402955     86.805910
     -2.857858     42.170954     42.170954     84.341907
     -2.847848     39.886530     39.886530     79.773061
     -2.837838     37.179512     37.179512     74.359025
     -2.827828     34.508639     34.508639     69.017277
     -2.817818     32.051194     32.051194     64.102388
     -2.807808     29.738585     29.738585     59.477169
     -2.797798     27.403181     27.403181     54.806362
     -2.787788     24.947590     24.947590     49.895180
     -2.777778     22.442904     22.442904     44.885807
     -2.767768     20.109317     20.109317     40.218635
     -2.757758     18.203353     18.203353     36.406707
     -2.747748     16.889360     16.889360     33.778719
     -2.737738     16.177491     16.177491     32.354982
     -2.727728     15.963443     15.963443     31.926886
     -2.717718     16.136094     16.136094     32.272188
     -2.707708     16.672639     16.672639     33.345278
     -2.697698     17.648869     17.648869     35.297738
     -2.687688     19.151958     19.151958     38.303916
     -2.677678     21.155363     21.155363     42.310727
     -2.667668     23.449405     23.449405     46.898810
     -2.657658     25.689454     25.689454     51.378908
     -2.647648     27.544567     27.544567     55.089135
     -2.637638     28.856976     28.856976     57.713953
     -2.627628     29.710089     29.710089     59.420179
     -2.617618     30.361208     30.361208     60.722415
     -2.607608     31.083784     31.083784     62.167569
     -2.597598     32.018260     32.018260     64.036521
     -2.587588     33.112692     33.112692     66.225383
     -2.577578     34.163929     34.163929     68.327858
     -2.567568     34.906197     34.906197     69.812393
     -2.557558     35.084575     35.084575     70.169151
     -2.547548     34.493123     34.493123     68.986246
     -2.537538     33.003763     33.003763     66.007526
     -2.527528     30.617210     30.617210     61.234421
     -2.517518     27.528833     27.528833     55.057666
     -2.507508     24.160500     24.160500     48.320999
     -2.497497     21.106711     21.106711     42.213422
     -2.487487     18.986794     18.986794     37.973589
     -2.477477     18.253486     18.253486     36.506972
     -2.467467     19.041261     19.041261     38.082521
     -2.457457     21.125465     21.125465     42.250931
     -2.447447     24.014629     24.014629     48.029257
     -2.437437     27.139024     27.139024     54.278048
     -2.427427     30.055520     30.055520     60.111040
     -2.417417     32.580040     32.580040     65.160080
     -2.407407     34.788935     34.788935     69.577869
     -2.397397     36.888101     36.888101     73.776203
     -2.387387     39.010332     39.010332     78.020663
     -2.377377     41.040032     41.040032     82.080064
     -2.367367     42.560267     42.560267     85.120534
     -2.357357     42.966116     42.966116     85.932232
     -2.347347     41.708463     41.708463     83.416926
     -2.337337     38.561283     38.561283     77.122567
     -2.327327     33.784696     33.784696     67.569392
     -2.317317     28.103446     28.103446     56.206892
     -2.307307     22.511674     22.511674     45.023349
     -2.297297     17.995348     17.995348     35.990696
     -2.287287     15.287525     15.287525     30.575050
     -2.277277     14.734203     14.734203     29.468406
     -2.267267     16.284583     16.284583     32.569167
     -2.257257     19.571026     19.571026     39.142053
     -2.247247     24.028890     24.028890     48.057779
     -2.237237     29.015917     29.015917     58.031834
     -2.227227     33.907111     33.907111     67.814222
     -2.217217     38.154997     38.154997     76.309994
     -2.207207     41.317939     41.317939     82.635878
     -2.197197     43.071846     43.071846     86.143692
     -2.187187     43.227057     43.227057     86.454113
     -2.177177     41.763078     41.763078     83.526156
     -2.167167     38.868790     38.868790     77.737581
     -2.157157     34.950535     34.950535     69.901070
     -2.147147     30.569240     30.569240     61.138480
     -2.137137     26.301743     26.301743     52.603486
     -2.127127     22.573511     22.573511     45.147022
     -2.117117     19.542071     19.542071     39.084142
     -2.107107     17.093318     17.093318     34.186636
     -2.097097     14.952504     14.952504     29.905008
     -2.087087     12.847867     12.847867     25.695735
     -2.077077     10.640691     10.640691     21.281383
     -2.067067      8.364473      8.364473     16.728946
     -2.057057      6.173652      6.173652     12.347303
     -2.047047      4.248836      4.248836      8.497672
     -2.037037      2.715254      2.715254      5.430507
     -2.027027      1.607814      1.607814      3.215628
     -2.017017      0.882824      0.882824      1.765647
     -2.007007      0.454994      0.454994      0.909989
     -1.996997      0.236203      0.236203      0.472407
     -1.986987      0.162745      0.162745      0.325489
     -1.976977      0.209482      0.209482      0.418964
     -1.966967      0.395079      0.395079      0.790159
     -1.956957      0.781386      0.781386      1.562773
     -1.946947      1.465577      1.465577      2.931154
     -1.936937      2.560504      2.560504      5.121009
     -1.926927      4.160955      4.160955      8.321910
     -1.916917      6.301612      6.301612     12.603225
     -1.906907      8.922498      8.922498     17.844996
     -1.896897     11.861549     11.861549     23.723098
     -1.886887     14.885709     14.885709     29.771418
     -1.876877     17.753246     17.753246     35.506493
     -1.866867     20.281709     20.281709     40.563419
     -1.856857     22.390391     22.390391     44.780783
     -1.846847     24.097513     24.097513     48.195027
     -1.836837     25.473439     25.473439     50.946878
     -1.826827     26.570588     26.570588     53.141176
     -1.816817     27.360794     27.360794     54.721589
     -1.806807     27.709861     27.709861     55.419721
     -1.796797     27.407029     27.407029     54.814058
     -1.786787     26.245039     26.245039     52.490078
     -1.776777     24.120766     24.120766     48.241531
     -1.766767     21.110641     21.110641     42.221283
     -1.756757     17.482094     17.482094     34.964188
     -1.746747     13.632135     13.632135     27.264270
     -1.736737      9.980756      9.980756     19.961513
     -1.726727      6.867748      6.867748     13.735496
     -1.716717      4.495062      4.495062      8.990124
     -1.706707      2.929123      2.929123      5.858246
     -1.696697      2.146393      2.146393      4.292786
     -1.686687      2.087765      2.087765      4.175530
     -1.676677      2.689251      2.689251      5.378501
     -1.666667      3.874073      3.874073      7.748147
     -1.656657      5.515411      5.515411     11.030822
     -1.646647      7.399013      7.399013     14.798026
     -1.636637      9.220769      9.220769     18.441538
     -1.626627     10.640395     10.640395     21.280790
     -1.616617     11.382665     11.382665     22.765331
     -1.606607     11.347544     11.347544     22.695089
     -1.596597     10.678997     10.678997     21.357993
     -1.586587      9.757649      9.757649     19.515299
     -1.576577      9.114924      9.114924     18.229847
     -1.566567      9.295268      9.295268     18.590536
     -1.556557     10.704926     10.704926     21.409852
     -1.546547     13.482907     13.482907     26.965813
     -1.536537     17.424271     17.424271     34.848543
     -1.526527     21.982227     21.982227     43.964455
     -1.516517     26.365585     26.365585     52.731171
     -1.506507     29.722019     29.722019     59.444038
     -1.496496     31.360208     31.360208     62.720416
     -1.486486     30.937192     30.937192     61.874385
     -1.476476     28.543002     28.543002     57.086003
     -1.466466     24.655119     24.655119     49.310237
     -1.456456     19.989072     19.989072     39.978143
     -1.446446     15.308818     15.308818     30.617637
     -1.436436     11.264002     11.264002     22.528005
     -1.426426      8.294373      8.294373     16.588746
     -1.416416      6.604175      6.604175     13.208351
     -1.406406      6.182878      6.182878     12.365757
     -1.396396      6.844954      6.844954     13.689907
     -1.386386      8.276500      8.276500     16.553001
     -1.376376     10.093623     10.093623     20.187246
     -1.366366     11.919398     11.919398     23.838795
     -1.356356     13.469153     13.469153     26.938306
     -1.346346     14.612733     14.612733     29.225467
     -1.336336     15.380142     15.380142     30.760284
     -1.326326     15.903099     15.903099     31.806199
     -1.316316     16.323586     16.323586     32.647173
     -1.306306     16.720616     16.720616     33.441232
     -1.296296     17.089897     17.089897     34.179795
     -1.286286     17.370563     17.370563     34.741126
     -1.276276     17.482914     17.482914     34.965828
     -1.266266     17.345793     17.345793     34.691586
     -1.256256     16.873631     16.873631     33.747262
     -1.246246     15.979010     15.979010     31.958020
     -1.236236     14.601663     14.601663     29.203326
     -1.226226     12.755295     12.755295     25.510590
     -1.216216     10.559077     10.559077     21.118154
     -1.206206      8.225030      8.225030     16.450060
     -1.196196      6.001995      6.001995     12.003989
     -1.186186      4.106209      4.106209      8.212419
     -1.176176      2.675216      2.675216      5.350433
     -1.166166      1.763883      1.763883      3.527767
     -1.156156      1.374648      1.374648      2.749295
     -1.146146      1.496292      1.496292      2.992584
     -1.136136      2.124345      2.124345      4.248691
     -1.126126      3.248782      3.248782      6.497564
     -1.116116      4.813903      4.813903      9.627806
     -1.106106      6.673562      6.673562     13.347125
     -1.096096      8.574070      8.574070     17.148141
     -1.086086     10.189955     10.189955     20.379910
     -1.076076     11.213108     11.213108     22.426217
     -1.066066     11.464156     11.464156     22.928311
     -1.056056     10.975079     10.975079     21.950157
     -1.046046      9.998961      9.998961     19.997921
     -1.036036      8.934550      8.934550     17.869101
     -1.026026      8.192072      8.192072     16.384145
     -1.016016      8.051464      8.051464     16.102929
     -1.006006      8.565353      8.565353     17.130705
     -0.995996      9.540837      9.540837     19.081673
     -0.985986     10.606300     10.606300     21.212601
     -0.975976     11.340154     11.340154     22.680309
     -0.965966     11.414975     11.414975     22.829950
     -0.955956     10.702472     10.702472     21.404943
     -0.945946      9.299810      9.299810     18.599620
     -0.935936      7.472759      7.472759     14.945517
     -0.925926      5.548468      5.548468     11.096935
     -0.915916      3.809288      3.809288      7.618575
     -0.905906      2.429710      2.429710      4.859420
     -0.895896      1.470415      1.470415      2.940829
     -0.885886      0.915548      0.915548      1.831096
     -0.875876      0.725705      0.725705      1.451411
     -0.865866      0.880920      0.880920      1.761840
     -0.855856      1.397760      1.397760      2.795520
     -0.845846      2.315197      2.315197      4.630395
     -0.835836      3.653527      3.653527      7.307055
     -0.825826      5.360997      5.360997     10.721995
     -0.815816      7.272788      7.272788     14.545576
     -0.805806      9.109823      9.109823     18.219647
     -0.795796     10.532796     10.532796     21.065592
     -0.785786     11.240168     11.240168     22.480337
     -0.775776     11.071102     11.071102     22.142204
     -0.765766     10.064604     10.064604     20.129207
     -0.755756      8.444849      8.444849     16.889698
     -0.745746      6.540125      6.540125     13.080250
     -0.735736      4.675486      4.675486      9.350973
     -0.725726      3.087092      3.087092      6.174183
     -0.715716      1.887618      1.887618      3.775235
     -0.705706      1.082812      1.082812      2.165624
     -0.695696      0.618062      0.618062      1.236125
     -0.685686      0.429430      0.429430      0.858860
     -0.675676      0.481511      0.481511      0.963022
     -0.665666      0.784726      0.784726      1.569451
     -0.655656      1.390430      1.390430      2.780860
     -0.645646      2.364181      2.364181      4.728363
     -0.635636      3.740633      3.740633      7.481265
     -0.625626      5.471654      5.471654     10.943308
     -0.615616      7.389675      7.389675     14.779350
     -0.605606      9.211885      9.211885     18.423770
     -0.595596     10.598991     10.598991     21.197982
     -0.585586     11.255599     11.255599     22.511197
     -0.575576     11.032140     11.032140     22.064280
     -0.565566      9.980167      9.980167     19.960335
     -0.555556      8.333026      8.333026     16.666053
     -0.545546      6.421767      6.421767     12.843534
     -0.535536      4.567654      4.567654      9.135307
     -0.525526      2.998601      2.998601      5.997201
     -0.515516      1.816900      1.816900      3.633800
     -0.505506      1.016085      1.016085      2.032170
     -0.495495      0.524465      0.524465      1.048929
     -0.485485      0.249856      0.249856      0.499711
     -0.475475      0.109862      0.109862      0.219725
     -0.465465      0.044586      0.044586      0.089171
     -0.455455      0.016700      0.016700      0.033401
     -0.445445      0.005774      0.005774      0.011547
     -0.435435      0.001843      0.001843      0.003686
     -0.425425      0.000545      0.000545      0.001091
     -0.415415      0.000160      0.000160      0.000320
     -0.405405      0.000090      0.000090      0.000181
     -0.395395      0.000217      0.000217      0.000434
     -0.385385      0.000753      0.000753      0.001506
     -0.375375      0.002498      0.002498      0.004996
     -0.365365      0.007666      0.007666      0.015332
     -0.355355      0.021717      0.021717      0.043434
     -0.345345      0.056784      0.056784      0.113569
     -0.335335      0.137039      0.137039      0.274078
     -0.325325      0.305243      0.305243      0.610486
     -0.315315      0.627529      0.627529      1.255058
     -0.305305      1.190718      1.190718      2.381436
     -0.295295      2.085312      2.085312      4.170624
     -0.285285      3.370698      3.370698      6.741396
     -0.275275      5.028698      5.028698     10.057396
     -0.265265      6.924336      6.924336     13.848671
     -0.255255      8.800098      8.800098     17.600196
     -0.245245     10.322473     10.322473     20.644947
     -0.235235     11.175498     11.175498     22.350995
     -0.225225     11.167008     11.167008     22.334016
     -0.215215     10.298966     10.298966     20.597932
     -0.205205      8.766723      8.766723     17.533446
     -0.195195      6.887598      6.887598     13.775196
     -0.185185      4.994421      4.994421      9.988842
     -0.175175      3.342638      3.342638      6.685276
     -0.165165      2.064811      2.064811      4.129623
     -0.155155      1.177222      1.177222      2.354444
     -0.145145      0.619474      0.619474      1.238948
     -0.135135      0.300867      0.300867      0.601734
     -0.125125      0.134869      0.134869      0.269739
     -0.115115      0.055801      0.055801      0.111601
     -0.105105      0.021308      0.021308      0.042617
     -0.095095      0.007510      0.007510      0.015020
     -0.085085      0.002443      0.002443      0.004886
     -0.075075      0.000734      0.000734      0.001467
     -0.065065      0.000203      0.000203      0.000407
     -0.055055      0.000052      0.000052      0.000104
     -0.045045      0.000012      0.000012      0.000025
     -0.035035      0.000003      0.000003      0.000005
     -0.025025      0.000001      0.000001      0.000001
     -0.015015      0.000000      0.000000      0.000000
     -0.005005      0.000000      0.000000      0.000000
      0.005005      0.000000      0.000000      0.000000
      0.015015      0.000000      0.000000      0.000000
      0.025025      0.000001      0.000001      0.000001
      0.035035      0.000003      0.000003      0.000005
      0.045045      0.000012      0.000012      0.000025
      0.055055      0.000052      0.000052      0.000104
      0.065065      0.000203      0.000203      0.000407
      0.075075      0.000734      0.000734      0.001467
      0.085085      0.002443      0.002443      0.004886
      0.095095      0.007510      0.007510      0.015020
      0.105105      0.021308      0.021308      0.042617
      0.115115      0.055801      0.055801      0.111601
      0.125125      0.134869      0.134869      0.269739
      0.135135      0.300867      0.300867      0.601735
      0.145145      0.619474      0.619474      1.238949
      0.155155      1.177223      1.177223      2.354445
      0.165165      2.064813      2.064813      4.129625
      0.175175      3.342640      3.342640      6.685279
      0.185185      4.994423      4.994423      9.988846
      0.195195      6.887600      6.887600     13.775200
      0.205205      8.766725      8.766725     17.533450
      0.215215     10.298967     10.298967     20.597935
      0.225225     11.167008     11.167008     22.334017
      0.235235     11.175497     11.175497     22.350995
      0.245245     10.322472     10.322472     20.644944
      0.255255      8.800096      8.800096     17.600193
      0.265265      6.924334      6.924334     13.848667
      0.275275      5.028696      5.028696     10.057392
      0.285285      3.370697      3.370697      6.741393
      0.295295      2.085311      2.085311      4.170621
      0.305305      1.190717      1.190717      2.381435
      0.315315      0.627529      0.627529      1.255057
      0.325325      0.305243      0.305243      0.610485
      0.335335      0.137039      0.137039      0.274078
      0.345345      0.056784      0.056784      0.113569
      0.355355      0.021717      0.021717      0.043434
      0.365365      0.007666      0.007666      0.015332
      0.375375      0.002498      0.002498      0.004996
      0.385385      0.000754      0.000754      0.001508
      0.395395      0.000222      0.000222      0.000443
      0.405405      0.000109      0.000109      0.000219
      0.415415      0.000230      0.000230      0.000461
      0.425425      0.000785      0.000785      0.001570
      0.435435      0.002595      0.002595      0.005190
      0.445445      0.007943      0.007943      0.015886
      0.455455      0.022442      0.022442      0.044885
      0.465465      0.058526      0.058526      0.117053
      0.475475      0.140872      0.140872      0.281743
      0.485485      0.312954      0.312954      0.625909
      0.495495      0.641690      0.641690      1.283381
      0.505506      1.214387      1.214387      2.428774
      0.515516      2.121169      2.121169      4.242339
      0.525526      3.419641      3.419641      6.839282
      0.535536      5.088298      5.088298     10.176596
      0.545546      6.987978      6.987978     13.975955
      0.555556      8.857630      8.857630     17.715260
      0.565566     10.362659     10.362659     20.725319
      0.575576     11.189606     11.189606     22.379213
      0.585586     11.152095     11.152095     22.304191
      0.595596     10.259505     10.259505     20.519011
      0.605606      8.714373      8.714373     17.428746
      0.615616      6.840634      6.840634     13.681269
      0.625626      4.979816      4.979816      9.959632
      0.635636      3.404172      3.404172      6.808343
      0.645646      2.279408      2.279408      4.558815
      0.655656      1.678445      1.678445      3.356890
      0.665666      1.621595      1.621595      3.243189
      0.675676      2.110099      2.110099      4.220199
      0.685686      3.129903      3.129903      6.259807
      0.695696      4.623373      4.623373      9.246745
      0.705706      6.448693      6.448693     12.897386
      0.715716      8.359753      8.359753     16.719505
      0.725726     10.035148     10.035148     20.070296
      0.735736     11.161697     11.161697     22.323395
      0.745746     11.545131     11.545131     23.090262
      0.755756     11.197482     11.197482     22.394963
      0.765766     10.353684     10.353684     20.707367
      0.775776      9.400126      9.400126     18.800253
      0.785786      8.738913      8.738913     17.477826
      0.795796      8.641029      8.641029     17.282057
      0.805806      9.146243      9.146243     18.292486
      0.815816     10.048380     10.048380     20.096759
      0.825826     10.971568     10.971568     21.943136
      0.835836     11.508184     11.508184     23.016367
      0.845846     11.364420     11.364420     22.728840
      0.855856     10.455856     10.455856     20.911712
      0.865866      8.917731      8.917731     17.835462
      0.875876      7.034072      7.034072     14.068144
      0.885886      5.125596      5.125596     10.251191
      0.895896      3.448662      3.448662      6.897323
      0.905906      2.142041      2.142041      4.284081
      0.915916      1.228113      1.228113      2.456227
      0.925926      0.650013      0.650013      1.300026
      0.935936      0.317921      0.317921      0.635843
      0.945946      0.144815      0.144815      0.289630
      0.955956      0.064959      0.064959      0.129919
      0.965966      0.038620      0.038620      0.077239
      0.975976      0.050370      0.050370      0.100740
      0.985986      0.107320      0.107320      0.214639
      0.995996      0.240100      0.240100      0.480199
      1.006006      0.505395      0.505395      1.010791
      1.016016      0.985040      0.985040      1.970080
      1.026026      1.774613      1.774613      3.549225
      1.036036      2.956426      2.956426      5.912852
      1.046046      4.559644      4.559644      9.119288
      1.056056      6.522251      6.522251     13.044503
      1.066066      8.678262      8.678262     17.356524
      1.076076     10.788992     10.788992     21.577985
      1.086086     12.615747     12.615747     25.231495
      1.096096     14.002858     14.002858     28.005716
      1.106106     14.925748     14.925748     29.851496
      1.116116     15.474610     15.474610     30.949220
      1.126126     15.784664     15.784664     31.569328
      1.136136     15.960270     15.960270     31.920540
      1.146146     16.042520     16.042520     32.085040
      1.156156     16.034021     16.034021     32.068042
      1.166166     15.948811     15.948811     31.897621
      1.176176     15.838130     15.838130     31.676259
      1.186186     15.768579     15.768579     31.537158
      1.196196     15.774567     15.774567     31.549135
      1.206206     15.831022     15.831022     31.662045
      1.216216     15.873372     15.873372     31.746745
      1.226226     15.847349     15.847349     31.694697
      1.236236     15.742075     15.742075     31.484150
      1.246246     15.573426     15.573426     31.146852
      1.256256     15.329584     15.329584     30.659169
      1.266266     14.927552     14.927552     29.855105
      1.276276     14.225421     14.225421     28.450842
      1.286286     13.093272     13.093272     26.186544
      1.296296     11.500472     11.500472     23.000943
      1.306306      9.564827      9.564827     19.129655
      1.316316      7.536849      7.536849     15.073698
      1.326326      5.735461      5.735461     11.470922
      1.336336      4.476328      4.476328      8.952657
      1.346346      4.025303      4.025303      8.050607
      1.356356      4.579489      4.579489      9.158979
      1.366366      6.253359      6.253359     12.506719
      1.376376      9.046945      9.046945     18.093891
      1.386386     12.796979     12.796979     25.593958
      1.396396     17.141126     17.141126     34.282252
      1.406406     21.535848     21.535848     43.071696
      1.416416     25.347730     25.347730     50.695460
      1.426426     27.996905     27.996905     55.993810
      1.436436     29.097572     29.097572     58.195144
      1.446446     28.539255     28.539255     57.078509
      1.456456     26.484482     26.484482     52.968964
      1.466466     23.299998     23.299998     46.599995
      1.476476     19.461426     19.461426     38.922851
      1.486486     15.466301     15.466301     30.932602
      1.496496     11.770626     11.770626     23.541253
      1.506507      8.748255      8.748255     17.496510
      1.516517      6.667420      6.667420     13.334840
      1.526527      5.679452      5.679452     11.358904
      1.536537      5.815215      5.815215     11.630431
      1.546547      6.985901      6.985901     13.971802
      1.556557      8.989714      8.989714     17.979427
      1.566567     11.532372     11.532372     23.064743
      1.576577     14.269675     14.269675     28.539351
      1.586587     16.870738     16.870738     33.741475
      1.596597     19.086676     19.086676     38.173351
      1.606607     20.802708     20.802708     41.605416
      1.616617     22.056865     22.056865     44.113731
      1.626627     23.020488     23.020488     46.040977
      1.636637     23.945256     23.945256     47.890511
      1.646647     25.086265     25.086265     50.172530
      1.656657     26.615733     26.615733     53.231466
      1.666667     28.550759     28.550759     57.101518
      1.676677     30.725586     30.725586     61.451172
      1.686687     32.832107     32.832107     65.664215
      1.696697     34.525723     34.525723     69.051445
      1.706707     35.555982     35.555982     71.111965
      1.716717     35.856006     35.856006     71.712012
      1.726727     35.535652     35.535652     71.071304
      1.736737     34.775771     34.775771     69.551541
      1.746747     33.687383     33.687383     67.374765
      1.756757     32.232817     32.232817     64.465634
      1.766767     30.273125     30.273125     60.546250
      1.776777     27.722161     27.722161     55.444322
      1.786787     24.709811     24.709811     49.419622
      1.796797     21.641835     21.641835     43.283669
      1.806807     19.102444     19.102444     38.204887
      1.816817     17.636950     17.636950     35.273900
      1.826827     17.517641     17.517641     35.035283
      1.836837     18.603795     18.603795     37.207590
      1.846847     20.361851     20.361851     40.723701
      1.856857     22.042080     22.042080     44.084161
      1.866867     22.943338     22.943338     45.886677
      1.876877     22.660612     22.660612     45.321224
      1.886887     21.215657     21.215657     42.431315
      1.896897     19.019733     19.019733     38.039467
      1.906907     16.690392     16.690392     33.380783
      1.916917     14.807553     14.807553     29.615106
      1.926927     13.716804     13.716804     27.433608
      1.936937     13.459724     13.459724     26.919449
      1.946947     13.847181     13.847181     27.694361
      1.956957     14.622540     14.622540     29.245081
      1.966967     15.619883     15.619883     31.239766
      1.976977     16.828570     16.828570     33.657140
      1.986987     18.330126     18.330126     36.660253
      1.996997     20.150687     20.150687     40.301375
      2.007007     22.128798     22.128798     44.257597
      2.017017     23.895886     23.895886     47.791771
      2.027027     25.000035     25.000035     50.000070
      2.037037     25.110857     25.110857     50.221715
      2.047047     24.184972     24.184972     48.369944
      2.057057     22.489833     22.489833     44.979666
      2.067067     20.469123     20.469123     40.938245
      2.077077     18.529497     18.529497     37.058994
      2.087087     16.872525     16.872525     33.745051
      2.097097     15.461181     15.461181     30.922362
      2.107107     14.124871     14.124871     28.249741
      2.117117     12.728677     12.728677     25.457355
      2.127127     11.307314     11.307314     22.614629
      2.137137     10.098021     10.098021     20.196041
      2.147147      9.468154      9.468154     18.936308
      2.157157      9.782278      9.782278     19.564556
      2.167167     11.268172     11.268172     22.536343
      2.177177     13.926040     13.926040     27.852079
      2.187187     17.499421     17.499421     34.998842
      2.197197     21.506257     21.506257     43.012513
      2.207207     25.319100     25.319100     50.638199
      2.217217     28.280218     28.280218     56.560436
      2.227227     29.833603     29.833603     59.667207
      2.237237     29.648567     29.648567     59.297133
      2.247247     27.702238     27.702238     55.404476
      2.257257     24.290043     24.290043     48.580087
      2.267267     19.951731     19.951731     39.903462
      2.277277     15.332571     15.332571     30.665141
      2.287287     11.028770     11.028770     22.057540
      2.297297      7.474041      7.474041     14.948081
      2.307307      4.903846      4.903846      9.807692
      2.317317      3.396764      3.396764      6.793527
      2.327327      2.959382      2.959382      5.918763
      2.337337      3.607495      3.607495      7.214990
      2.347347      5.403992      5.403992     10.807984
      2.357357      8.434781      8.434781     16.869563
      2.367367     12.729043     12.729043     25.458085
      2.377377     18.152544     18.152544     36.305087
      2.387387     24.318261     24.318261     48.636522
      2.397397     30.561921     30.561921     61.123843
      2.407407     36.015973     36.015973     72.031946
      2.417417     39.782633     39.782633     79.565265
      2.427427     41.163133     41.163133     82.326266
      2.437437     39.864876     39.864876     79.729752
      2.447447     36.102860     36.102860     72.205720
      2.457457     30.547433     30.547433     61.094866
      2.467467     24.134710     24.134710     48.269420
      2.477477     17.816008     17.816008     35.632016
      2.487487     12.344613     12.344613     24.689226
      2.497497      8.170825      8.170825     16.341650
      2.507508      5.458132      5.458132     10.916264
      2.517518      4.178968      4.178968      8.357936
      2.527528      4.224713      4.224713      8.449426
      2.537538      5.476368      5.476368     10.952735
      2.547548      7.815639      7.815639     15.631279
      2.557558     11.090305     11.090305     22.180609
      2.567568     15.067312     15.067312     30.134623
      2.577578     19.407422     19.407422     38.814844
      2.587588     23.681306     23.681306     47.362612
      2.597598     27.428421     27.428421     54.856842
      2.607608     30.244396     30.244396     60.488791
      2.617618     31.872372     31.872372     63.744743
      2.627628     32.269034     32.269034     64.538068
      2.637638     31.619511     31.619511     63.239021
      2.647648     30.291107     30.291107     60.582214
      2.657658     28.741317     28.741317     57.482635
      2.667668     27.416818     27.416818     54.833636
      2.677678     26.681016     26.681016     53.362033
      2.687688     26.785397     26.785397     53.570795
      2.697698     27.870763     27.870763     55.741525
      2.707708     29.970131     29.970131     59.940263
      2.717718     32.994087     32.994087     65.988175
      2.727728     36.702131     36.702131     73.404261
      2.737738     40.683869     40.683869     81.367739
      2.747748     44.381123     44.381123     88.762246
      2.757758     47.172713     47.172713     94.345426
      2.767768     48.518154     48.518154     97.036309
      2.777778     48.120703     48.120703     96.241407
      2.787788     46.041877     46.041877     92.083753
      2.797798     42.702391     42.702391     85.404782
      2.807808     38.749282     38.749282     77.498564
      2.817818     34.836615     34.836615     69.673230
      2.827828     31.416207     31.416207     62.832415
      2.837838     28.631439     28.631439     57.262879
      2.847848     26.352588     26.352588     52.705176
      2.857858     24.320673     24.320673     48.641346
      2.867868     22.319429     22.319429     44.638858
      2.877878     20.292160     20.292160     40.584319
      2.887888     18.355836     18.355836     36.711672
      2.897898     16.717659     16.717659     33.435317
      2.907908     15.545966     15.545966     31.091932
      2.917918     14.868198     14.868198     29.736396
      2.927928     14.552582     14.552582     29.105164
      2.937938     14.382347     14.382347     28.764694
      2.947948     14.175992     14.175992     28.351985
      2.957958     13.878058     13.878058     27.756116
      2.967968     13.562858     13.562858     27.125716
      2.977978     13.349614     13.349614     26.699227
      2.987988     13.285361     13.285361     26.570721
      2.997998     13.273167     13.273167     26.546334
      3.008008     13.093520     13.093520     26.187041
      3.018018     12.506900     12.506900     25.013800
      3.028028     11.376022     11.376022     22.752044
      3.038038      9.738459      9.738459     19.476918
      3.048048      7.795573      7.795573     15.591146
      3.058058      5.834786      5.834786     11.669573
      3.068068      4.135025      4.135025      8.270050
      3.078078      2.902720      2.902720      5.805440
      3.088088      2.256420      2.256420      4.512839
      3.098098      2.245118      2.245118      4.490237
      3.108108      2.869393      2.869393      5.738786
      3.118118      4.081845      4.081845      8.163691
      3.128128      5.766585      5.766585     11.533170
      3.138138      7.721135      7.721135     15.442269
      3.148148      9.672590      9.672590     19.345181
      3.158158     11.344762     11.344762     22.689523
      3.168168     12.559733     12.559733     25.119466
      3.178178     13.325234     13.325234     26.650469
      3.188188     13.851839     13.851839     27.703678
      3.198198     14.472233     14.472233     28.944467
      3.208208     15.486262     15.486262     30.972524
      3.218218     17.000290     17.000290     34.000580
      3.228228     18.839719     18.839719     37.679439
      3.238238     20.581634     20.581634     41.163268
      3.248248     21.697720     21.697720     43.395440
      3.258258     21.746063     21.746063     43.492126
      3.268268     20.529931     20.529931     41.059863
      3.278278     18.160413     18.160413     36.320825
      3.288288     15.005906     15.005906     30.011812
      3.298298     11.560760     11.560760     23.121520
      3.308308      8.294194      8.294194     16.588389
      3.318318      5.538162      5.538162     11.076323
      3.328328      3.445257      3.445257      6.890515
      3.338338      2.013193      2.013193      4.026387
      3.348348      1.148502      1.148502      2.297003
      3.358358      0.736772      0.736772      1.473544
      3.368368      0.695484      0.695484      1.390969
      3.378378      0.998251      0.998251      1.996501
      3.388388      1.668519      1.668519      3.337037
      3.398398      2.746029      2.746029      5.492057
      3.408408      4.234885      4.234885      8.469770
      3.418418      6.050909      6.050909     12.101819
      3.428428      7.994293      7.994293     15.988586
      3.438438      9.772215      9.772215     19.544430
      3.448448     11.078046     11.078046     22.156092
      3.458458     11.703367     11.703367     23.406734
      3.468468     11.633319     11.633319     23.266638
      3.478478     11.073920     11.073920     22.147840
      3.488488     10.388156     10.388156     20.776312
      3.498498      9.962435      9.962435     19.924871
      3.508509     10.061358     10.061358     20.122717
      3.518519     10.736347     10.736347     21.472694
      3.528529     11.828127     11.828127     23.656254
      3.538539     13.057015     13.057015     26.114030
      3.548549     14.151215     14.151215     28.302429
      3.558559     14.945272     14.945272     29.890544
      3.568569     15.400609     15.400609     30.801218
      3.578579     15.548811     15.548811     31.097622
      3.588589     15.406613     15.406613     30.813227
      3.598599     14.926659     14.926659     29.853319
      3.608609     14.018786     14.018786     28.037572
      3.618619     12.624242     12.624242     25.248484
      3.628629     10.788523     10.788523     21.577047
      3.638639      8.682947      8.682947     17.365894
      3.648649      6.563533      6.563533     13.127065
      3.658659      4.696903      4.696903      9.393806
      3.668669      3.297945      3.297945      6.595889
      3.678679      2.507375      2.507375      5.014750
      3.688689      2.406114      2.406114      4.812228
      3.698699      3.040346      3.040346      6.080692
      3.708709      4.428908      4.428908      8.857815
      3.718719      6.540954      6.540954     13.081909
      3.728729      9.254758      9.254758     18.509517
      3.738739     12.324620     12.324620     24.649239
      3.748749     15.383505     15.383505     30.767011
      3.758759     17.994086     17.994086     35.988173
      3.768769     19.738389     19.738389     39.476779
      3.778779     20.317935     20.317935     40.635870
      3.788789     19.630321     19.630321     39.260642
      3.798799     17.795917     17.795917     35.591835
      3.808809     15.125267     15.125267     30.250535
      3.818819     12.037611     12.037611     24.075221
      3.828829      8.957271      8.957271     17.914542
      3.838839      6.221484      6.221484     12.442968
      3.848849      4.026952      4.026952      8.053904
      3.858859      2.425193      2.425193      4.850387
      3.868869      1.357132      1.357132      2.714264
      3.878879      0.705200      0.705200      1.410400
      3.888889      0.341259      0.341259      0.682519
      3.898899      0.157843      0.157843      0.315686
      3.908909      0.081509      0.081509      0.163017
      3.918919      0.074459      0.074459      0.148918
      3.928929      0.132206      0.132206      0.264412
      3.938939      0.282302      0.282302      0.564603
      3.948949      0.584388      0.584388      1.168777
      3.958959      1.127203      1.127203      2.254405
      3.968969      2.015885      2.015885      4.031770
      3.978979      3.345311      3.345311      6.690621
      3.988989      5.163160      5.163160     10.326321
      3.998999      7.437083      7.437083     14.874166
      4.009009     10.045756     10.045756     20.091512
      4.019019     12.805921     12.805921     25.611842
      4.029029     15.526528     15.526528     31.053056
      4.039039     18.059639     18.059639     36.119278
      4.049049     20.314353     20.314353     40.628706
      4.059059     22.223247     22.223247     44.446494
      4.069069     23.687730     23.687730     47.375460
      4.079079     24.551160     24.551160     49.102320
      4.089089     24.635675     24.635675     49.271350
      4.099099     23.835644     23.835644     47.671287
      4.109109     22.216571     22.216571     44.433142
      4.119119     20.054689     20.054689     40.109377
      4.129129     17.780168     17.780168     35.560337
      4.139139     15.839752     15.839752     31.679503
      4.149149     14.541345     14.541345     29.082690
      4.159159     13.956730     13.956730     27.913459
      4.169169     13.930555     13.930555     27.861110
      4.179179     14.188433     14.188433     28.376867
      4.189189     14.484292     14.484292     28.968583
      4.199199     14.707775     14.707775     29.415550
      4.209209     14.899268     14.899268     29.798536
      4.219219     15.177342     15.177342     30.354683
      4.229229     15.634372     15.634372     31.268745
      4.239239     16.267300     16.267300     32.534600
      4.249249     16.977166     16.977166     33.954332
      4.259259     17.621286     17.621286     35.242573
      4.269269     18.073843     18.073843     36.147685
      4.279279     18.260950     18.260950     36.521899
      4.289289     18.167534     18.167534     36.335067
      4.299299     17.833350     17.833350     35.666701
      4.309309     17.348804     17.348804     34.697607
      4.319319     16.842843     16.842843     33.685687
      4.329329     16.451758     16.451758     32.903515
      4.339339     16.276920     16.276920     32.553841
      4.349349     16.360449     16.360449     32.720897
      4.359359     16.702238     16.702238     33.404476
      4.369369     17.306817     17.306817     34.613634
      4.379379     18.213463     18.213463     36.426926
      4.389389     19.464800     19.464800     38.929601
      4.399399     21.015607     21.015607     42.031215
      4.409409     22.641617     22.641617     45.283233
      4.419419     23.928509     23.928509     47.857018
      4.429429     24.380374     24.380374     48.760748
      4.439439     23.609049     23.609049     47.218098
      4.449449     21.506730     21.506730     43.013459
      4.459459     18.307708     18.307708     36.615417
      4.469469     14.508866     14.508866     29.017731
      4.479479     10.697542     10.697542     21.395084
      4.489489      7.377936      7.377936     14.755872
      4.499499      4.872275      4.872275      9.744551
      4.509510      3.319882      3.319882      6.639764
      4.519520      2.744074      2.744074      5.488148
      4.529530      3.131847      3.131847      6.263695
      4.539540      4.478972      4.478972      8.957944
      4.549550      6.780737      6.780737     13.561474
      4.559560      9.979196      9.979196     19.958392
      4.569570     13.899111     13.899111     27.798221
      4.579580     18.210421     18.210421     36.420841
      4.589590     22.444223     22.444223     44.888446
      4.599600     26.067071     26.067071     52.134143
      4.609610     28.594934     28.594934     57.189869
      4.619620     29.712952     29.712952     59.425904
      4.629630     29.364223     29.364223     58.728446
      4.639640     27.778152     27.778152     55.556304
      4.649650     25.423281     25.423281     50.846561
      4.659660     22.890011     22.890011     45.780022
      4.669670     20.733126     20.733126     41.466251
      4.679680     19.323953     19.323953     38.647905
      4.689690     18.763932     18.763932     37.527864
      4.699700     18.888279     18.888279     37.776559
      4.709710     19.350064     19.350064     38.700128
      4.719720     19.744116     19.744116     39.488233
      4.729730     19.724924     19.724924     39.449849
      4.739740     19.091175     19.091175     38.182351
      4.749750     17.832344     17.832344     35.664688
      4.759760     16.141383     16.141383     32.282765
      4.769770     14.391462     14.391462     28.782924
      4.779780     13.068658     13.068658     26.137317
      4.789790     12.660550     12.660550     25.321100
      4.799800     13.522774     13.522774     27.045548
      4.809810     15.767778     15.767778     31.535556
      4.819820     19.224757     19.224757     38.449515
      4.829830     23.496841     23.496841     46.993681
      4.839840     28.095708     28.095708     56.191416
      4.849850     32.588167     32.588167     65.176335
      4.859860     36.676468     36.676468     73.352936
      4.869870     40.173484     40.173484     80.346967
      4.879880     42.906814     42.906814     85.813629
      4.889890     44.639830     44.639830     89.279660
      4.899900     45.085855     45.085855     90.171710
      4.909910     44.017943     44.017943     88.035885
      4.919920     41.399330     41.399330     82.798659
      4.929930     37.442314     37.442314     74.884628
      4.939940     32.557532     32.557532     65.115064
      4.949950     27.232039     27.232039     54.464077
      4.959960     21.911028     21.911028     43.822056
      4.969970     16.934788     16.934788     33.869576
      4.979980     12.531796     12.531796     25.063593
      4.989990      8.836545      8.836545     17.673090
      5.000000      5.904285      5.904285     11.808570
