# EIG2DOS: Utility for SIESTA to obtain the electronic density of states
#  E. Artacho, Apr 1999, A. Garcia, Apr 2012
#  Nick R. Papior, Feb 2017
# ------------------------------------------
# Eigenvalues calculated from a non-polarized calculation
# Eigenvalues read from siesta.EIG
# Kpoint weights read from siesta.KP
# Using smearing parameter:   0.0500
# Using 1000 points in the energy range
# Selected bands: 1 to: 2981
# Emin, Emax in file for selected band(s):    -27.2783725    218.3702840
# Nbands, Nspin, Nk   =   2981     1     1
# E_F                 =    -4.2330 eV --> (shifted to ZERO)
# Broadening          =     0.0500 eV
#
#        E            N(up)  (=)   N(down)         Ntot
     -5.000000     36.051484     36.051484     72.102968
     -4.989990     39.708055     39.708055     79.416110
     -4.979980     42.460941     42.460941     84.921881
     -4.969970     43.899815     43.899815     87.799630
     -4.959960     43.815102     43.815102     87.630205
     -4.949950     42.264887     42.264887     84.529774
     -4.939940     39.571700     39.571700     79.143400
     -4.929930     36.267091     36.267091     72.534182
     -4.919920     33.015936     33.015936     66.031871
     -4.909910     30.538848     30.538848     61.077695
     -4.899900     29.523266     29.523266     59.046532
     -4.889890     30.498875     30.498875     60.997751
     -4.879880     33.672937     33.672937     67.345873
     -4.869870     38.771492     38.771492     77.542983
     -4.859860     44.977197     44.977197     89.954395
     -4.849850     51.048370     51.048370    102.096740
     -4.839840     55.629965     55.629965    111.259929
     -4.829830     57.659975     57.659975    115.319950
     -4.819820     56.702856     56.702856    113.405713
     -4.809810     53.059852     53.059852    106.119705
     -4.799800     47.611786     47.611786     95.223572
     -4.789790     41.480175     41.480175     82.960350
     -4.779780     35.668285     35.668285     71.336571
     -4.769770     30.825878     30.825878     61.651755
     -4.759760     27.194839     27.194839     54.389677
     -4.749750     24.700480     24.700480     49.400959
     -4.739740     23.105677     23.105677     46.211353
     -4.729730     22.150633     22.150633     44.301266
     -4.719720     21.635527     21.635527     43.271053
     -4.709710     21.439334     21.439334     42.878669
     -4.699700     21.493419     21.493419     42.986837
     -4.689690     21.741614     21.741614     43.483228
     -4.679680     22.118987     22.118987     44.237975
     -4.669670     22.568260     22.568260     45.136520
     -4.659660     23.090161     23.090161     46.180322
     -4.649650     23.801101     23.801101     47.602202
     -4.639640     24.958166     24.958166     49.916332
     -4.629630     26.914325     26.914325     53.828651
     -4.619620     29.990486     29.990486     59.980971
     -4.609610     34.294245     34.294245     68.588490
     -4.599600     39.561753     39.561753     79.123506
     -4.589590     45.118116     45.118116     90.236232
     -4.579580     50.016677     50.016677    100.033354
     -4.569570     53.333336     53.333336    106.666673
     -4.559560     54.502736     54.502736    109.005472
     -4.549550     53.545197     53.545197    107.090394
     -4.539540     51.074925     51.074925    102.149850
     -4.529530     48.079783     48.079783     96.159566
     -4.519520     45.565801     45.565801     91.131601
     -4.509510     44.213374     44.213374     88.426748
     -4.499499     44.176328     44.176328     88.352655
     -4.489489     45.085278     45.085278     90.170557
     -4.479479     46.230040     46.230040     92.460079
     -4.469469     46.830841     46.830841     93.661682
     -4.459459     46.288940     46.288940     92.577880
     -4.449449     44.335433     44.335433     88.670866
     -4.439439     41.053332     41.053332     82.106665
     -4.429429     36.802603     36.802603     73.605206
     -4.419419     32.105284     32.105284     64.210568
     -4.409409     27.539517     27.539517     55.079034
     -4.399399     23.659566     23.659566     47.319133
     -4.389389     20.929637     20.929637     41.859275
     -4.379379     19.654518     19.654518     39.309036
     -4.369369     19.911571     19.911571     39.823141
     -4.359359     21.515593     21.515593     43.031187
     -4.349349     24.053513     24.053513     48.107026
     -4.339339     26.998850     26.998850     53.997700
     -4.329329     29.871891     29.871891     59.743782
     -4.319319     32.380963     32.380963     64.761926
     -4.309309     34.484814     34.484814     68.969629
     -4.299299     36.352485     36.352485     72.704970
     -4.289289     38.241297     38.241297     76.482593
     -4.279279     40.341920     40.341920     80.683840
     -4.269269     42.645383     42.645383     85.290766
     -4.259259     44.879084     44.879084     89.758167
     -4.249249     46.544588     46.544588     93.089176
     -4.239239     47.064441     47.064441     94.128881
     -4.229229     46.002305     46.002305     92.004609
     -4.219219     43.272857     43.272857     86.545713
     -4.209209     39.238504     39.238504     78.477009
     -4.199199     34.627721     34.627721     69.255441
     -4.189189     30.296018     30.296018     60.592036
     -4.179179     26.936044     26.936044     53.872088
     -4.169169     24.872286     24.872286     49.744571
     -4.159159     24.029293     24.029293     48.058586
     -4.149149     24.070762     24.070762     48.141525
     -4.139139     24.624549     24.624549     49.249097
     -4.129129     25.475930     25.475930     50.951860
     -4.119119     26.635612     26.635612     53.271224
     -4.109109     28.252713     28.252713     56.505426
     -4.099099     30.419631     30.419631     60.839261
     -4.089089     32.975892     32.975892     65.951784
     -4.079079     35.431922     35.431922     70.863844
     -4.069069     37.082736     37.082736     74.165471
     -4.059059     37.280222     37.280222     74.560443
     -4.049049     35.734558     35.734558     71.469116
     -4.039039     32.685199     32.685199     65.370397
     -4.029029     28.847226     28.847226     57.694452
     -4.019019     25.162305     25.162305     50.324610
     -4.009009     22.485900     22.485900     44.971800
     -3.998999     21.360414     21.360414     42.720828
     -3.988989     21.954578     21.954578     43.909157
     -3.978979     24.147131     24.147131     48.294261
     -3.968969     27.665981     27.665981     55.331963
     -3.958959     32.196806     32.196806     64.393613
     -3.948949     37.429367     37.429367     74.858733
     -3.938939     43.065739     43.065739     86.131479
     -3.928929     48.830294     48.830294     97.660587
     -3.918919     54.493642     54.493642    108.987283
     -3.908909     59.885388     59.885388    119.770775
     -3.898899     64.861946     64.861946    129.723892
     -3.888889     69.226644     69.226644    138.453287
     -3.878879     72.645073     72.645073    145.290145
     -3.868869     74.621639     74.621639    149.243277
     -3.858859     74.582847     74.582847    149.165694
     -3.848849     72.058719     72.058719    144.117437
     -3.838839     66.896613     66.896613    133.793227
     -3.828829     59.413457     59.413457    118.826914
     -3.818819     50.409102     50.409102    100.818204
     -3.808809     41.018335     41.018335     82.036670
     -3.798799     32.445691     32.445691     64.891382
     -3.788789     25.673683     25.673683     51.347366
     -3.778779     21.240880     21.240880     42.481759
     -3.768769     19.153600     19.153600     38.307200
     -3.758759     18.944448     18.944448     37.888896
     -3.748749     19.846409     19.846409     39.692818
     -3.738739     21.026314     21.026314     42.052627
     -3.728729     21.815991     21.815991     43.631981
     -3.718719     21.886597     21.886597     43.773194
     -3.708709     21.325556     21.325556     42.651111
     -3.698699     20.594854     20.594854     41.189709
     -3.688689     20.375115     20.375115     40.750230
     -3.678679     21.331072     21.331072     42.662143
     -3.668669     23.864455     23.864455     47.728911
     -3.658659     27.936736     27.936736     55.873473
     -3.648649     33.032065     33.032065     66.064131
     -3.638639     38.284537     38.284537     76.569075
     -3.628629     42.727648     42.727648     85.455295
     -3.618619     45.569962     45.569962     91.139925
     -3.608609     46.392191     46.392191     92.784382
     -3.598599     45.204510     45.204510     90.409019
     -3.588589     42.371637     42.371637     84.743273
     -3.578579     38.463391     38.463391     76.926781
     -3.568569     34.095114     34.095114     68.190227
     -3.558559     29.796646     29.796646     59.593293
     -3.548549     25.922534     25.922534     51.845068
     -3.538539     22.609654     22.609654     45.219307
     -3.528529     19.792811     19.792811     39.585621
     -3.518519     17.282047     17.282047     34.564093
     -3.508509     14.880353     14.880353     29.760707
     -3.498498     12.494878     12.494878     24.989757
     -3.488488     10.192792     10.192792     20.385584
     -3.478478      8.180295      8.180295     16.360590
     -3.468468      6.720927      6.720927     13.441854
     -3.458458      6.032453      6.032453     12.064907
     -3.448448      6.201029      6.201029     12.402058
     -3.438438      7.137299      7.137299     14.274598
     -3.428428      8.586132      8.586132     17.172263
     -3.418418     10.192965     10.192965     20.385931
     -3.408408     11.617647     11.617647     23.235294
     -3.398398     12.666518     12.666518     25.333035
     -3.388388     13.394404     13.394404     26.788807
     -3.378378     14.127248     14.127248     28.254496
     -3.368368     15.381958     15.381958     30.763916
     -3.358358     17.701777     17.701777     35.403554
     -3.348348     21.459844     21.459844     42.919688
     -3.338338     26.693299     26.693299     53.386598
     -3.328328     33.016620     33.016620     66.033241
     -3.318318     39.640427     39.640427     79.280854
     -3.308308     45.501784     45.501784     91.003568
     -3.298298     49.491568     49.491568     98.983135
     -3.288288     50.735075     50.735075    101.470150
     -3.278278     48.847898     48.847898     97.695796
     -3.268268     44.073459     44.073459     88.146919
     -3.258258     37.236977     37.236977     74.473953
     -3.248248     29.521945     29.521945     59.043891
     -3.238238     22.152711     22.152711     44.305422
     -3.228228     16.102146     16.102146     32.204292
     -3.218218     11.916470     11.916470     23.832940
     -3.208208      9.683617      9.683617     19.367235
     -3.198198      9.113688      9.113688     18.227377
     -3.188188      9.680182      9.680182     19.360363
     -3.178178     10.782940     10.782940     21.565881
     -3.168168     11.909821     11.909821     23.819641
     -3.158158     12.773644     12.773644     25.547289
     -3.148148     13.389194     13.389194     26.778387
     -3.138138     14.053703     14.053703     28.107407
     -3.128128     15.218984     15.218984     30.437967
     -3.118118     17.287828     17.287828     34.575656
     -3.108108     20.408132     20.408132     40.816264
     -3.098098     24.350747     24.350747     48.701494
     -3.088088     28.530760     28.530760     57.061519
     -3.078078     32.174433     32.174433     64.348866
     -3.068068     34.568925     34.568925     69.137851
     -3.058058     35.290183     35.290183     70.580367
     -3.048048     34.311307     34.311307     68.622613
     -3.038038     31.951773     31.951773     63.903547
     -3.028028     28.708784     28.708784     57.417568
     -3.018018     25.068664     25.068664     50.137327
     -3.008008     21.393960     21.393960     42.787921
     -2.997998     17.924463     17.924463     35.848926
     -2.987988     14.858580     14.858580     29.717160
     -2.977978     12.441652     12.441652     24.883303
     -2.967968     10.997829     10.997829     21.995658
     -2.957958     10.884040     10.884040     21.768080
     -2.947948     12.385832     12.385832     24.771665
     -2.937938     15.596097     15.596097     31.192195
     -2.927928     20.320406     20.320406     40.640813
     -2.917918     26.046642     26.046642     52.093284
     -2.907908     32.004501     32.004501     64.009002
     -2.897898     37.317266     37.317266     74.634533
     -2.887888     41.213194     41.213194     82.426387
     -2.877878     43.229402     43.229402     86.458805
     -2.867868     43.328960     43.328960     86.657921
     -2.857858     41.876915     41.876915     83.753830
     -2.847848     39.478367     39.478367     78.956735
     -2.837838     36.745009     36.745009     73.490017
     -2.827828     34.091731     34.091731     68.183462
     -2.817818     31.650292     31.650292     63.300584
     -2.807808     29.327456     29.327456     58.654912
     -2.797798     26.961573     26.961573     53.923147
     -2.787788     24.484303     24.484303     48.968605
     -2.777778     21.999254     21.999254     43.998509
     -2.767768     19.743052     19.743052     39.486103
     -2.757758     17.964940     17.964940     35.929881
     -2.747748     16.806914     16.806914     33.613828
     -2.737738     16.260060     16.260060     32.520119
     -2.727728     16.218622     16.218622     32.437244
     -2.717718     16.585774     16.585774     33.171548
     -2.707708     17.349175     17.349175     34.698349
     -2.697698     18.566224     18.566224     37.132449
     -2.687688     20.265898     20.265898     40.531796
     -2.677678     22.340289     22.340289     44.680579
     -2.667668     24.515408     24.515408     49.030815
     -2.657658     26.441003     26.441003     52.882006
     -2.647648     27.854991     27.854991     55.709982
     -2.637638     28.719524     28.719524     57.439047
     -2.627628     29.237760     29.237760     58.475519
     -2.617618     29.736927     29.736927     59.473854
     -2.607608     30.489635     30.489635     60.979271
     -2.597598     31.579065     31.579065     63.158131
     -2.587588     32.873473     32.873473     65.746947
     -2.577578     34.097592     34.097592     68.195184
     -2.567568     34.935193     34.935193     69.870387
     -2.557558     35.104285     35.104285     70.208570
     -2.547548     34.395902     34.395902     68.791803
     -2.537538     32.707533     32.707533     65.415067
     -2.527528     30.096218     30.096218     60.192437
     -2.517518     26.834368     26.834368     53.668736
     -2.507508     23.417215     23.417215     46.834430
     -2.497497     20.479767     20.479767     40.959534
     -2.487487     18.630127     18.630127     37.260254
     -2.477477     18.259785     18.259785     36.519569
     -2.467467     19.413699     19.413699     38.827397
     -2.457457     21.781324     21.781324     43.562648
     -2.447447     24.817537     24.817537     49.635074
     -2.437437     27.945573     27.945573     55.891146
     -2.427427     30.757348     30.757348     61.514695
     -2.417417     33.125420     33.125420     66.250841
     -2.407407     35.177249     35.177249     70.354497
     -2.397397     37.142557     37.142557     74.285114
     -2.387387     39.143875     39.143875     78.287751
     -2.377377     41.032340     41.032340     82.064681
     -2.367367     42.358425     42.358425     84.716850
     -2.357357     42.509913     42.509913     85.019826
     -2.347347     40.968273     40.968273     81.936547
     -2.337337     37.568984     37.568984     75.137968
     -2.327327     32.640940     32.640940     65.281880
     -2.317317     26.956953     26.956953     53.913906
     -2.307307     21.520701     21.520701     43.041402
     -2.297297     17.289203     17.289203     34.578406
     -2.287287     14.942905     14.942905     29.885809
     -2.277277     14.770786     14.770786     29.541572
     -2.267267     16.674439     16.674439     33.348877
     -2.257257     20.252382     20.252382     40.504764
     -2.247247     24.917132     24.917132     49.834265
     -2.237237     30.009953     30.009953     60.019906
     -2.227227     34.893708     34.893708     69.787417
     -2.217217     39.015513     39.015513     78.031026
     -2.207207     41.940747     41.940747     83.881494
     -2.197197     43.370622     43.370622     86.741244
     -2.187187     43.161033     43.161033     86.322066
     -2.177177     41.351919     41.351919     82.703839
     -2.167167     38.193750     38.193750     76.387500
     -2.157157     34.136734     34.136734     68.273469
     -2.147147     29.751408     29.751408     59.502815
     -2.137137     25.584663     25.584663     51.169327
     -2.127127     22.003447     22.003447     44.006893
     -2.117117     19.102097     19.102097     38.204194
     -2.107107     16.724274     16.724274     33.448548
     -2.097097     14.588312     14.588312     29.176624
     -2.087087     12.447350     12.447350     24.894699
     -2.077077     10.201770     10.201770     20.403540
     -2.067067      7.917872      7.917872     15.835745
     -2.057057      5.764409      5.764409     11.528817
     -2.047047      3.918772      3.918772      7.837544
     -2.037037      2.496934      2.496934      4.993869
     -2.027027      1.534043      1.534043      3.068086
     -2.017017      1.009717      1.009717      2.019434
     -2.007007      0.892784      0.892784      1.785568
     -1.996997      1.178630      1.178630      2.357261
     -1.986987      1.901751      1.901751      3.803502
     -1.976977      3.118488      3.118488      6.236976
     -1.966967      4.866883      4.866883      9.733766
     -1.956957      7.120855      7.120855     14.241710
     -1.946947      9.761517      9.761517     19.523035
     -1.936937     12.583912     12.583912     25.167825
     -1.926927     15.341128     15.341128     30.682257
     -1.916917     17.806852     17.806852     35.613704
     -1.906907     19.825820     19.825820     39.651641
     -1.896897     21.328892     21.328892     42.657785
     -1.886887     22.311561     22.311561     44.623122
     -1.876877     22.796359     22.796359     45.592717
     -1.866867     22.806449     22.806449     45.612899
     -1.856857     22.366924     22.366924     44.733847
     -1.846847     21.529956     21.529956     43.059912
     -1.836837     20.401962     20.401962     40.803924
     -1.826827     19.145056     19.145056     38.290112
     -1.816817     17.936909     17.936909     35.873818
     -1.806807     16.899698     16.899698     33.799397
     -1.796797     16.035751     16.035751     32.071502
     -1.786787     15.213997     15.213997     30.427993
     -1.776777     14.226760     14.226760     28.453521
     -1.766767     12.893308     12.893308     25.786615
     -1.756757     11.155030     11.155030     22.310059
     -1.746747      9.111210      9.111210     18.222421
     -1.736737      6.981373      6.981373     13.962746
     -1.726727      5.023087      5.023087     10.046174
     -1.716717      3.453773      3.453773      6.907546
     -1.706707      2.412140      2.412140      4.824281
     -1.696697      1.963452      1.963452      3.926904
     -1.686687      2.125605      2.125605      4.251210
     -1.676677      2.885418      2.885418      5.770835
     -1.666667      4.187531      4.187531      8.375062
     -1.656657      5.902362      5.902362     11.804723
     -1.646647      7.800379      7.800379     15.600758
     -1.636637      9.565094      9.565094     19.130188
     -1.626627     10.860934     10.860934     21.721867
     -1.616617     11.441306     11.441306     22.882612
     -1.606607     11.254369     11.254369     22.508737
     -1.596597     10.497703     10.497703     20.995407
     -1.586587      9.593285      9.593285     19.186571
     -1.576577      9.087548      9.087548     18.175096
     -1.566567      9.507413      9.507413     19.014827
     -1.556557     11.211122     11.211122     22.422245
     -1.546547     14.268245     14.268245     28.536490
     -1.536537     18.397925     18.397925     36.795851
     -1.526527     22.990371     22.990371     45.980742
     -1.516517     27.223974     27.223974     54.447947
     -1.506507     30.261357     30.261357     60.522714
     -1.496496     31.470641     31.470641     62.941282
     -1.486486     30.596621     30.596621     61.193241
     -1.476476     27.819592     27.819592     55.639185
     -1.466466     23.684662     23.684662     47.369324
     -1.456456     18.937262     18.937262     37.874525
     -1.446446     14.332519     14.332519     28.665037
     -1.436436     10.482945     10.482945     20.965891
     -1.426426      7.777982      7.777982     15.555963
     -1.416416      6.371317      6.371317     12.742633
     -1.406406      6.208989      6.208989     12.417978
     -1.396396      7.072131      7.072131     14.144262
     -1.386386      8.625665      8.625665     17.251329
     -1.376376     10.479911     10.479911     20.959822
     -1.366366     12.270006     12.270006     24.540011
     -1.356356     13.738373     13.738373     27.476747
     -1.346346     14.786578     14.786578     29.573157
     -1.336336     15.466641     15.466641     30.933283
     -1.326326     15.912950     15.912950     31.825901
     -1.316316     16.253166     16.253166     32.506331
     -1.306306     16.548977     16.548977     33.097955
     -1.296296     16.792488     16.792488     33.584977
     -1.286286     16.941007     16.941007     33.882013
     -1.276276     16.948622     16.948622     33.897244
     -1.266266     16.767169     16.767169     33.534339
     -1.256256     16.326881     16.326881     32.653761
     -1.246246     15.531786     15.531786     31.063571
     -1.236236     14.293507     14.293507     28.587013
     -1.226226     12.590645     12.590645     25.181290
     -1.216216     10.513401     10.513401     21.026801
     -1.206206      8.258886      8.258886     16.517773
     -1.196196      6.076037      6.076037     12.152075
     -1.186186      4.191935      4.191935      8.383870
     -1.176176      2.759639      2.759639      5.519279
     -1.166166      1.849100      1.849100      3.698200
     -1.156156      1.474220      1.474220      2.948440
     -1.146146      1.629773      1.629773      3.259546
     -1.136136      2.310243      2.310243      4.620486
     -1.126126      3.496180      3.496180      6.992361
     -1.116116      5.114302      5.114302     10.228604
     -1.106106      6.996353      6.996353     13.992706
     -1.096096      8.869551      8.869551     17.739102
     -1.086086     10.401413     10.401413     20.802825
     -1.076076     11.294791     11.294791     22.589582
     -1.066066     11.397734     11.397734     22.795468
     -1.056056     10.776728     10.776728     21.553456
     -1.046046      9.713461      9.713461     19.426922
     -1.036036      8.619389      8.619389     17.238777
     -1.026026      7.899221      7.899221     15.798441
     -1.016016      7.814545      7.814545     15.629091
     -1.006006      8.395937      8.395937     16.791874
     -0.995996      9.432716      9.432716     18.865432
     -0.985986     10.543649     10.543649     21.087298
     -0.975976     11.305401     11.305401     22.610803
     -0.965966     11.393949     11.393949     22.787897
     -0.955956     10.686352     10.686352     21.372704
     -0.945946      9.284688      9.284688     18.569376
     -0.935936      7.457985      7.457985     14.915971
     -0.925926      5.534807      5.534807     11.069613
     -0.915916      3.797475      3.797475      7.594950
     -0.905906      2.419583      2.419583      4.839165
     -0.895896      1.460464      1.460464      2.920927
     -0.885886      0.902657      0.902657      1.805313
     -0.875876      0.704977      0.704977      1.409953
     -0.865866      0.845797      0.845797      1.691595
     -0.855856      1.340922      1.340922      2.681844
     -0.845846      2.230668      2.230668      4.461335
     -0.835836      3.539913      3.539913      7.079826
     -0.825826      5.224824      5.224824     10.449648
     -0.815816      7.130071      7.130071     14.260141
     -0.805806      8.984075      8.984075     17.968149
     -0.795796     10.449081     10.449081     20.898163
     -0.785786     11.217043     11.217043     22.434086
     -0.775776     11.113928     11.113928     22.227855
     -0.765766     10.163530     10.163530     20.327060
     -0.755756      8.578496      8.578496     17.156992
     -0.745746      6.683092      6.683092     13.366184
     -0.735736      4.806106      4.806106      9.612212
     -0.725726      3.192292      3.192292      6.384584
     -0.715716      1.963780      1.963780      3.927560
     -0.705706      1.133609      1.133609      2.267219
     -0.695696      0.651275      0.651275      1.302551
     -0.685686      0.454399      0.454399      0.908798
     -0.675676      0.507838      0.507838      1.015675
     -0.665666      0.821785      0.821785      1.643570
     -0.655656      1.446729      1.446729      2.893459
     -0.645646      2.445744      2.445744      4.891488
     -0.635636      3.848341      3.848341      7.696681
     -0.625626      5.598551      5.598551     11.197102
     -0.615616      7.520017      7.520017     15.040034
     -0.605606      9.323531      9.323531     18.647063
     -0.595596     10.669286     10.669286     21.338571
     -0.585586     11.268819     11.268819     22.537639
     -0.575576     10.985216     10.985216     21.970433
     -0.565566      9.883840      9.883840     19.767680
     -0.555556      8.207855      8.207855     16.415710
     -0.545546      6.291012      6.291012     12.582023
     -0.535536      4.450391      4.450391      8.900782
     -0.525526      2.905780      2.905780      5.811559
     -0.515516      1.751112      1.751112      3.502225
     -0.505506      0.973985      0.973985      1.947970
     -0.495495      0.500008      0.500008      1.000017
     -0.485485      0.236913      0.236913      0.473826
     -0.475475      0.103607      0.103607      0.207213
     -0.465465      0.041819      0.041819      0.083638
     -0.455455      0.015579      0.015579      0.031159
     -0.445445      0.005357      0.005357      0.010714
     -0.435435      0.001701      0.001701      0.003401
     -0.425425      0.000501      0.000501      0.001002
     -0.415415      0.000148      0.000148      0.000296
     -0.405405      0.000091      0.000091      0.000182
     -0.395395      0.000231      0.000231      0.000462
     -0.385385      0.000802      0.000802      0.001605
     -0.375375      0.002653      0.002653      0.005305
     -0.365365      0.008107      0.008107      0.016214
     -0.355355      0.022872      0.022872      0.045744
     -0.345345      0.059556      0.059556      0.119111
     -0.335335      0.143131      0.143131      0.286261
     -0.325325      0.317489      0.317489      0.634979
     -0.315315      0.649999      0.649999      1.299997
     -0.305305      1.228238      1.228238      2.456476
     -0.295295      2.142099      2.142099      4.284198
     -0.285285      3.448128      3.448128      6.896257
     -0.275275      5.122879      5.122879     10.245759
     -0.265265      7.024763      7.024763     14.049526
     -0.255255      8.890703      8.890703     17.781406
     -0.245245     10.385499     10.385499     20.770998
     -0.235235     11.197098     11.197098     22.394195
     -0.225225     11.142187     11.142187     22.284373
     -0.215215     10.233454     10.233454     20.466908
     -0.205205      8.674828      8.674828     17.349657
     -0.195195      6.787134      6.787134     13.574267
     -0.185185      4.901159      4.901159      9.802317
     -0.175175      3.266615      3.266615      6.533230
     -0.165165      2.009482      2.009482      4.018963
     -0.155155      1.140925      1.140925      2.281849
     -0.145145      0.597884      0.597884      1.195767
     -0.135135      0.289177      0.289177      0.578353
     -0.125125      0.129091      0.129091      0.258182
     -0.115115      0.053188      0.053188      0.106377
     -0.105105      0.020227      0.020227      0.040453
     -0.095095      0.007099      0.007099      0.014199
     -0.085085      0.002300      0.002300      0.004600
     -0.075075      0.000688      0.000688      0.001375
     -0.065065      0.000190      0.000190      0.000380
     -0.055055      0.000048      0.000048      0.000097
     -0.045045      0.000011      0.000011      0.000023
     -0.035035      0.000002      0.000002      0.000005
     -0.025025      0.000000      0.000000      0.000001
     -0.015015      0.000000      0.000000      0.000000
     -0.005005      0.000000      0.000000      0.000000
      0.005005      0.000000      0.000000      0.000000
      0.015015      0.000000      0.000000      0.000000
      0.025025      0.000000      0.000000      0.000001
      0.035035      0.000002      0.000002      0.000005
      0.045045      0.000011      0.000011      0.000023
      0.055055      0.000048      0.000048      0.000097
      0.065065      0.000190      0.000190      0.000380
      0.075075      0.000688      0.000688      0.001375
      0.085085      0.002300      0.002300      0.004600
      0.095095      0.007099      0.007099      0.014199
      0.105105      0.020227      0.020227      0.040453
      0.115115      0.053188      0.053188      0.106377
      0.125125      0.129091      0.129091      0.258182
      0.135135      0.289176      0.289176      0.578353
      0.145145      0.597883      0.597883      1.195766
      0.155155      1.140923      1.140923      2.281846
      0.165165      2.009479      2.009479      4.018959
      0.175175      3.266612      3.266612      6.533224
      0.185185      4.901155      4.901155      9.802310
      0.195195      6.787130      6.787130     13.574260
      0.205205      8.674825      8.674825     17.349650
      0.215215     10.233451     10.233451     20.466903
      0.225225     11.142186     11.142186     22.284371
      0.235235     11.197098     11.197098     22.394197
      0.245245     10.385501     10.385501     20.771002
      0.255255      8.890706      8.890706     17.781413
      0.265265      7.024767      7.024767     14.049534
      0.275275      5.122883      5.122883     10.245766
      0.285285      3.448131      3.448131      6.896263
      0.295295      2.142101      2.142101      4.284203
      0.305305      1.228240      1.228240      2.456479
      0.315315      0.649999      0.649999      1.299999
      0.325325      0.317490      0.317490      0.634980
      0.335335      0.143131      0.143131      0.286262
      0.345345      0.059556      0.059556      0.119112
      0.355355      0.022872      0.022872      0.045744
      0.365365      0.008107      0.008107      0.016215
      0.375375      0.002653      0.002653      0.005307
      0.385385      0.000806      0.000806      0.001611
      0.395395      0.000245      0.000245      0.000490
      0.405405      0.000146      0.000146      0.000292
      0.415415      0.000350      0.000350      0.000699
      0.425425      0.001179      0.001179      0.002358
      0.435435      0.003799      0.003799      0.007597
      0.445445      0.011321      0.011321      0.022642
      0.455455      0.031146      0.031146      0.062291
      0.465465      0.079086      0.079086      0.158172
      0.475475      0.185350      0.185350      0.370699
      0.485485      0.400931      0.400931      0.801862
      0.495495      0.800451      0.800451      1.600903
      0.505506      1.474983      1.474983      2.949965
      0.515516      2.508568      2.508568      5.017135
      0.525526      3.937781      3.937781      7.875561
      0.535536      5.705111      5.705111     11.410223
      0.545546      7.628930      7.628930     15.257860
      0.555556      9.415648      9.415648     18.831296
      0.565566     10.725672     10.725672     21.451344
      0.575576     11.276880     11.276880     22.553760
      0.585586     10.943410     10.943410     21.886820
      0.595596      9.802801      9.802801     19.605601
      0.605606      8.107959      8.107959     16.215918
      0.615616      6.199077      6.199077     12.398155
      0.625626      4.399798      4.399798      8.799596
      0.635636      2.944129      2.944129      5.888258
      0.645646      1.957450      1.957450      3.914900
      0.655656      1.483691      1.483691      2.967383
      0.665666      1.529735      1.529735      3.059469
      0.675676      2.095404      2.095404      4.190808
      0.685686      3.170364      3.170364      6.340728
      0.695696      4.699927      4.699927      9.399853
      0.705706      6.541795      6.541795     13.083589
      0.715716      8.446589      8.446589     16.893178
      0.725726     10.089235     10.089235     20.178470
      0.735736     11.154459     11.154459     22.308917
      0.745746     11.447704     11.447704     22.895409
      0.755756     10.981507     10.981507     21.963013
      0.765766      9.992161      9.992161     19.984321
      0.775776      8.871813      8.871813     17.743627
      0.785786      8.039428      8.039428     16.078857
      0.795796      7.799366      7.799366     15.598732
      0.805806      8.238674      8.238674     16.477349
      0.815816      9.197829      9.197829     18.395658
      0.825826     10.324398     10.324398     20.648795
      0.835836     11.192092     11.192092     22.384184
      0.845846     11.444130     11.444130     22.888261
      0.855856     10.908104     10.908104     21.816209
      0.865866      9.638831      9.638831     19.277662
      0.875876      7.876525      7.876525     15.753051
      0.885886      5.945724      5.945724     11.891447
      0.895896      4.144054      4.144054      8.288108
      0.905906      2.666284      2.666284      5.332568
      0.915916      1.583502      1.583502      3.167003
      0.925926      0.868205      0.868205      1.736410
      0.935936      0.440007      0.440007      0.880013
      0.945946      0.207953      0.207953      0.415907
      0.955956      0.097183      0.097183      0.194367
      0.965966      0.059851      0.059851      0.119702
      0.975976      0.076827      0.076827      0.153654
      0.985986      0.157093      0.157093      0.314185
      0.995996      0.338208      0.338208      0.676416
      1.006006      0.686343      0.686343      1.372685
      1.016016      1.290132      1.290132      2.580263
      1.026026      2.241444      2.241444      4.482888
      1.036036      3.600498      3.600498      7.200997
      1.046046      5.353236      5.353236     10.706472
      1.056056      7.381081      7.381081     14.762163
      1.066066      9.467644      9.467644     18.935289
      1.076076     11.354679     11.354679     22.709358
      1.086086     12.831891     12.831891     25.663783
      1.096096     13.817875     13.817875     27.635750
      1.106106     14.384818     14.384818     28.769637
      1.116116     14.708092     14.708092     29.416185
      1.126126     14.968486     14.968486     29.936971
      1.136136     15.266551     15.266551     30.533102
      1.146146     15.599184     15.599184     31.198369
      1.156156     15.903013     15.903013     31.806026
      1.166166     16.122177     16.122177     32.244355
      1.176176     16.246766     16.246766     32.493531
      1.186186     16.300132     16.300132     32.600264
      1.196196     16.299546     16.299546     32.599092
      1.206206     16.234434     16.234434     32.468869
      1.216216     16.083768     16.083768     32.167537
      1.226226     15.851677     15.851677     31.703354
      1.236236     15.578667     15.578667     31.157335
      1.246246     15.306215     15.306215     30.612431
      1.256256     15.017202     15.017202     30.034404
      1.266266     14.603341     14.603341     29.206682
      1.276276     13.896648     13.896648     27.793296
      1.286286     12.755664     12.755664     25.511327
      1.296296     11.156329     11.156329     22.312658
      1.306306      9.234007      9.234007     18.468014
      1.316316      7.257307      7.257307     14.514615
      1.326326      5.557210      5.557210     11.114419
      1.336336      4.454380      4.454380      8.908759
      1.346346      4.213500      4.213500      8.426999
      1.356356      5.022273      5.022273     10.044546
      1.366366      6.971544      6.971544     13.943089
      1.376376     10.018195     10.018195     20.036391
      1.386386     13.939217     13.939217     27.878435
      1.396396     18.311497     18.311497     36.622994
      1.406406     22.553976     22.553976     45.107951
      1.416416     26.040099     26.040099     52.080198
      1.426426     28.246058     28.246058     56.492116
      1.436436     28.874757     28.874757     57.749515
      1.446446     27.906689     27.906689     55.813378
      1.456456     25.568881     25.568881     51.137762
      1.466466     22.252218     22.252218     44.504436
      1.476476     18.420111     18.420111     36.840223
      1.486486     14.536616     14.536616     29.073232
      1.496496     11.019138     11.019138     22.038275
      1.506507      8.208382      8.208382     16.416764
      1.516517      6.348591      6.348591     12.697182
      1.526527      5.575167      5.575167     11.150334
      1.536537      5.907973      5.907973     11.815946
      1.546547      7.249144      7.249144     14.498289
      1.556557      9.388418      9.388418     18.776836
      1.566567     12.024411     12.024411     24.048823
      1.576577     14.809476     14.809476     29.618952
      1.586587     17.415314     17.415314     34.830627
      1.596597     19.602936     19.602936     39.205872
      1.606607     21.274350     21.274350     42.548701
      1.616617     22.488880     22.488880     44.977760
      1.626627     23.438747     23.438747     46.877495
      1.636637     24.388673     24.388673     48.777345
      1.646647     25.591067     25.591067     51.182134
      1.656657     27.195853     27.195853     54.391706
      1.666667     29.182960     29.182960     58.365920
      1.676677     31.348804     31.348804     62.697607
      1.686687     33.365195     33.365195     66.730390
      1.696697     34.897753     34.897753     69.795506
      1.706707     35.733979     35.733979     71.467959
      1.716717     35.853438     35.853438     71.706875
      1.726727     35.394763     35.394763     70.789525
      1.736737     34.533736     34.533736     69.067472
      1.746747     33.349134     33.349134     66.698268
      1.756757     31.771315     31.771315     63.542631
      1.766767     29.660042     29.660042     59.320084
      1.776777     26.970047     26.970047     53.940095
      1.786787     23.896969     23.896969     47.793939
      1.796797     20.900557     20.900557     41.801113
      1.806807     18.573183     18.573183     37.146367
      1.816817     17.410566     17.410566     34.821132
      1.826827     17.593938     17.593938     35.187876
      1.836837     18.886025     18.886025     37.772050
      1.846847     20.690123     20.690123     41.380245
      1.856857     22.251993     22.251993     44.503986
      1.866867     22.925970     22.925970     45.851940
      1.876877     22.399674     22.399674     44.799347
      1.886887     20.787393     20.787393     41.574785
      1.896897     18.557179     18.557179     37.114358
      1.906907     16.328817     16.328817     32.657634
      1.916917     14.635307     14.635307     29.270613
      1.926927     13.752202     13.752202     27.504403
      1.936937     13.661886     13.661886     27.323772
      1.946947     14.152442     14.152442     28.304883
      1.956957     14.985364     14.985364     29.970728
      1.966967     16.034486     16.034486     32.068972
      1.976977     17.317666     17.317666     34.635332
      1.986987     18.906676     18.906676     37.813353
      1.996997     20.776940     20.776940     41.553880
      2.007007     22.701872     22.701872     45.403743
      2.017017     24.275156     24.275156     48.550311
      2.027027     25.065602     25.065602     50.131204
      2.037037     24.820992     24.820992     49.641983
      2.047047     23.598745     23.598745     47.197491
      2.057057     21.741212     21.741212     43.482425
      2.067067     19.707516     19.707516     39.415032
      2.077077     17.860195     17.860195     35.720390
      2.087087     16.327531     16.327531     32.655062
      2.097097     15.010500     15.010500     30.021000
      2.107107     13.715075     13.715075     27.430150
      2.117117     12.323758     12.323758     24.647517
      2.127127     10.911149     10.911149     21.822297
      2.137137      9.752123      9.752123     19.504246
      2.147147      9.232132      9.232132     18.464264
      2.157157      9.710011      9.710011     19.420022
      2.167167     11.389743     11.389743     22.779486
      2.177177     14.238703     14.238703     28.477405
      2.187187     17.965921     17.965921     35.931842
      2.197197     22.058109     22.058109     44.116217
      2.207207     25.864535     25.864535     51.729069
      2.217217     28.718188     28.718188     57.436377
      2.227227     30.073954     30.073954     60.147909
      2.237237     29.634418     29.634418     59.268836
      2.247247     27.426724     27.426724     54.853447
      2.257257     23.799468     23.799468     47.598935
      2.267267     19.332303     19.332303     38.664606
      2.277277     14.685671     14.685671     29.371342
      2.287287     10.445364     10.445364     20.890729
      2.297297      7.018711      7.018711     14.037423
      2.307307      4.613310      4.613310      9.226619
      2.317317      3.290285      3.290285      6.580571
      2.327327      3.053291      3.053291      6.106581
      2.337337      3.925026      3.925026      7.850052
      2.347347      5.974334      5.974334     11.948669
      2.357357      9.279880      9.279880     18.559759
      2.367367     13.841798     13.841798     27.683595
      2.377377     19.474471     19.474471     38.948943
      2.387387     25.727115     25.727115     51.454230
      2.397397     31.878773     31.878773     63.757545
      2.407407     37.035737     37.035737     74.071475
      2.417417     40.322747     40.322747     80.645494
      2.427427     41.115393     41.115393     82.230787
      2.437437     39.230590     39.230590     78.461181
      2.447447     34.995705     34.995705     69.991410
      2.457457     29.161291     29.161291     58.322582
      2.467467     22.689202     22.689202     45.378404
      2.477477     16.501771     16.501771     33.003541
      2.487487     11.288390     11.288390     22.576780
      2.497497      7.428911      7.428911     14.857823
      2.507508      5.032924      5.032924     10.065848
      2.517518      4.044865      4.044865      8.089729
      2.527528      4.349459      4.349459      8.698917
      2.537538      5.830174      5.830174     11.660348
      2.547548      8.368409      8.368409     16.736819
      2.557558     11.802910     11.802910     23.605820
      2.567568     15.884320     15.884320     31.768641
      2.577578     20.256486     20.256486     40.512973
      2.587588     24.480666     24.480666     48.961332
      2.597598     28.100636     28.100636     56.201272
      2.607608     30.732320     30.732320     61.464640
      2.617618     32.152381     32.152381     64.304761
      2.627628     32.356585     32.356585     64.713170
      2.637638     31.564129     31.564129     63.128259
      2.647648     30.162143     30.162143     60.324285
      2.657658     28.610487     28.610487     57.220974
      2.667668     27.345299     27.345299     54.690597
      2.677678     26.715622     26.715622     53.431244
      2.687688     26.962200     26.962200     53.924399
      2.697698     28.219661     28.219661     56.439322
      2.707708     30.513412     30.513412     61.026823
      2.717718     33.735651     33.735651     67.471301
      2.727728     37.609784     37.609784     75.219568
      2.737738     41.672945     41.672945     83.345890
      2.747748     45.311576     45.311576     90.623151
      2.757758     47.870247     47.870247     95.740493
      2.767768     48.820116     48.820116     97.640231
      2.777778     47.932183     47.932183     95.864367
      2.787788     45.376128     45.376128     90.752256
      2.797798     41.682554     41.682554     83.365108
      2.807808     37.566899     37.566899     75.133797
      2.817818     33.685884     33.685884     67.371768
      2.827828     30.435883     30.435883     60.871766
      2.837838     27.880387     27.880387     55.760774
      2.847848     25.824920     25.824920     51.649840
      2.857858     23.985147     23.985147     47.970294
      2.867868     22.157079     22.157079     44.314157
      2.877878     20.310070     20.310070     40.620140
      2.887888     18.570161     18.570161     37.140322
      2.897898     17.117697     17.117697     34.235394
      2.907908     16.064237     16.064237     32.128474
      2.917918     15.381391     15.381391     30.762782
      2.927928     14.923235     14.923235     29.846470
      2.937938     14.528310     14.528310     29.056619
      2.947948     14.137766     14.137766     28.275532
      2.957958     13.853992     13.853992     27.707985
      2.967968     13.898318     13.898318     27.796636
      2.977978     14.486174     14.486174     28.972349
      2.987988     15.686029     15.686029     31.372058
      2.997998     17.336468     17.336468     34.672936
      3.008008     19.063028     19.063028     38.126056
      3.018018     20.385862     20.385862     40.771724
      3.028028     20.869958     20.869958     41.739915
      3.038038     20.257849     20.257849     40.515699
      3.048048     18.539236     18.539236     37.078471
      3.058058     15.940355     15.940355     31.880710
      3.068068     12.845212     12.845212     25.690424
      3.078078      9.681758      9.681758     19.363517
      3.088088      6.813792      6.813792     13.627585
      3.098098      4.471964      4.471964      8.943927
      3.108108      2.738395      2.738395      5.476789
      3.118118      1.577845      1.577845      3.155689
      3.128128      0.894096      0.894096      1.788191
      3.138138      0.588256      0.588256      1.176513
      3.148148      0.603028      0.603028      1.206056
      3.158158      0.946084      0.946084      1.892167
      3.168168      1.690656      1.690656      3.381312
      3.178178      2.952016      2.952016      5.904031
      3.188188      4.839425      4.839425      9.678851
      3.198198      7.389504      7.389504     14.779009
      3.208208     10.498884     10.498884     20.997768
      3.218218     13.884949     13.884949     27.769898
      3.228228     17.103222     17.103222     34.206444
      3.238238     19.632510     19.632510     39.265021
      3.248248     21.008996     21.008996     42.017993
      3.258258     20.962949     20.962949     41.925897
      3.268268     19.503576     19.503576     39.007151
      3.278278     16.916075     16.916075     33.832151
      3.288288     13.672161     13.672161     27.344323
      3.298298     10.291886     10.291886     20.583772
      3.308308      7.211540      7.211540     14.423079
      3.318318      4.702668      4.702668      9.405336
      3.328328      2.859074      2.859074      5.718147
      3.338338      1.639073      1.639073      3.278145
      3.348348      0.933729      0.933729      1.867457
      3.358358      0.632090      0.632090      1.264180
      3.368368      0.665192      0.665192      1.330385
      3.378378      1.022069      1.022069      2.044138
      3.388388      1.737749      1.737749      3.475499
      3.398398      2.856665      2.856665      5.713331
      3.408408      4.379989      4.379989      8.759978
      3.418418      6.214489      6.214489     12.428978
      3.428428      8.148787      8.148787     16.297574
      3.438438      9.880694      9.880694     19.761389
      3.448448     11.100310     11.100310     22.200620
      3.458458     11.603306     11.603306     23.206611
      3.468468     11.384840     11.384840     22.769679
      3.478478     10.664900     10.664900     21.329801
      3.488488      9.824566      9.824566     19.649132
      3.498498      9.275040      9.275040     18.550081
      3.508509      9.313844      9.313844     18.627688
      3.518519     10.028416     10.028416     20.056831
      3.528529     11.285048     11.285048     22.570097
      3.538539     12.801900     12.801900     25.603800
      3.548549     14.266548     14.266548     28.533096
      3.558559     15.439489     15.439489     30.878978
      3.568569     16.196876     16.196876     32.393752
      3.578579     16.504780     16.504780     33.009560
      3.588589     16.360705     16.360705     32.721410
      3.598599     15.756107     15.756107     31.512214
      3.608609     14.692312     14.692312     29.384624
      3.618619     13.236963     13.236963     26.473926
      3.628629     11.573170     11.573170     23.146340
      3.638639      9.994299      9.994299     19.988598
      3.648649      8.830991      8.830991     17.661981
      3.658659      8.338398      8.338398     16.676796
      3.668669      8.595273      8.595273     17.190546
      3.678679      9.463085      9.463085     18.926170
      3.688689     10.628559     10.628559     21.257118
      3.698699     11.718289     11.718289     23.436577
      3.708709     12.441176     12.441176     24.882352
      3.718719     12.696597     12.696597     25.393195
      3.728729     12.595521     12.595521     25.191041
      3.738739     12.380430     12.380430     24.760860
      3.748749     12.281712     12.281712     24.563424
      3.758759     12.384246     12.384246     24.768491
      3.768769     12.574567     12.574567     25.149135
      3.778779     12.595418     12.595418     25.190835
      3.788789     12.175513     12.175513     24.351027
      3.798799     11.163318     11.163318     22.326637
      3.808809      9.596787      9.596787     19.193573
      3.818819      7.681813      7.681813     15.363627
      3.828829      5.702695      5.702695     11.405390
      3.838839      3.917574      3.917574      7.835148
      3.848849      2.487441      2.487441      4.974882
      3.858859      1.458842      1.458842      2.917684
      3.868869      0.790065      0.790065      1.580130
      3.878879      0.395251      0.395251      0.790502
      3.888889      0.183401      0.183401      0.366801
      3.898899      0.081385      0.081385      0.162770
      3.908909      0.041770      0.041770      0.083540
      3.918919      0.042165      0.042165      0.084331
      3.928929      0.083087      0.083087      0.166174
      3.938939      0.188500      0.188500      0.377000
      3.948949      0.409402      0.409402      0.818804
      3.958959      0.827089      0.827089      1.654179
      3.968969      1.549908      1.549908      3.099816
      3.978979      2.697102      2.697102      5.394204
      3.988989      4.367784      4.367784      8.735569
      3.998999      6.601887      6.601887     13.203775
      4.009009      9.348775      9.348775     18.697550
      4.019019     12.460529     12.460529     24.921058
      4.029029     15.716215     15.716215     31.432431
      4.039039     18.865434     18.865434     37.730868
      4.049049     21.667526     21.667526     43.335051
      4.059059     23.908660     23.908660     47.817320
      4.069069     25.400547     25.400547     50.801094
      4.079079     25.984323     25.984323     51.968646
      4.089089     25.562434     25.562434     51.124867
      4.099099     24.157026     24.157026     48.314051
      4.109109     21.962944     21.962944     43.925888
      4.119119     19.351390     19.351390     38.702780
      4.129129     16.798973     16.798973     33.597946
      4.139139     14.756973     14.756973     29.513945
      4.149149     13.513073     13.513073     27.026146
      4.159159     13.109520     13.109520     26.219040
      4.169169     13.358702     13.358702     26.717403
      4.179179     13.949742     13.949742     27.899485
      4.189189     14.592749     14.592749     29.185498
      4.199199     15.128124     15.128124     30.256247
      4.209209     15.550456     15.550456     31.100912
      4.219219     15.948138     15.948138     31.896276
      4.229229     16.408035     16.408035     32.816070
      4.239239     16.947175     16.947175     33.894350
      4.249249     17.504267     17.504267     35.008535
      4.259259     17.978530     17.978530     35.957059
      4.269269     18.277814     18.277814     36.555627
      4.279279     18.347471     18.347471     36.694943
      4.289289     18.178608     18.178608     36.357216
      4.299299     17.809520     17.809520     35.619041
      4.309309     17.325581     17.325581     34.651163
      4.319319     16.847309     16.847309     33.694618
      4.329329     16.497984     16.497984     32.995968
      4.339339     16.363623     16.363623     32.727246
      4.349349     16.475580     16.475580     32.951160
      4.359359     16.834428     16.834428     33.668856
      4.369369     17.456228     17.456228     34.912456
      4.379379     18.391966     18.391966     36.783932
      4.389389     19.681622     19.681622     39.363245
      4.399399     21.256148     21.256148     42.512296
      4.409409     22.854964     22.854964     45.709928
      4.419419     24.036033     24.036033     48.072066
      4.429429     24.304695     24.304695     48.609389
      4.439439     23.308683     23.308683     46.617366
      4.449449     20.996908     20.996908     41.993817
      4.459459     17.655462     17.655462     35.310925
      4.469469     13.804631     13.804631     27.609261
      4.479479     10.016286     10.016286     20.032571
      4.489489      6.743953      6.743953     13.487907
      4.499499      4.235058      4.235058      8.470117
      4.509510      2.541184      2.541184      5.082368
      4.519520      1.595055      1.595055      3.190110
      4.529530      1.304644      1.304644      2.609288
      4.539540      1.623108      1.623108      3.246216
      4.549550      2.572714      2.572714      5.145429
      4.559560      4.218835      4.218835      8.437671
      4.569570      6.604140      6.604140     13.208280
      4.579580      9.666500      9.666500     19.333000
      4.589590     13.176598     13.176598     26.353196
      4.599600     16.734843     16.734843     33.469686
      4.609610     19.851717     19.851717     39.703433
      4.619620     22.099484     22.099484     44.198967
      4.629630     23.280288     23.280288     46.560575
      4.639640     23.531021     23.531021     47.062042
      4.649650     23.299849     23.299849     46.599698
      4.659660     23.183552     23.183552     46.367104
      4.669670     23.684584     23.684584     47.369169
      4.679680     24.993973     24.993973     49.987946
      4.689690     26.900954     26.900954     53.801908
      4.699700     28.871099     28.871099     57.742197
      4.709710     30.252788     30.252788     60.505576
      4.719720     30.514315     30.514315     61.028629
      4.729730     29.412698     29.412698     58.825396
      4.739740     27.045139     27.045139     54.090277
      4.749750     23.796901     23.796901     47.593802
      4.759760     20.234924     20.234924     40.469848
      4.769770     16.991563     16.991563     33.983126
      4.779780     14.656527     14.656527     29.313054
      4.789790     13.676611     13.676611     27.353222
      4.799800     14.266677     14.266677     28.533354
      4.809810     16.353077     16.353077     32.706155
      4.819820     19.581062     19.581062     39.162124
      4.829830     23.404064     23.404064     46.808128
      4.839840     27.236113     27.236113     54.472226
      4.849850     30.610324     30.610324     61.220649
      4.859860     33.275875     33.275875     66.551751
      4.869870     35.197174     35.197174     70.394348
      4.879880     36.474055     36.474055     72.948110
      4.889890     37.240358     37.240358     74.480717
      4.899900     37.592066     37.592066     75.184132
      4.909910     37.557094     37.557094     75.114188
      4.919920     37.087853     37.087853     74.175706
      4.929930     36.062662     36.062662     72.125325
      4.939940     34.308542     34.308542     68.617083
      4.949950     31.666145     31.666145     63.332289
      4.959960     28.088516     28.088516     56.177033
      4.969970     23.724289     23.724289     47.448579
      4.979980     18.926770     18.926770     37.853540
      4.989990     14.169250     14.169250     28.338501
      5.000000      9.905020      9.905020     19.810041
