# EIG2DOS: Utility for SIESTA to obtain the electronic density of states
#  E. Artacho, Apr 1999, A. Garcia, Apr 2012
#  Nick R. Papior, Feb 2017
# ------------------------------------------
# Eigenvalues calculated from a non-polarized calculation
# Eigenvalues read from siesta.EIG
# Kpoint weights read from siesta.KP
# Using smearing parameter:   0.0500
# Using 1000 points in the energy range
# Selected bands: 1 to: 2981
# Emin, Emax in file for selected band(s):    -27.2936470    218.4039540
# Nbands, Nspin, Nk   =   2981     1     1
# E_F                 =    -4.1905 eV --> (shifted to ZERO)
# Broadening          =     0.0500 eV
#
#        E            N(up)  (=)   N(down)         Ntot
     -5.000000     30.759252     30.759252     61.518504
     -4.989990     35.937158     35.937158     71.874315
     -4.979980     40.988417     40.988417     81.976833
     -4.969970     45.048975     45.048975     90.097949
     -4.959960     47.341502     47.341502     94.683005
     -4.949950     47.433373     47.433373     94.866747
     -4.939940     45.387605     45.387605     90.775211
     -4.929930     41.757293     41.757293     83.514587
     -4.919920     37.446857     37.446857     74.893715
     -4.909910     33.506939     33.506939     67.013877
     -4.899900     30.924029     30.924029     61.848059
     -4.889890     30.431945     30.431945     60.863891
     -4.879880     32.351125     32.351125     64.702249
     -4.869870     36.475128     36.475128     72.950255
     -4.859860     42.052686     42.052686     84.105372
     -4.849850     47.916490     47.916490     95.832981
     -4.839840     52.762867     52.762867    105.525734
     -4.829830     55.509186     55.509186    111.018372
     -4.819820     55.599394     55.599394    111.198788
     -4.809810     53.135902     53.135902    106.271804
     -4.799800     48.790545     48.790545     97.581090
     -4.789790     43.546806     43.546806     87.093612
     -4.779780     38.392733     38.392733     76.785466
     -4.769770     34.084287     34.084287     68.168575
     -4.759760     31.040647     31.040647     62.081294
     -4.749750     29.358374     29.358374     58.716748
     -4.739740     28.885164     28.885164     57.770328
     -4.729730     29.295111     29.295111     58.590223
     -4.719720     30.142658     30.142658     60.285317
     -4.709710     30.910731     30.910731     61.821463
     -4.699700     31.083549     31.083549     62.167098
     -4.689690     30.258235     30.258235     60.516470
     -4.679680     28.274348     28.274348     56.548697
     -4.669670     25.311699     25.311699     50.623398
     -4.659660     21.905676     21.905676     43.811353
     -4.649650     18.858098     18.858098     37.716197
     -4.639640     17.061452     17.061452     34.122904
     -4.629630     17.281318     17.281318     34.562636
     -4.619620     19.947369     19.947369     39.894738
     -4.609610     24.998771     24.998771     49.997541
     -4.599600     31.828027     31.828027     63.656055
     -4.589590     39.363504     39.363504     78.727009
     -4.579580     46.305236     46.305236     92.610472
     -4.569570     51.471973     51.471973    102.943945
     -4.559560     54.151768     54.151768    108.303535
     -4.549550     54.318241     54.318241    108.636481
     -4.539540     52.612174     52.612174    105.224348
     -4.529530     50.083808     50.083808    100.167617
     -4.519520     47.796740     47.796740     95.593480
     -4.509510     46.454024     46.454024     92.908047
     -4.499499     46.191964     46.191964     92.383929
     -4.489489     46.608248     46.608248     93.216496
     -4.479479     46.989050     46.989050     93.978100
     -4.469469     46.621983     46.621983     93.243966
     -4.459459     45.060534     45.060534     90.121068
     -4.449449     42.245100     42.245100     84.490200
     -4.439439     38.462047     38.462047     76.924095
     -4.429429     34.195853     34.195853     68.391705
     -4.419419     29.964677     29.964677     59.929354
     -4.409409     26.212569     26.212569     52.425138
     -4.399399     23.277565     23.277565     46.555131
     -4.389389     21.401440     21.401440     42.802881
     -4.379379     20.729500     20.729500     41.459000
     -4.369369     21.276643     21.276643     42.553287
     -4.359359     22.883692     22.883692     45.767384
     -4.349349     25.215458     25.215458     50.430915
     -4.339339     27.835549     27.835549     55.671098
     -4.329329     30.343952     30.343952     60.687905
     -4.319319     32.517676     32.517676     65.035353
     -4.309309     34.383522     34.383522     68.767043
     -4.299299     36.180532     36.180532     72.361064
     -4.289289     38.218951     38.218951     76.437902
     -4.279279     40.687766     40.687766     81.375532
     -4.269269     43.488667     43.488667     86.977335
     -4.259259     46.174146     46.174146     92.348291
     -4.249249     48.037921     48.037921     96.075841
     -4.239239     48.347717     48.347717     96.695434
     -4.229229     46.640098     46.640098     93.280196
     -4.219219     42.950232     42.950232     85.900463
     -4.209209     37.862009     37.862009     75.724018
     -4.199199     32.341579     32.341579     64.683158
     -4.189189     27.421987     27.421987     54.843973
     -4.179179     23.878184     23.878184     47.756367
     -4.169169     22.029597     22.029597     44.059193
     -4.159159     21.737656     21.737656     43.475313
     -4.149149     22.571956     22.571956     45.143911
     -4.139139     24.049761     24.049761     48.099523
     -4.129129     25.835245     25.835245     51.670490
     -4.119119     27.814758     27.814758     55.629516
     -4.109109     30.024830     30.024830     60.049660
     -4.099099     32.478372     32.478372     64.956743
     -4.089089     34.987842     34.987842     69.975683
     -4.079079     37.095858     37.095858     74.191717
     -4.069069     38.177415     38.177415     76.354830
     -4.059059     37.686156     37.686156     75.372312
     -4.049049     35.428138     35.428138     70.856277
     -4.039039     31.718208     31.718208     63.436415
     -4.029029     27.331038     27.331038     54.662075
     -4.019019     23.267925     23.267925     46.535849
     -4.009009     20.452687     20.452687     40.905374
     -3.998999     19.491216     19.491216     38.982432
     -3.988989     20.576574     20.576574     41.153147
     -3.978979     23.538327     23.538327     47.076653
     -3.968969     27.974039     27.974039     55.948079
     -3.958959     33.389875     33.389875     66.779751
     -3.948949     39.306649     39.306649     78.613298
     -3.938939     45.325323     45.325323     90.650646
     -3.928929     51.162998     51.162998    102.325997
     -3.918919     56.661538     56.661538    113.323076
     -3.908909     61.755779     61.755779    123.511559
     -3.898899     66.392157     66.392157    132.784315
     -3.888889     70.417914     70.417914    140.835829
     -3.878879     73.495320     73.495320    146.990640
     -3.868869     75.103342     75.103342    150.206685
     -3.858859     74.656281     74.656281    149.312562
     -3.848849     71.709794     71.709794    143.419589
     -3.838839     66.173739     66.173739    132.347478
     -3.828829     58.438178     58.438178    116.876356
     -3.818819     49.351214     49.351214     98.702428
     -3.808809     40.047454     40.047454     80.094908
     -3.798799     31.683917     31.683917     63.367833
     -3.788789     25.170663     25.170663     50.341327
     -3.778779     20.977723     20.977723     41.955446
     -3.768769     19.067024     19.067024     38.134049
     -3.758759     18.956140     18.956140     37.912280
     -3.748749     19.885704     19.885704     39.771408
     -3.738739     21.041738     21.041738     42.083475
     -3.728729     21.777445     21.777445     43.554890
     -3.718719     21.782690     21.782690     43.565380
     -3.708709     21.160428     21.160428     42.320857
     -3.698699     20.387048     20.387048     40.774096
     -3.688689     20.158293     20.158293     40.316586
     -3.678679     21.153468     21.153468     42.306936
     -3.668669     23.782384     23.782384     47.564767
     -3.658659     27.999374     27.999374     55.998748
     -3.648649     33.260299     33.260299     66.520599
     -3.638639     38.653101     38.653101     77.306202
     -3.628629     43.162036     43.162036     86.324071
     -3.618619     45.964339     45.964339     91.928679
     -3.608609     46.643549     46.643549     93.287098
     -3.598599     45.248372     45.248372     90.496745
     -3.588589     42.202673     42.202673     84.405345
     -3.578579     38.132117     38.132117     76.264235
     -3.568569     33.684485     33.684485     67.368971
     -3.558559     29.391641     29.391641     58.783281
     -3.548549     25.586641     25.586641     51.173282
     -3.538539     22.375383     22.375383     44.750766
     -3.528529     19.664593     19.664593     39.329186
     -3.518519     17.244885     17.244885     34.489771
     -3.508509     14.908148     14.908148     29.816296
     -3.498498     12.556306     12.556306     25.112612
     -3.488488     10.256585     10.256585     20.513170
     -3.478478      8.223720      8.223720     16.447440
     -3.468468      6.745237      6.745237     13.490475
     -3.458458      6.087326      6.087326     12.174653
     -3.448448      6.415875      6.415875     12.831750
     -3.438438      7.750189      7.750189     15.500379
     -3.428428      9.952517      9.952517     19.905034
     -3.418418     12.751727     12.751727     25.503454
     -3.408408     15.798423     15.798423     31.596846
     -3.398398     18.743301     18.743301     37.486601
     -3.388388     21.320938     21.320938     42.641876
     -3.378378     23.415229     23.415229     46.830458
     -3.368368     25.086307     25.086307     50.172613
     -3.358358     26.549639     26.549639     53.099278
     -3.348348     28.108802     28.108802     56.217603
     -3.338338     30.050946     30.050946     60.101892
     -3.328328     32.522291     32.522291     65.044583
     -3.318318     35.415352     35.415352     70.830703
     -3.308308     38.315727     38.315727     76.631455
     -3.298298     40.557325     40.557325     81.114651
     -3.288288     41.403132     41.403132     82.806264
     -3.278278     40.306747     40.306747     80.613495
     -3.268268     37.150460     37.150460     74.300919
     -3.258258     32.343808     32.343808     64.687615
     -3.248248     26.722548     26.722548     53.445096
     -3.238238     21.284003     21.284003     42.568006
     -3.228228     16.872376     16.872376     33.744752
     -3.218218     13.942252     13.942252     27.884505
     -3.208208     12.480748     12.480748     24.961497
     -3.198198     12.095494     12.095494     24.190989
     -3.188188     12.216087     12.216087     24.432175
     -3.178178     12.328588     12.328588     24.657176
     -3.168168     12.163882     12.163882     24.327765
     -3.158158     11.783089     11.783089     23.566178
     -3.148148     11.538928     11.538928     23.077856
     -3.138138     11.931626     11.931626     23.863252
     -3.128128     13.409503     13.409503     26.819007
     -3.118118     16.179188     16.179188     32.358375
     -3.108108     20.086914     20.086914     40.173828
     -3.098098     24.613643     24.613643     49.227286
     -3.088088     28.994851     28.994851     57.989702
     -3.078078     32.433675     32.433675     64.867350
     -3.068068     34.334987     34.334987     68.669974
     -3.058058     34.469484     34.469484     68.938968
     -3.048048     33.000176     33.000176     66.000353
     -3.038038     30.366203     30.366203     60.732405
     -3.028028     27.089379     27.089379     54.178757
     -3.018018     23.604339     23.604339     47.208679
     -3.008008     20.190065     20.190065     40.380130
     -2.997998     17.014497     17.014497     34.028993
     -2.987988     14.238923     14.238923     28.477846
     -2.977978     12.104332     12.104332     24.208664
     -2.967968     10.945208     10.945208     21.890417
     -2.957958     11.122805     11.122805     22.245611
     -2.947948     12.908130     12.908130     25.816260
     -2.937938     16.360096     16.360096     32.720192
     -2.927928     21.241751     21.241751     42.483502
     -2.917918     27.007606     27.007606     54.015212
     -2.907908     32.880346     32.880346     65.760692
     -2.897898     38.011271     38.011271     76.022542
     -2.887888     41.686239     41.686239     83.372477
     -2.877878     43.510187     43.510187     87.020373
     -2.867868     43.497789     43.497789     86.995579
     -2.857858     42.027168     42.027168     84.054336
     -2.847848     39.670368     39.670368     79.340737
     -2.837838     36.972083     36.972083     73.944165
     -2.827828     34.274665     34.274665     68.549330
     -2.817818     31.664789     31.664789     63.329579
     -2.807808     29.054161     29.054161     58.108321
     -2.797798     26.337211     26.337211     52.674422
     -2.787788     23.531657     23.531657     47.063314
     -2.777778     20.824092     20.824092     41.648185
     -2.767768     18.502188     18.502188     37.004377
     -2.757758     16.822339     16.822339     33.644677
     -2.747748     15.897246     15.897246     31.794493
     -2.737738     15.671171     15.671171     31.342343
     -2.727728     15.991773     15.991773     31.983545
     -2.717718     16.723388     16.723388     33.446777
     -2.707708     17.819216     17.819216     35.638432
     -2.697698     19.299639     19.299639     38.599278
     -2.687688     21.153347     21.153347     42.306695
     -2.677678     23.239375     23.239375     46.478749
     -2.667668     25.275372     25.275372     50.550744
     -2.657658     26.940279     26.940279     53.880557
     -2.647648     28.035854     28.035854     56.071708
     -2.637638     28.602334     28.602334     57.204667
     -2.627628     28.907423     28.907423     57.814845
     -2.617618     29.309555     29.309555     58.619110
     -2.607608     30.076605     30.076605     60.153209
     -2.597598     31.262520     31.262520     62.525041
     -2.587588     32.696066     32.696066     65.392132
     -2.577578     34.060439     34.060439     68.120877
     -2.567568     34.998591     34.998591     69.997183
     -2.557558     35.192592     35.192592     70.385184
     -2.547548     34.412108     34.412108     68.824216
     -2.537538     32.558804     32.558804     65.117608
     -2.527528     29.722645     29.722645     59.445291
     -2.517518     26.228299     26.228299     52.456598
     -2.507508     22.625147     22.625147     45.250294
     -2.497497     19.589427     19.589427     39.178855
     -2.487487     17.753105     17.753105     35.506210
     -2.477477     17.518791     17.518791     35.037582
     -2.467467     18.935251     18.935251     37.870502
     -2.457457     21.687204     21.687204     43.374407
     -2.447447     25.208364     25.208364     50.416727
     -2.437437     28.877050     28.877050     57.754101
     -2.427427     32.217555     32.217555     64.435110
     -2.417417     35.023209     35.023209     70.046418
     -2.407407     37.346284     37.346284     74.692568
     -2.397397     39.358397     39.358397     78.716793
     -2.387387     41.149301     41.149301     82.298603
     -2.377377     42.569830     42.569830     85.139660
     -2.367367     43.211821     43.211821     86.423641
     -2.357357     42.553076     42.553076     85.106152
     -2.347347     40.207592     40.207592     80.415185
     -2.337337     36.158881     36.158881     72.317762
     -2.327327     30.857088     30.857088     61.714176
     -2.317317     25.130503     25.130503     50.261006
     -2.307307     19.956581     19.956581     39.913163
     -2.297297     16.198960     16.198960     32.397920
     -2.287287     14.413673     14.413673     28.827347
     -2.277277     14.774346     14.774346     29.548693
     -2.267267     17.104843     17.104843     34.209685
     -2.257257     20.973383     20.973383     41.946766
     -2.247247     25.801273     25.801273     51.602546
     -2.237237     30.957160     30.957160     61.914320
     -2.227227     35.826806     35.826806     71.653612
     -2.217217     39.860974     39.860974     79.721948
     -2.207207     42.610829     42.610829     85.221659
     -2.197197     43.762666     43.762666     87.525332
     -2.187187     43.179739     43.179739     86.359478
     -2.177177     40.945724     40.945724     81.891448
     -2.167167     37.385836     37.385836     74.771672
     -2.157157     33.031975     33.031975     66.063951
     -2.147147     28.513205     28.513205     57.026410
     -2.137137     24.393153     24.393153     48.786307
     -2.127127     21.018429     21.018429     42.036858
     -2.117117     18.452752     18.452752     36.905505
     -2.107107     16.533511     16.533511     33.067023
     -2.097097     15.019798     15.019798     30.039595
     -2.087087     13.747666     13.747666     27.495331
     -2.077077     12.706025     12.706025     25.412049
     -2.067067     11.997154     11.997154     23.994308
     -2.057057     11.716125     11.716125     23.432250
     -2.047047     11.829467     11.829467     23.658935
     -2.037037     12.129363     12.129363     24.258727
     -2.027027     12.291636     12.291636     24.583272
     -2.017017     12.004931     12.004931     24.009862
     -2.007007     11.100681     11.100681     22.201361
     -1.996997      9.618461      9.618461     19.236922
     -1.986987      7.782349      7.782349     15.564698
     -1.976977      5.913029      5.913029     11.826058
     -1.966967      4.327908      4.327908      8.655816
     -1.956957      3.274520      3.274520      6.549040
     -1.946947      2.911571      2.911571      5.823141
     -1.936937      3.320593      3.320593      6.641187
     -1.926927      4.518726      4.518726      9.037452
     -1.916917      6.453576      6.453576     12.907153
     -1.906907      8.983508      8.983508     17.967016
     -1.896897     11.864305     11.864305     23.728610
     -1.886887     14.764625     14.764625     29.529249
     -1.876877     17.318297     17.318297     34.636594
     -1.866867     19.201878     19.201878     38.403756
     -1.856857     20.212920     20.212920     40.425841
     -1.846847     20.322955     20.322955     40.645911
     -1.836837     19.685761     19.685761     39.371522
     -1.826827     18.591974     18.591974     37.183947
     -1.816817     17.375823     17.375823     34.751646
     -1.806807     16.299915     16.299915     32.599830
     -1.796797     15.462271     15.462271     30.924542
     -1.786787     14.770747     14.770747     29.541494
     -1.776777     14.003286     14.003286     28.006572
     -1.766767     12.928150     12.928150     25.856300
     -1.756757     11.424053     11.424053     22.848106
     -1.746747      9.540923      9.540923     19.081845
     -1.736737      7.478361      7.478361     14.956722
     -1.726727      5.505695      5.505695     11.011390
     -1.716717      3.873759      3.873759      7.747518
     -1.706707      2.760777      2.760777      5.521553
     -1.696697      2.263721      2.263721      4.527442
     -1.686687      2.416112      2.416112      4.832224
     -1.676677      3.201880      3.201880      6.403759
     -1.666667      4.546500      4.546500      9.093000
     -1.656657      6.291197      6.291197     12.582394
     -1.646647      8.177277      8.177277     16.354555
     -1.636637      9.871352      9.871352     19.742703
     -1.626627     11.043462     11.043462     22.086924
     -1.616617     11.478267     11.478267     22.956533
     -1.606607     11.174014     11.174014     22.348028
     -1.596597     10.382409     10.382409     20.764819
     -1.586587      9.566274      9.566274     19.132547
     -1.576577      9.285389      9.285389     18.570779
     -1.566567     10.044375     10.044375     20.088750
     -1.556557     12.142350     12.142350     24.284701
     -1.546547     15.559959     15.559959     31.119918
     -1.536537     19.914782     19.914782     39.829563
     -1.526527     24.509806     24.509806     49.019612
     -1.516517     28.480895     28.480895     56.961789
     -1.506507     31.014265     31.014265     62.028530
     -1.496496     31.568283     31.568283     63.136565
     -1.486486     30.020637     30.020637     60.041274
     -1.476476     26.687074     26.687074     53.374148
     -1.466466     22.211128     22.211128     44.422257
     -1.456456     17.376348     17.376348     34.752696
     -1.446446     12.915453     12.915453     25.830906
     -1.436436      9.376368      9.376368     18.752736
     -1.426426      7.066788      7.066788     14.133575
     -1.416416      6.061626      6.061626     12.123251
     -1.406406      6.241211      6.241211     12.482422
     -1.396396      7.336811      7.336811     14.673622
     -1.386386      8.981280      8.981280     17.962560
     -1.376376     10.775737     10.775737     21.551473
     -1.366366     12.374828     12.374828     24.749657
     -1.356356     13.569151     13.569151     27.138303
     -1.346346     14.326065     14.326065     28.652130
     -1.336336     14.760727     14.760727     29.521453
     -1.326326     15.047143     15.047143     30.094287
     -1.316316     15.318173     15.318173     30.636345
     -1.306306     15.611364     15.611364     31.222728
     -1.296296     15.884257     15.884257     31.768515
     -1.286286     16.072340     16.072340     32.144679
     -1.276276     16.135424     16.135424     32.270848
     -1.266266     16.055827     16.055827     32.111654
     -1.256256     15.798630     15.798630     31.597260
     -1.246246     15.279959     15.279959     30.559919
     -1.236236     14.383489     14.383489     28.766978
     -1.226226     13.024305     13.024305     26.048610
     -1.216216     11.218523     11.218523     22.437047
     -1.206206      9.109976      9.109976     18.219951
     -1.196196      6.935306      6.935306     13.870612
     -1.186186      4.949944      4.949944      9.899889
     -1.176176      3.358615      3.358615      6.717230
     -1.166166      2.283853      2.283853      4.567707
     -1.156156      1.776842      1.776842      3.553684
     -1.146146      1.848687      1.848687      3.697374
     -1.136136      2.491913      2.491913      4.983826
     -1.126126      3.672926      3.672926      7.345851
     -1.116116      5.298294      5.298294     10.596588
     -1.106106      7.179043      7.179043     14.358087
     -1.096096      9.026058      9.026058     18.052115
     -1.086086     10.498885     10.498885     20.997770
     -1.076076     11.302136     11.302136     22.604271
     -1.066066     11.292822     11.292822     22.585644
     -1.056056     10.548176     10.548176     21.096351
     -1.046046      9.357639      9.357639     18.715278
     -1.036036      8.137247      8.137247     16.274493
     -1.026026      7.298543      7.298543     14.597086
     -1.016016      7.119522      7.119522     14.239045
     -1.006006      7.659113      7.659113     15.318226
     -0.995996      8.739271      8.739271     17.478543
     -0.985986      9.999321      9.999321     19.998641
     -0.975976     11.007998     11.007998     22.015997
     -0.965966     11.399470     11.399470     22.798941
     -0.955956     10.986447     10.986447     21.972893
     -0.945946      9.807712      9.807712     19.615424
     -0.935936      8.093544      8.093544     16.187088
     -0.925926      6.169439      6.169439     12.338879
     -0.915916      4.344828      4.344828      8.689655
     -0.905906      2.833644      2.833644      5.667289
     -0.895896      1.730456      1.730456      3.460912
     -0.885886      1.036340      1.036340      2.072680
     -0.875876      0.709947      0.709947      1.419894
     -0.865866      0.716735      0.716735      1.433470
     -0.855856      1.057533      1.057533      2.115065
     -0.845846      1.767899      1.767899      3.535798
     -0.835836      2.888418      2.888418      5.776835
     -0.825826      4.414822      4.414822      8.829643
     -0.815816      6.247087      6.247087     12.494174
     -0.805806      8.164411      8.164411     16.328821
     -0.795796      9.849746      9.849746     19.699492
     -0.785786     10.967984     10.967984     21.935968
     -0.775776     11.272462     11.272462     22.544924
     -0.765766     10.692977     10.692977     21.385953
     -0.755756      9.361961      9.361961     18.723922
     -0.745746      7.565342      7.565342     15.130684
     -0.735736      5.642994      5.642994     11.285987
     -0.725726      3.886288      3.886288      7.772575
     -0.715716      2.474646      2.474646      4.949291
     -0.705706      1.466821      1.466821      2.933643
     -0.695696      0.835179      0.835179      1.670357
     -0.685686      0.517603      0.517603      1.035206
     -0.675676      0.463998      0.463998      0.927995
     -0.665666      0.664320      0.664320      1.328639
     -0.655656      1.153644      1.153644      2.307288
     -0.645646      1.993736      1.993736      3.987472
     -0.635636      3.233467      3.233467      6.466934
     -0.625626      4.856927      4.856927      9.713854
     -0.615616      6.738323      6.738323     13.476646
     -0.605606      8.629640      8.629640     17.259280
     -0.595596     10.200783     10.200783     20.401565
     -0.585586     11.129197     11.129197     22.258395
     -0.575576     11.206799     11.206799     22.413598
     -0.565566     10.415648     10.415648     20.831296
     -0.555556      8.934657      8.934657     17.869314
     -0.545546      7.073858      7.073858     14.147716
     -0.535536      5.169180      5.169180     10.338359
     -0.525526      3.486372      3.486372      6.972745
     -0.515516      2.170265      2.170265      4.340530
     -0.505506      1.246920      1.246920      2.493840
     -0.495495      0.661228      0.661228      1.322456
     -0.485485      0.323632      0.323632      0.647263
     -0.475475      0.146197      0.146197      0.292393
     -0.465465      0.060955      0.060955      0.121910
     -0.455455      0.023457      0.023457      0.046914
     -0.445445      0.008332      0.008332      0.016663
     -0.435435      0.002732      0.002732      0.005464
     -0.425425      0.000829      0.000829      0.001659
     -0.415415      0.000244      0.000244      0.000489
     -0.405405      0.000117      0.000117      0.000234
     -0.395395      0.000238      0.000238      0.000477
     -0.385385      0.000807      0.000807      0.001614
     -0.375375      0.002662      0.002662      0.005325
     -0.365365      0.008134      0.008134      0.016269
     -0.355355      0.022942      0.022942      0.045885
     -0.345345      0.059725      0.059725      0.119450
     -0.335335      0.143502      0.143502      0.287003
     -0.325325      0.318233      0.318233      0.636466
     -0.315315      0.651360      0.651360      1.302720
     -0.305305      1.230506      1.230506      2.461011
     -0.295295      2.145522      2.145522      4.291043
     -0.285285      3.452781      3.452781      6.905562
     -0.275275      5.128520      5.128520     10.257040
     -0.265265      7.030754      7.030754     14.061508
     -0.255255      8.896078      8.896078     17.792157
     -0.245245     10.389201     10.389201     20.778402
     -0.235235     11.198312     11.198312     22.396623
     -0.225225     11.140631     11.140631     22.281262
     -0.215215     10.229488     10.229488     20.458976
     -0.205205      8.669316      8.669316     17.338633
     -0.195195      6.781139      6.781139     13.562278
     -0.185185      4.895615      4.895615      9.791231
     -0.175175      3.262111      3.262111      6.524223
     -0.165165      2.006214      2.006214      4.012427
     -0.155155      1.138787      1.138787      2.277573
     -0.145145      0.596615      0.596615      1.193231
     -0.135135      0.288492      0.288492      0.576983
     -0.125125      0.128754      0.128754      0.257507
     -0.115115      0.053036      0.053036      0.106072
     -0.105105      0.020164      0.020164      0.040327
     -0.095095      0.007076      0.007076      0.014151
     -0.085085      0.002292      0.002292      0.004583
     -0.075075      0.000685      0.000685      0.001370
     -0.065065      0.000189      0.000189      0.000378
     -0.055055      0.000048      0.000048      0.000096
     -0.045045      0.000011      0.000011      0.000023
     -0.035035      0.000002      0.000002      0.000005
     -0.025025      0.000000      0.000000      0.000001
     -0.015015      0.000000      0.000000      0.000000
     -0.005005      0.000000      0.000000      0.000000
      0.005005      0.000000      0.000000      0.000000
      0.015015      0.000000      0.000000      0.000000
      0.025025      0.000000      0.000000      0.000001
      0.035035      0.000002      0.000002      0.000005
      0.045045      0.000011      0.000011      0.000023
      0.055055      0.000048      0.000048      0.000096
      0.065065      0.000189      0.000189      0.000378
      0.075075      0.000685      0.000685      0.001370
      0.085085      0.002292      0.002292      0.004583
      0.095095      0.007076      0.007076      0.014151
      0.105105      0.020164      0.020164      0.040328
      0.115115      0.053036      0.053036      0.106072
      0.125125      0.128754      0.128754      0.257507
      0.135135      0.288492      0.288492      0.576984
      0.145145      0.596616      0.596616      1.193231
      0.155155      1.138787      1.138787      2.277575
      0.165165      2.006215      2.006215      4.012429
      0.175175      3.262113      3.262113      6.524226
      0.185185      4.895617      4.895617      9.791235
      0.195195      6.781141      6.781141     13.562282
      0.205205      8.669318      8.669318     17.338636
      0.215215     10.229489     10.229489     20.458979
      0.225225     11.140632     11.140632     22.281263
      0.235235     11.198311     11.198311     22.396622
      0.245245     10.389200     10.389200     20.778400
      0.255255      8.896077      8.896077     17.792153
      0.265265      7.030752      7.030752     14.061504
      0.275275      5.128518      5.128518     10.257036
      0.285285      3.452780      3.452780      6.905559
      0.295295      2.145521      2.145521      4.291041
      0.305305      1.230505      1.230505      2.461010
      0.315315      0.651360      0.651360      1.302719
      0.325325      0.318233      0.318233      0.636466
      0.335335      0.143501      0.143501      0.287003
      0.345345      0.059725      0.059725      0.119450
      0.355355      0.022942      0.022942      0.045885
      0.365365      0.008134      0.008134      0.016268
      0.375375      0.002662      0.002662      0.005324
      0.385385      0.000806      0.000806      0.001611
      0.395395      0.000232      0.000232      0.000464
      0.405405      0.000091      0.000091      0.000183
      0.415415      0.000149      0.000149      0.000298
      0.425425      0.000504      0.000504      0.001007
      0.435435      0.001709      0.001709      0.003419
      0.445445      0.005383      0.005383      0.010765
      0.455455      0.015649      0.015649      0.031298
      0.465465      0.041991      0.041991      0.083982
      0.475475      0.103997      0.103997      0.207995
      0.485485      0.237724      0.237724      0.475447
      0.495495      0.501544      0.501544      1.003088
      0.505506      0.976637      0.976637      1.953273
      0.515516      1.755269      1.755269      3.510539
      0.525526      2.911664      2.911664      5.823329
      0.535536      4.457853      4.457853      8.915706
      0.545546      6.299368      6.299368     12.598737
      0.555556      8.215901      8.215901     16.431803
      0.565566      9.890098      9.890098     19.780195
      0.575576     10.988386     10.988386     21.976772
      0.585586     11.268299     11.268299     22.536598
      0.595596     10.665617     10.665617     21.331233
      0.605606      9.318855      9.318855     18.637711
      0.615616      7.519046      7.519046     15.038093
      0.625626      5.611128      5.611128     11.222257
      0.635636      3.895182      3.895182      7.790364
      0.645646      2.568965      2.568965      5.137929
      0.655656      1.725459      1.725459      3.450917
      0.665666      1.389556      1.389556      2.779111
      0.675676      1.562364      1.562364      3.124728
      0.685686      2.244106      2.244106      4.488213
      0.695696      3.422128      3.422128      6.844256
      0.705706      5.031273      5.031273     10.062547
      0.715716      6.912078      6.912078     13.824156
      0.725726      8.799862      8.799862     17.599724
      0.735736     10.368190     10.368190     20.736381
      0.745746     11.323472     11.323472     22.646943
      0.755756     11.515673     11.515673     23.031347
      0.765766     11.012595     11.012595     22.025190
      0.775776     10.095559     10.095559     20.191118
      0.785786      9.169185      9.169185     18.338370
      0.795796      8.617847      8.617847     17.235694
      0.805806      8.665330      8.665330     17.330660
      0.815816      9.292463      9.292463     18.584926
      0.825826     10.244183     10.244183     20.488365
      0.835836     11.123350     11.123350     22.246700
      0.845846     11.535376     11.535376     23.070751
      0.855856     11.226989     11.226989     22.453977
      0.865866     10.164559     10.164559     20.329119
      0.875876      8.524588      8.524588     17.049175
      0.885886      6.609445      6.609445     13.218891
      0.895896      4.733387      4.733387      9.466774
      0.905906      3.129802      3.129802      6.259603
      0.915916      1.910411      1.910411      3.820822
      0.925926      1.076530      1.076530      2.153059
      0.935936      0.560551      0.560551      1.121103
      0.945946      0.271481      0.271481      0.542961
      0.955956      0.127672      0.127672      0.255344
      0.965966      0.072997      0.072997      0.145993
      0.975976      0.081432      0.081432      0.162863
      0.985986      0.157245      0.157245      0.314489
      0.995996      0.335110      0.335110      0.670219
      1.006006      0.679472      0.679472      1.358945
      1.016016      1.277862      1.277862      2.555723
      1.026026      2.221259      2.221259      4.442519
      1.036036      3.568779      3.568779      7.137559
      1.046046      5.304354      5.304354     10.608708
      1.056056      7.305645      7.305645     14.611291
      1.066066      9.350366      9.350366     18.700732
      1.076076     11.173494     11.173494     22.346987
      1.086086     12.560959     12.560959     25.121918
      1.096096     13.436649     13.436649     26.873298
      1.106106     13.892545     13.892545     27.785090
      1.116116     14.138476     14.138476     28.276952
      1.126126     14.395652     14.395652     28.791305
      1.136136     14.794475     14.794475     29.588951
      1.146146     15.333923     15.333923     30.667846
      1.156156     15.917267     15.917267     31.834534
      1.166166     16.428321     16.428321     32.856641
      1.176176     16.792073     16.792073     33.584145
      1.186186     16.987014     16.987014     33.974027
      1.196196     17.020692     17.020692     34.041384
      1.206206     16.905916     16.905916     33.811831
      1.216216     16.661962     16.661962     33.323923
      1.226226     16.329660     16.329660     32.659320
      1.236236     15.968245     15.968245     31.936491
      1.246246     15.617523     15.617523     31.235047
      1.256256     15.246892     15.246892     30.493784
      1.266266     14.736182     14.736182     29.472364
      1.276276     13.917595     13.917595     27.835190
      1.286286     12.664209     12.664209     25.328418
      1.296296     10.974851     10.974851     21.949702
      1.306306      9.006470      9.006470     18.012941
      1.316316      7.040749      7.040749     14.081499
      1.326326      5.411829      5.411829     10.823657
      1.336336      4.436718      4.436718      8.873436
      1.346346      4.372601      4.372601      8.745202
      1.356356      5.394640      5.394640     10.789280
      1.366366      7.570754      7.570754     15.141507
      1.376376     10.819855     10.819855     21.639710
      1.386386     14.868678     14.868678     29.737355
      1.396396     19.245128     19.245128     38.490256
      1.406406     23.340904     23.340904     46.681808
      1.416416     26.540765     26.540765     53.081530
      1.426426     28.373009     28.373009     56.746017
      1.436436     28.617625     28.617625     57.235249
      1.446446     27.330612     27.330612     54.661224
      1.456456     24.789272     24.789272     49.578544
      1.466466     21.399742     21.399742     42.799484
      1.476476     17.611543     17.611543     35.223085
      1.486486     13.860426     13.860426     27.720851
      1.496496     10.535137     10.535137     21.070273
      1.506507      7.954296      7.954296     15.908592
      1.516517      6.345291      6.345291     12.690581
      1.526527      5.825307      5.825307     11.650615
      1.536537      6.387966      6.387966     12.775932
      1.546547      7.899690      7.899690     15.799380
      1.556557     10.111876     10.111876     20.223753
      1.566567     12.695730     12.695730     25.391459
      1.576577     15.300913     15.300913     30.601827
      1.586587     17.627279     17.627279     35.254558
      1.596597     19.489342     19.489342     38.978683
      1.606607     20.853943     20.853943     41.707886
      1.616617     21.841262     21.841262     43.682525
      1.626627     22.689113     22.689113     45.378226
      1.636637     23.685192     23.685192     47.370384
      1.646647     25.076309     25.076309     50.152618
      1.656657     26.974637     26.974637     53.949274
      1.666667     29.295183     29.295183     58.590366
      1.676677     31.760944     31.760944     63.521888
      1.686687     33.989586     33.989586     67.979172
      1.696697     35.633083     35.633083     71.266166
      1.706707     36.504184     36.504184     73.008368
      1.716717     36.620011     36.620011     73.240022
      1.726727     36.134970     36.134970     72.269940
      1.736737     35.203112     35.203112     70.406224
      1.746747     33.860785     33.860785     67.721569
      1.756757     32.014379     32.014379     64.028758
      1.766767     29.551651     29.551651     59.103302
      1.776777     26.509997     26.509997     53.019994
      1.786787     23.190200     23.190200     46.380400
      1.796797     20.131340     20.131340     40.262680
      1.806807     17.942207     17.942207     35.884414
      1.816817     17.064267     17.064267     34.128534
      1.826827     17.576198     17.576198     35.152396
      1.836837     19.129673     19.129673     38.259346
      1.846847     21.048800     21.048800     42.097601
      1.856857     22.558787     22.558787     45.117574
      1.866867     23.056549     23.056549     46.113099
      1.876877     22.315975     22.315975     44.631949
      1.886887     20.544494     20.544494     41.088988
      1.896897     18.270381     18.270381     36.540762
      1.906907     16.115050     16.115050     32.230101
      1.916917     14.554855     14.554855     29.109710
      1.926927     13.776799     13.776799     27.553597
      1.936937     13.683068     13.683068     27.366135
      1.946947     14.025532     14.025532     28.051063
      1.956957     14.588955     14.588955     29.177909
      1.966967     15.320155     15.320155     30.640309
      1.976977     16.331433     16.331433     32.662865
      1.986987     17.777455     17.777455     35.554909
      1.996997     19.680140     19.680140     39.360281
      2.007007     21.812948     21.812948     43.625897
      2.017017     23.727693     23.727693     47.455385
      2.027027     24.924231     24.924231     49.848461
      2.037037     25.073675     25.073675     50.147351
      2.047047     24.167110     24.167110     48.334220
      2.057057     22.502918     22.502918     45.005837
      2.067067     20.522849     20.522849     41.045699
      2.077077     18.596727     18.596727     37.193454
      2.087087     16.880003     16.880003     33.760006
      2.097097     15.314966     15.314966     30.629931
      2.107107     13.755838     13.755838     27.511675
      2.117117     12.130937     12.130937     24.261874
      2.127127     10.548517     10.548517     21.097034
      2.137137      9.298970      9.298970     18.597940
      2.147147      8.765832      8.765832     17.531664
      2.157157      9.294603      9.294603     18.589207
      2.167167     11.070836     11.070836     22.141673
      2.177177     14.040852     14.040852     28.081704
      2.187187     17.889294     17.889294     35.778587
      2.197197     22.076177     22.076177     44.152354
      2.207207     25.928589     25.928589     51.857177
      2.217217     28.772461     28.772461     57.544922
      2.227227     30.077379     30.077379     60.154757
      2.237237     29.577832     29.577832     59.155664
      2.247247     27.334784     27.334784     54.669567
      2.257257     23.715558     23.715558     47.431117
      2.267267     19.295640     19.295640     38.591280
      2.277277     14.714129     14.714129     29.428257
      2.287287     10.532522     10.532522     21.065044
      2.297297      7.143928      7.143928     14.287856
      2.307307      4.756664      4.756664      9.513328
      2.317317      3.443674      3.443674      6.887349
      2.327327      3.223149      3.223149      6.446297
      2.337337      4.126896      4.126896      8.253793
      2.347347      6.222350      6.222350     12.444701
      2.357357      9.575175      9.575175     19.150350
      2.367367     14.164136     14.164136     28.328271
      2.377377     19.781144     19.781144     39.562288
      2.387387     25.961515     25.961515     51.923030
      2.397397     31.987339     31.987339     63.974678
      2.407407     36.987384     36.987384     73.974767
      2.417417     40.122185     40.122185     80.244369
      2.427427     40.803501     40.803501     81.607002
      2.437437     38.870933     38.870933     77.741865
      2.447447     34.653197     34.653197     69.306394
      2.457457     28.882555     28.882555     57.765110
      2.467467     22.492249     22.492249     44.984498
      2.477477     16.376996     16.376996     32.753991
      2.487487     11.207529     11.207529     22.415059
      2.497497      7.356825      7.356825     14.713650
      2.507508      4.939111      4.939111      9.878223
      2.517518      3.914792      3.914792      7.829585
      2.527528      4.196673      4.196673      8.393346
      2.537538      5.707166      5.707166     11.414332
      2.547548      8.369095      8.369095     16.738191
      2.557558     12.047142     12.047142     24.094283
      2.567568     16.479943     16.479943     32.959887
      2.577578     21.247554     21.247554     42.495109
      2.587588     25.804648     25.804648     51.609296
      2.597598     29.581574     29.581574     59.163147
      2.607608     32.123573     32.123573     64.247145
      2.617618     33.216611     33.216611     66.433222
      2.627628     32.947990     32.947990     65.895980
      2.637638     31.674808     31.674808     63.349616
      2.647648     29.914050     29.914050     59.828100
      2.657658     28.203586     28.203586     56.407172
      2.667668     26.992104     26.992104     53.984208
      2.677678     26.591720     26.591720     53.183440
      2.687688     27.185676     27.185676     54.371352
      2.697698     28.852954     28.852954     57.705908
      2.707708     31.570442     31.570442     63.140885
      2.717718     35.179055     35.179055     70.358109
      2.727728     39.334833     39.334833     78.669666
      2.737738     43.489935     43.489935     86.979870
      2.747748     46.948622     46.948622     93.897245
      2.757758     49.015293     49.015293     98.030586
      2.767768     49.201740     49.201740     98.403480
      2.777778     47.412048     47.412048     94.824096
      2.787788     44.009365     44.009365     88.018730
      2.797798     39.710787     39.710787     79.421575
      2.807808     35.340339     35.340339     70.680678
      2.817818     31.546865     31.546865     63.093731
      2.827828     28.613553     28.613553     57.227105
      2.837838     26.435911     26.435911     52.871823
      2.847848     24.658671     24.658671     49.317343
      2.857858     22.891261     22.891261     45.782522
      2.867868     20.899969     20.899969     41.799939
      2.877878     18.701544     18.701544     37.403089
      2.887888     16.534444     16.534444     33.068887
      2.897898     14.735195     14.735195     29.470390
      2.907908     13.582346     13.582346     27.164692
      2.917918     13.180367     13.180367     26.360734
      2.927928     13.436282     13.436282     26.872563
      2.937938     14.136476     14.136476     28.272952
      2.947948     15.077626     15.077626     30.155253
      2.957958     16.172199     16.172199     32.344398
      2.967968     17.459541     17.459541     34.919081
      2.977978     19.009058     19.009058     38.018116
      2.987988     20.772856     20.772856     41.545713
      2.997998     22.486046     22.486046     44.972092
      3.008008     23.692520     23.692520     47.385041
      3.018018     23.900381     23.900381     47.800761
      3.028028     22.790154     22.790154     45.580307
      3.038038     20.363989     20.363989     40.727977
      3.048048     16.957829     16.957829     33.915658
      3.058058     13.116965     13.116965     26.233930
      3.068068      9.406055      9.406055     18.812110
      3.078078      6.246047      6.246047     12.492093
      3.088088      3.838597      3.838597      7.677194
      3.098098      2.183472      2.183472      4.366943
      3.108108      1.152626      1.152626      2.305252
      3.118118      0.574379      0.574379      1.148758
      3.128128      0.296380      0.296380      0.592761
      3.138138      0.219033      0.219033      0.438067
      3.148148      0.306685      0.306685      0.613370
      3.158158      0.587364      0.587364      1.174728
      3.168168      1.146336      1.146336      2.292672
      3.178178      2.110711      2.110711      4.221423
      3.188188      3.617954      3.617954      7.235908
      3.198198      5.764387      5.764387     11.528773
      3.208208      8.541010      8.541010     17.082020
      3.218218     11.778215     11.778215     23.556430
      3.228228     15.129066     15.129066     30.258133
      3.238238     18.114012     18.114012     36.228024
      3.248248     20.226898     20.226898     40.453796
      3.258258     21.072398     21.072398     42.144796
      3.268268     20.484686     20.484686     40.969373
      3.278278     18.579494     18.579494     37.158987
      3.288288     15.717697     15.717697     31.435393
      3.298298     12.395845     12.395845     24.791689
      3.308308      9.108417      9.108417     18.216834
      3.318318      6.233717      6.233717     12.467435
      3.328328      3.978604      3.978604      7.957208
      3.338338      2.388067      2.388067      4.776134
      3.348348      1.400161      1.400161      2.800322
      3.358358      0.915683      0.915683      1.831366
      3.368368      0.855532      0.855532      1.711063
      3.378378      1.189566      1.189566      2.379131
      3.388388      1.931597      1.931597      3.863194
      3.398398      3.103844      3.103844      6.207687
      3.408408      4.682923      4.682923      9.365846
      3.418418      6.549398      6.549398     13.098795
      3.428428      8.469180      8.469180     16.938359
      3.438438     10.129178     10.129178     20.258356
      3.448448     11.227204     11.227204     22.454409
      3.458458     11.585369     11.585369     23.170739
      3.468468     11.235440     11.235440     22.470880
      3.478478     10.430085     10.430085     20.860170
      3.488488      9.566202      9.566202     19.132403
      3.498498      9.048338      9.048338     18.096676
      3.508509      9.148710      9.148710     18.297420
      3.518519      9.921562      9.921562     19.843124
      3.528529     11.204798     11.204798     22.409595
      3.538539     12.702841     12.702841     25.405682
      3.548549     14.108279     14.108279     28.216559
      3.558559     15.202787     15.202787     30.405574
      3.568569     15.891444     15.891444     31.782888
      3.578579     16.164950     16.164950     32.329900
      3.588589     16.028563     16.028563     32.057126
      3.598599     15.454717     15.454717     30.909434
      3.608609     14.394045     14.394045     28.788090
      3.618619     12.833085     12.833085     25.666170
      3.628629     10.851691     10.851691     21.703382
      3.638639      8.634936      8.634936     17.269872
      3.648649      6.428576      6.428576     12.857151
      3.658659      4.465404      4.465404      8.930809
      3.668669      2.904772      2.904772      5.809545
      3.678679      1.813570      1.813570      3.627139
      3.688689      1.189347      1.189347      2.378693
      3.698699      1.004578      1.004578      2.009155
      3.708709      1.244867      1.244867      2.489733
      3.718719      1.920818      1.920818      3.841636
      3.728729      3.046591      3.046591      6.093182
      3.738739      4.593258      4.593258      9.186516
      3.748749      6.439041      6.439041     12.878082
      3.758759      8.346305      8.346305     16.692609
      3.768769      9.989543      9.989543     19.979086
      3.778779     11.036477     11.036477     22.072954
      3.788789     11.254171     11.254171     22.508341
      3.798799     10.592199     10.592199     21.184398
      3.808809      9.201239      9.201239     18.402478
      3.818819      7.377233      7.377233     14.754466
      3.828829      5.459182      5.459182     10.918365
      3.838839      3.728627      3.728627      7.457253
      3.848849      2.350495      2.350495      4.700989
      3.858859      1.367642      1.367642      2.735284
      3.868869      0.734661      0.734661      1.469323
      3.878879      0.364930      0.364930      0.729860
      3.888889      0.169571      0.169571      0.339142
      3.898899      0.079564      0.079564      0.159128
      3.908909      0.053299      0.053299      0.106598
      3.918919      0.076785      0.076785      0.153570
      3.928929      0.163054      0.163054      0.326109
      3.938939      0.353550      0.353550      0.707100
      3.948949      0.719665      0.719665      1.439331
      3.958959      1.358867      1.358867      2.717733
      3.968969      2.378920      2.378920      4.757840
      3.978979      3.867783      3.867783      7.735566
      3.988989      5.855867      5.855867     11.711735
      3.998999      8.287249      8.287249     16.574498
      4.009009     11.018710     11.018710     22.037419
      4.019019     13.853925     13.853925     27.707851
      4.029029     16.598164     16.598164     33.196329
      4.039039     19.101601     19.101601     38.203201
      4.049049     21.263173     21.263173     42.526345
      4.059059     22.994275     22.994275     45.988550
      4.069069     24.174483     24.174483     48.348966
      4.079079     24.643724     24.643724     49.287448
      4.089089     24.254073     24.254073     48.508146
      4.099099     22.962319     22.962319     45.924638
      4.109109     20.910739     20.910739     41.821479
      4.119119     18.441542     18.441542     36.883083
      4.129129     16.022138     16.022138     32.044276
      4.139139     14.105092     14.105092     28.210183
      4.149149     12.982397     12.982397     25.964795
      4.159159     12.700277     12.700277     25.400554
      4.169169     13.074401     13.074401     26.148802
      4.179179     13.798203     13.798203     27.596406
      4.189189     14.591621     14.591621     29.183242
      4.199199     15.318440     15.318440     30.636881
      4.209209     16.019850     16.019850     32.039700
      4.219219     16.859392     16.859392     33.718783
      4.229229     18.020177     18.020177     36.040354
      4.239239     19.609862     19.609862     39.219723
      4.249249     21.607622     21.607622     43.215244
      4.259259     23.854282     23.854282     47.708563
      4.269269     26.071888     26.071888     52.143775
      4.279279     27.908741     27.908741     55.817482
      4.289289     29.017226     29.017226     58.034453
      4.299299     29.159172     29.159172     58.318344
      4.309309     28.301057     28.301057     56.602114
      4.319319     26.643619     26.643619     53.287238
      4.329329     24.556782     24.556782     49.113563
      4.339339     22.450100     22.450100     44.900200
      4.349349     20.653370     20.653370     41.306740
      4.359359     19.370539     19.370539     38.741077
      4.369369     18.708847     18.708847     37.417694
      4.379379     18.725056     18.725056     37.450112
      4.389389     19.423181     19.423181     38.846362
      4.399399     20.690320     20.690320     41.380640
      4.409409     22.225288     22.225288     44.450576
      4.419419     23.541041     23.541041     47.082081
      4.429429     24.081576     24.081576     48.163151
      4.439439     23.415120     23.415120     46.830240
      4.449449     21.406326     21.406326     42.812652
      4.459459     18.274440     18.274440     36.548881
      4.469469     14.508325     14.508325     29.016650
      4.479479     10.687552     10.687552     21.375104
      4.489489      7.300731      7.300731     14.601463
      4.499499      4.638008      4.638008      9.276015
      4.509510      2.783802      2.783802      5.567604
      4.519520      1.685552      1.685552      3.371105
      4.529530      1.250374      1.250374      2.500748
      4.539540      1.425556      1.425556      2.851112
      4.549550      2.235972      2.235972      4.471943
      4.559560      3.768162      3.768162      7.536324
      4.569570      6.104447      6.104447     12.208893
      4.579580      9.226145      9.226145     18.452289
      4.589590     12.924437     12.924437     25.848874
      4.599600     16.770591     16.770591     33.541183
      4.609610     20.187027     20.187027     40.374054
      4.619620     22.618693     22.618693     45.237386
      4.629630     23.745626     23.745626     47.491252
      4.639640     23.637933     23.637933     47.275866
      4.649650     22.766151     22.766151     45.532303
      4.659660     21.844496     21.844496     43.688992
      4.669670     21.566889     21.566889     43.133777
      4.679680     22.347481     22.347481     44.694963
      4.689690     24.170970     24.170970     48.341941
      4.699700     26.602961     26.602961     53.205921
      4.709710     28.942148     28.942148     57.884296
      4.719720     30.448069     30.448069     60.896137
      4.729730     30.564632     30.564632     61.129263
      4.739740     29.074566     29.074566     58.149132
      4.749750     26.149328     26.149328     52.298656
      4.759760     22.291649     22.291649     44.583297
      4.769770     18.196855     18.196855     36.393709
      4.779780     14.578708     14.578708     29.157416
      4.789790     12.010651     12.010651     24.021302
      4.799800     10.822725     10.822725     21.645450
      4.809810     11.072954     11.072954     22.145908
      4.819820     12.587829     12.587829     25.175659
      4.829830     15.046398     15.046398     30.092796
      4.839840     18.071230     18.071230     36.142459
      4.849850     21.292268     21.292268     42.584537
      4.859860     24.369504     24.369504     48.739008
      4.869870     26.990452     26.990452     53.980904
      4.879880     28.878365     28.878365     57.756730
      4.889890     29.836863     29.836863     59.673725
      4.899900     29.818486     29.818486     59.636972
      4.909910     28.968601     28.968601     57.937202
      4.919920     27.596811     27.596811     55.193622
      4.929930     26.070815     26.070815     52.141630
      4.939940     24.680169     24.680169     49.360337
      4.949950     23.538088     23.538088     47.076175
      4.959960     22.564745     22.564745     45.129491
      4.969970     21.548955     21.548955     43.097911
      4.979980     20.251145     20.251145     40.502289
      4.989990     18.504426     18.504426     37.008853
      5.000000     16.283278     16.283278     32.566555
