# EIG2DOS: Utility for SIESTA to obtain the electronic density of states
#  E. Artacho, Apr 1999, A. Garcia, Apr 2012
#  Nick R. Papior, Feb 2017
# ------------------------------------------
# Eigenvalues calculated from a non-polarized calculation
# Eigenvalues read from siesta.EIG
# Kpoint weights read from siesta.KP
# Using smearing parameter:   0.0500
# Using 1000 points in the energy range
# Selected bands: 1 to: 2981
# Emin, Emax in file for selected band(s):    -27.2284741    218.3812390
# Nbands, Nspin, Nk   =   2981     1     1
# E_F                 =    -4.2195 eV --> (shifted to ZERO)
# Broadening          =     0.0500 eV
#
#        E            N(up)  (=)   N(down)         Ntot
     -5.000000     32.602070     32.602070     65.204140
     -4.989990     37.054870     37.054870     74.109741
     -4.979980     41.098408     41.098408     82.196816
     -4.969970     44.082844     44.082844     88.165687
     -4.959960     45.474475     45.474475     90.948949
     -4.949950     45.031116     45.031116     90.062233
     -4.939940     42.890754     42.890754     85.781508
     -4.929930     39.550595     39.550595     79.101190
     -4.919920     35.763704     35.763704     71.527409
     -4.909910     32.401163     32.401163     64.802326
     -4.899900     30.310825     30.310825     60.621649
     -4.889890     30.172506     30.172506     60.345011
     -4.879880     32.340267     32.340267     64.680534
     -4.869870     36.691887     36.691887     73.383774
     -4.859860     42.551256     42.551256     85.102513
     -4.849850     48.764286     48.764286     97.528572
     -4.839840     53.961108     53.961108    107.922215
     -4.829830     56.942352     56.942352    113.884704
     -4.819820     57.043518     57.043518    114.087035
     -4.809810     54.320098     54.320098    108.640196
     -4.799800     49.474273     49.474273     98.948545
     -4.789790     43.568067     43.568067     87.136133
     -4.779780     37.662964     37.662964     75.325929
     -4.769770     32.538328     32.538328     65.076656
     -4.759760     28.574551     28.574551     57.149102
     -4.749750     25.793810     25.793810     51.587620
     -4.739740     23.988867     23.988867     47.977733
     -4.729730     22.861783     22.861783     45.723567
     -4.719720     22.124288     22.124288     44.248577
     -4.709710     21.549646     21.549646     43.099292
     -4.699700     20.991431     20.991431     41.982861
     -4.689690     20.391507     20.391507     40.783013
     -4.679680     19.790611     19.790611     39.581223
     -4.669670     19.338075     19.338075     38.676150
     -4.659660     19.284667     19.284667     38.569335
     -4.649650     19.944678     19.944678     39.889356
     -4.639640     21.628424     21.628424     43.256849
     -4.629630     24.560585     24.560585     49.121170
     -4.619620     28.801416     28.801416     57.602832
     -4.609610     34.181788     34.181788     68.363577
     -4.599600     40.264497     40.264497     80.528995
     -4.589590     46.357917     46.357917     92.715833
     -4.579580     51.615687     51.615687    103.231374
     -4.569570     55.233064     55.233064    110.466127
     -4.559560     56.695684     56.695684    113.391367
     -4.549550     55.982938     55.982938    111.965877
     -4.539540     53.620010     53.620010    107.240020
     -4.529530     50.527945     50.527945    101.055890
     -4.519520     47.714453     47.714453     95.428906
     -4.509510     45.927368     45.927368     91.854736
     -4.499499     45.413425     45.413425     90.826850
     -4.489489     45.876673     45.876673     91.753346
     -4.479479     46.640034     46.640034     93.280069
     -4.469469     46.926871     46.926871     93.853742
     -4.459459     46.138340     46.138340     92.276679
     -4.449449     44.022092     44.022092     88.044184
     -4.439439     40.692185     40.692185     81.384370
     -4.429429     36.531742     36.531742     73.063483
     -4.419419     32.051800     32.051800     64.103600
     -4.409409     27.774531     27.774531     55.549061
     -4.399399     24.167569     24.167569     48.335137
     -4.389389     21.610918     21.610918     43.221835
     -4.379379     20.361025     20.361025     40.722051
     -4.369369     20.497744     20.497744     40.995489
     -4.359359     21.878360     21.878360     43.756720
     -4.349349     24.143954     24.143954     48.287908
     -4.339339     26.806224     26.806224     53.612448
     -4.329329     29.397267     29.397267     58.794534
     -4.319319     31.622894     31.622894     63.245787
     -4.309309     33.450453     33.450453     66.900905
     -4.299299     35.089570     35.089570     70.179141
     -4.289289     36.869875     36.869875     73.739749
     -4.279279     39.059801     39.059801     78.119601
     -4.269269     41.692504     41.692504     83.385008
     -4.259259     44.468077     44.468077     88.936154
     -4.249249     46.785312     46.785312     93.570624
     -4.239239     47.916537     47.916537     95.833075
     -4.229229     47.277874     47.277874     94.555749
     -4.219219     44.688430     44.688430     89.376860
     -4.209209     40.494845     40.494845     80.989690
     -4.199199     35.487790     35.487790     70.975581
     -4.189189     30.637080     30.637080     61.274159
     -4.179179     26.765185     26.765185     53.530371
     -4.169169     24.307579     24.307579     48.615159
     -4.159159     23.256506     23.256506     46.513012
     -4.149149     23.287996     23.287996     46.575991
     -4.139139     23.987558     23.987558     47.975116
     -4.129129     25.057638     25.057638     50.115276
     -4.119119     26.413505     26.413505     52.827010
     -4.109109     28.132892     28.132892     56.265784
     -4.099099     30.292836     30.292836     60.585672
     -4.089089     32.782521     32.782521     65.565042
     -4.079079     35.201745     35.201745     70.403490
     -4.069069     36.922890     36.922890     73.845780
     -4.059059     37.312863     37.312863     74.625726
     -4.049049     36.017711     36.017711     72.035422
     -4.039039     33.164317     33.164317     66.328634
     -4.029029     29.368675     29.368675     58.737351
     -4.019019     25.542601     25.542601     51.085201
     -4.009009     22.596793     22.596793     45.193585
     -3.998999     21.181988     21.181988     42.363976
     -3.988989     21.570273     21.570273     43.140547
     -3.978979     23.690023     23.690023     47.380046
     -3.968969     27.251186     27.251186     54.502373
     -3.958959     31.876020     31.876020     63.752040
     -3.948949     37.183741     37.183741     74.367481
     -3.938939     42.829229     42.829229     85.658457
     -3.928929     48.523785     48.523785     97.047570
     -3.918919     54.054610     54.054610    108.109220
     -3.908909     59.289321     59.289321    118.578643
     -3.898899     64.137979     64.137979    128.275957
     -3.888889     68.466504     68.466504    136.933008
     -3.878879     71.997970     71.997970    143.995940
     -3.868869     74.267398     74.267398    148.534797
     -3.858859     74.684638     74.684638    149.369276
     -3.848849     72.709378     72.709378    145.418755
     -3.838839     68.079535     68.079535    136.159070
     -3.828829     60.995073     60.995073    121.990146
     -3.818819     52.167249     52.167249    104.334498
     -3.808809     42.696707     42.696707     85.393413
     -3.798799     33.816045     33.816045     67.632090
     -3.788789     26.587200     26.587200     53.174401
     -3.778779     21.656039     21.656039     43.312078
     -3.768769     19.136003     19.136003     38.272007
     -3.758759     18.641032     18.641032     37.282064
     -3.748749     19.441434     19.441434     38.882868
     -3.738739     20.689747     20.689747     41.379495
     -3.728729     21.656720     21.656720     43.313440
     -3.718719     21.922733     21.922733     43.845467
     -3.708709     21.481181     21.481181     42.962362
     -3.698699     20.726450     20.726450     41.452899
     -3.688689     20.322220     20.322220     40.644441
     -3.678679     20.976411     20.976411     41.952822
     -3.668669     23.182475     23.182475     46.364950
     -3.658659     27.010649     27.010649     54.021298
     -3.648649     32.030377     32.030377     64.060755
     -3.638639     37.405626     37.405626     74.811251
     -3.628629     42.136351     42.136351     84.272702
     -3.618619     45.353543     45.353543     90.707086
     -3.608609     46.551247     46.551247     93.102494
     -3.598599     45.674805     45.674805     91.349609
     -3.588589     43.058527     43.058527     86.117055
     -3.578579     39.270301     39.270301     78.540601
     -3.568569     34.938678     34.938678     69.877356
     -3.558559     30.612789     30.612789     61.225579
     -3.548549     26.670595     26.670595     53.341189
     -3.538539     23.275985     23.275985     46.551969
     -3.528529     20.388967     20.388967     40.777934
     -3.518519     17.833035     17.833035     35.666071
     -3.508509     15.405231     15.405231     30.810461
     -3.498498     12.988664     12.988664     25.977329
     -3.488488     10.619235     10.619235     21.238471
     -3.478478      8.479382      8.479382     16.958765
     -3.468468      6.828079      6.828079     13.656159
     -3.458458      5.902523      5.902523     11.805046
     -3.448448      5.829755      5.829755     11.659509
     -3.438438      6.573214      6.573214     13.146428
     -3.428428      7.925862      7.925862     15.851724
     -3.418418      9.554495      9.554495     19.108990
     -3.408408     11.092245     11.092245     22.184491
     -3.398398     12.259835     12.259835     24.519669
     -3.388388     12.975667     12.975667     25.951334
     -3.378378     13.407506     13.407506     26.815012
     -3.368368     13.937482     13.937482     27.874964
     -3.358358     15.050777     15.050777     30.101553
     -3.348348     17.191546     17.191546     34.383093
     -3.338338     20.634314     20.634314     41.268628
     -3.328328     25.395808     25.395808     50.791617
     -3.318318     31.186233     31.186233     62.372465
     -3.308308     37.397102     37.397102     74.794204
     -3.298298     43.145176     43.145176     86.290351
     -3.288288     47.407285     47.407285     94.814569
     -3.278278     49.254966     49.254966     98.509931
     -3.268268     48.132646     48.132646     96.265292
     -3.258258     44.065464     44.065464     88.130927
     -3.248248     37.687752     37.687752     75.375503
     -3.238238     30.062739     30.062739     60.125478
     -3.228228     22.370250     22.370250     44.740500
     -3.218218     15.601061     15.601061     31.202121
     -3.208208     10.376528     10.376528     20.753055
     -3.198198      6.931687      6.931687     13.863374
     -3.188188      5.216702      5.216702     10.433403
     -3.178178      5.033059      5.033059     10.066117
     -3.168168      6.136740      6.136740     12.273479
     -3.158158      8.285919      8.285919     16.571838
     -3.148148     11.250360     11.250360     22.500721
     -3.138138     14.811183     14.811183     29.622366
     -3.128128     18.763963     18.763963     37.527925
     -3.118118     22.915602     22.915602     45.831203
     -3.108108     27.060007     27.060007     54.120015
     -3.098098     30.937501     30.937501     61.875001
     -3.088088     34.211085     34.211085     68.422171
     -3.078078     36.499392     36.499392     72.998785
     -3.068068     37.475421     37.475421     74.950842
     -3.058058     36.989280     36.989280     73.978561
     -3.048048     35.142473     35.142473     70.284946
     -3.038038     32.261089     32.261089     64.522178
     -3.028028     28.777020     28.777020     57.554039
     -3.018018     25.085849     25.085849     50.171699
     -3.008008     21.462957     21.462957     42.925915
     -2.997998     18.076775     18.076775     36.153550
     -2.987988     15.073246     15.073246     30.146493
     -2.977978     12.664564     12.664564     25.329127
     -2.967968     11.160964     11.160964     22.321928
     -2.957958     10.923400     10.923400     21.846799
     -2.947948     12.256215     12.256215     24.512429
     -2.937938     15.281427     15.281427     30.562854
     -2.927928     19.839304     19.839304     39.678609
     -2.917918     25.453054     25.453054     50.906108
     -2.907908     31.382546     31.382546     62.765092
     -2.897898     36.769269     36.769269     73.538538
     -2.887888     40.841129     40.841129     81.682259
     -2.877878     43.112722     43.112722     86.225443
     -2.867868     43.504484     43.504484     87.008967
     -2.857858     42.327496     42.327496     84.654992
     -2.847848     40.135035     40.135035     80.270069
     -2.837838     37.502648     37.502648     75.005297
     -2.827828     34.833111     34.833111     69.666221
     -2.817818     32.270104     32.270104     64.540208
     -2.807808     29.749021     29.749021     59.498042
     -2.797798     27.143344     27.143344     54.286688
     -2.787788     24.418544     24.418544     48.837088
     -2.777778     21.707799     21.707799     43.415598
     -2.767768     19.273275     19.273275     38.546549
     -2.757758     17.384627     17.384627     34.769254
     -2.747748     16.193592     16.193592     32.387184
     -2.737738     15.682309     15.682309     31.364618
     -2.727728     15.713855     15.713855     31.427711
     -2.717718     16.146125     16.146125     32.292249
     -2.707708     16.927576     16.927576     33.855153
     -2.697698     18.105176     18.105176     36.210353
     -2.687688     19.736250     19.736250     39.472501
     -2.677678     21.767176     21.767176     43.534353
     -2.667668     23.972468     23.972468     47.944935
     -2.657658     26.012218     26.012218     52.024436
     -2.647648     27.584875     27.584875     55.169751
     -2.637638     28.581938     28.581938     57.163876
     -2.627628     29.143504     29.143504     58.287008
     -2.617618     29.576570     29.576570     59.153139
     -2.607608     30.186926     30.186926     60.373853
     -2.597598     31.126101     31.126101     62.252202
     -2.587588     32.332999     32.332999     64.665998
     -2.577578     33.578459     33.578459     67.156919
     -2.567568     34.558662     34.558662     69.117324
     -2.557558     34.975369     34.975369     69.950738
     -2.547548     34.582322     34.582322     69.164644
     -2.537538     33.221691     33.221691     66.443381
     -2.527528     30.879277     30.879277     61.758553
     -2.517518     27.750831     27.750831     55.501663
     -2.507508     24.272318     24.272318     48.544636
     -2.497497     21.064538     21.064538     42.129076
     -2.487487     18.783981     18.783981     37.567962
     -2.477477     17.927937     17.927937     35.855875
     -2.467467     18.674761     18.674761     37.349522
     -2.457457     20.830711     20.830711     41.661422
     -2.447447     23.910137     23.910137     47.820274
     -2.437437     27.318283     27.318283     54.636567
     -2.427427     30.560463     30.560463     61.120926
     -2.417417     33.387310     33.387310     66.774620
     -2.407407     35.811790     35.811790     71.623581
     -2.397397     37.991632     37.991632     75.983265
     -2.387387     40.036078     40.036078     80.072156
     -2.377377     41.836946     41.836946     83.673892
     -2.367367     43.018208     43.018208     86.036417
     -2.357357     43.044267     43.044267     86.088534
     -2.347347     41.447933     41.447933     82.895865
     -2.337337     38.074094     38.074094     76.148189
     -2.327327     33.221192     33.221192     66.442383
     -2.317317     27.610804     27.610804     55.221607
     -2.307307     22.199851     22.199851     44.399701
     -2.297297     17.920899     17.920899     35.841797
     -2.287287     15.455342     15.455342     30.910685
     -2.277277     15.109829     15.109829     30.219657
     -2.267267     16.808993     16.808993     33.617986
     -2.257257     20.173367     20.173367     40.346735
     -2.247247     24.636203     24.636203     49.272405
     -2.237237     29.560168     29.560168     59.120336
     -2.227227     34.329873     34.329873     68.659746
     -2.217217     38.410473     38.410473     76.820946
     -2.207207     41.375714     41.375714     82.751429
     -2.197197     42.920478     42.920478     85.840957
     -2.187187     42.877875     42.877875     85.755750
     -2.177177     41.251633     41.251633     82.503266
     -2.167167     38.251196     38.251196     76.502391
     -2.157157     34.294010     34.294010     68.588019
     -2.147147     29.939206     29.939206     59.878412
     -2.137137     25.749748     25.749748     51.499496
     -2.127127     22.129886     22.129886     44.259772
     -2.117117     19.214987     19.214987     38.429973
     -2.107107     16.873226     16.873226     33.746453
     -2.097097     14.819277     14.819277     29.638553
     -2.087087     12.777835     12.777835     25.555671
     -2.077077     10.611806     10.611806     21.223611
     -2.067067      8.359099      8.359099     16.718199
     -2.057057      6.179412      6.179412     12.358824
     -2.047047      4.258256      4.258256      8.516511
     -2.037037      2.724991      2.724991      5.449982
     -2.027027      1.618255      1.618255      3.236509
     -2.017017      0.898986      0.898986      1.797972
     -2.007007      0.490072      0.490072      0.980145
     -1.996997      0.319458      0.319458      0.638916
     -1.986987      0.353342      0.353342      0.706684
     -1.976977      0.616321      0.616321      1.232641
     -1.966967      1.198767      1.198767      2.397535
     -1.956957      2.248583      2.248583      4.497165
     -1.946947      3.940408      3.940408      7.880816
     -1.936937      6.417750      6.417750     12.835500
     -1.926927      9.715817      9.715817     19.431633
     -1.916917     13.690979     13.690979     27.381957
     -1.906907     17.994161     17.994161     35.988323
     -1.896897     22.116795     22.116795     44.233591
     -1.886887     25.507057     25.507057     51.014113
     -1.876877     27.716668     27.716668     55.433336
     -1.866867     28.519669     28.519669     57.039338
     -1.856857     27.958802     27.958802     55.917605
     -1.846847     26.312255     26.312255     52.624510
     -1.836837     24.006259     24.006259     48.012519
     -1.826827     21.507746     21.507746     43.015493
     -1.816817     19.220382     19.220382     38.440764
     -1.806807     17.397495     17.397495     34.794990
     -1.796797     16.088501     16.088501     32.177002
     -1.786787     15.141509     15.141509     30.283018
     -1.776777     14.274587     14.274587     28.549173
     -1.766767     13.197360     13.197360     26.394721
     -1.756757     11.733039     11.733039     23.466077
     -1.746747      9.885427      9.885427     19.770854
     -1.736737      7.824517      7.824517     15.649034
     -1.726727      5.808881      5.808881     11.617761
     -1.716717      4.092924      4.092924      8.185849
     -1.706707      2.864448      2.864448      5.728896
     -1.696697      2.229523      2.229523      4.459046
     -1.686687      2.229621      2.229621      4.459242
     -1.676677      2.860309      2.860309      5.720617
     -1.666667      4.068196      4.068196      8.136392
     -1.656657      5.725780      5.725780     11.451559
     -1.646647      7.607373      7.607373     15.214746
     -1.636637      9.398530      9.398530     18.797059
     -1.626627     10.758496     10.758496     21.516992
     -1.616617     11.425398     11.425398     22.850797
     -1.606607     11.324384     11.324384     22.648768
     -1.596597     10.629275     10.629275     21.258550
     -1.586587      9.745644      9.745644     19.491289
     -1.576577      9.216151      9.216151     18.432302
     -1.566567      9.576956      9.576956     19.153912
     -1.556557     11.204700     11.204700     22.409400
     -1.546547     14.190587     14.190587     28.381173
     -1.536537     18.272758     18.272758     36.545516
     -1.526527     22.853237     22.853237     45.706474
     -1.516517     27.112555     27.112555     54.225110
     -1.506507     30.205834     30.205834     60.411668
     -1.496496     31.486717     31.486717     62.973434
     -1.486486     30.683093     30.683093     61.366186
     -1.476476     27.960762     27.960762     55.921525
     -1.466466     23.856184     23.856184     47.712367
     -1.456456     19.113033     19.113033     38.226066
     -1.446446     14.490329     14.490329     28.980658
     -1.436436     10.607515     10.607515     21.215029
     -1.426426      7.861097      7.861097     15.722194
     -1.416416      6.409563      6.409563     12.819126
     -1.406406      6.199816      6.199816     12.399631
     -1.396396      7.009006      7.009006     14.018011
     -1.386386      8.493293      8.493293     16.986586
     -1.376376     10.251353     10.251353     20.502706
     -1.366366     11.908617     11.908617     23.817235
     -1.356356     13.207461     13.207461     26.414923
     -1.346346     14.066905     14.066905     28.133810
     -1.336336     14.576382     14.576382     29.152764
     -1.326326     14.919457     14.919457     29.838915
     -1.316316     15.265931     15.265931     30.531863
     -1.306306     15.691559     15.691559     31.383119
     -1.296296     16.164428     16.164428     32.328856
     -1.286286     16.589644     16.589644     33.179288
     -1.276276     16.866655     16.866655     33.733310
     -1.266266     16.915591     16.915591     33.831182
     -1.256256     16.665924     16.665924     33.331847
     -1.246246     16.038198     16.038198     32.076396
     -1.236236     14.954447     14.954447     29.908895
     -1.226226     13.382932     13.382932     26.765865
     -1.216216     11.386952     11.386952     22.773904
     -1.206206      9.138018      9.138018     18.276036
     -1.196196      6.877690      6.877690     13.755380
     -1.186186      4.848135      4.848135      9.696270
     -1.176176      3.230491      3.230491      6.460982
     -1.166166      2.120876      2.120876      4.241752
     -1.156156      1.547287      1.547287      3.094573
     -1.146146      1.506608      1.506608      3.013216
     -1.136136      1.992668      1.992668      3.985335
     -1.126126      2.994872      2.994872      5.989743
     -1.116116      4.465870      4.465870      8.931740
     -1.106106      6.277125      6.277125     12.554249
     -1.096096      8.194159      8.194159     16.388317
     -1.086086      9.900318      9.900318     19.800635
     -1.076076     11.076285     11.076285     22.152570
     -1.066066     11.510546     11.510546     23.021093
     -1.056056     11.191695     11.191695     22.383390
     -1.046046     10.334070     10.334070     20.668140
     -1.036036      9.316219      9.316219     18.632439
     -1.026026      8.551792      8.551792     17.103584
     -1.016016      8.342640      8.342640     16.685281
     -1.006006      8.770549      8.770549     17.541099
     -0.995996      9.667860      9.667860     19.335719
     -0.985986     10.677674     10.677674     21.355348
     -0.975976     11.381617     11.381617     22.763233
     -0.965966     11.447042     11.447042     22.894084
     -0.955956     10.736650     10.736650     21.473301
     -0.945946      9.338972      9.338972     18.677945
     -0.935936      7.514002      7.514002     15.028003
     -0.925926      5.586480      5.586480     11.172961
     -0.915916      3.838589      3.838589      7.677179
     -0.905906      2.444838      2.444838      4.889675
     -0.895896      1.463922      1.463922      2.927844
     -0.885886      0.874401      0.874401      1.748801
     -0.875876      0.627422      0.627422      1.254844
     -0.865866      0.691792      0.691792      1.383584
     -0.855856      1.076330      1.076330      2.152661
     -0.845846      1.823794      1.823794      3.647588
     -0.835836      2.977754      2.977754      5.955509
     -0.825826      4.531605      4.531605      9.063210
     -0.815816      6.378860      6.378860     12.757721
     -0.805806      8.291388      8.291388     16.582775
     -0.795796      9.948173      9.948173     19.896345
     -0.785786     11.016817     11.016817     22.033634
     -0.775776     11.260508     11.260508     22.521017
     -0.765766     10.623005     10.623005     21.246010
     -0.755756      9.249639      9.249639     18.499278
     -0.745746      7.433516      7.433516     14.867031
     -0.735736      5.514123      5.514123     11.028246
     -0.725726      3.776367      3.776367      7.552734
     -0.715716      2.390553      2.390553      4.781106
     -0.705706      1.406928      1.406928      2.813856
     -0.695696      0.791537      0.791537      1.583074
     -0.685686      0.477882      0.477882      0.955764
     -0.675676      0.412280      0.412280      0.824560
     -0.665666      0.581303      0.581303      1.162606
     -0.655656      1.017901      1.017901      2.035802
     -0.645646      1.785896      1.785896      3.571793
     -0.635636      2.943976      2.943976      5.887951
     -0.625626      4.495519      4.495519      8.991038
     -0.615616      6.340610      6.340610     12.681219
     -0.605606      8.255304      8.255304     16.510609
     -0.595596      9.920531      9.920531     19.841062
     -0.585586     11.003381     11.003381     22.006762
     -0.575576     11.264315     11.264315     22.528630
     -0.565566     10.643154     10.643154     21.286308
     -0.555556      9.281599      9.281599     18.563198
     -0.545546      7.470714      7.470714     14.941428
     -0.535536      5.549940      5.549940     11.099879
     -0.525526      3.805408      3.805408      7.610817
     -0.515516      2.408247      2.408247      4.816495
     -0.505506      1.406656      1.406656      2.813311
     -0.495495      0.758335      0.758335      1.516671
     -0.485485      0.377330      0.377330      0.754661
     -0.475475      0.173288      0.173288      0.346576
     -0.465465      0.073452      0.073452      0.146904
     -0.455455      0.028736      0.028736      0.057472
     -0.445445      0.010376      0.010376      0.020752
     -0.435435      0.003459      0.003459      0.006917
     -0.425425      0.001067      0.001067      0.002133
     -0.415415      0.000315      0.000315      0.000630
     -0.405405      0.000134      0.000134      0.000268
     -0.395395      0.000233      0.000233      0.000466
     -0.385385      0.000774      0.000774      0.001549
     -0.375375      0.002558      0.002558      0.005115
     -0.365365      0.007835      0.007835      0.015671
     -0.355355      0.022161      0.022161      0.044322
     -0.345345      0.057851      0.057851      0.115702
     -0.335335      0.139386      0.139386      0.278773
     -0.325325      0.309969      0.309969      0.619938
     -0.315315      0.636213      0.636213      1.272426
     -0.305305      1.205241      1.205241      2.410481
     -0.295295      2.107327      2.107327      4.214654
     -0.285285      3.400768      3.400768      6.801536
     -0.275275      5.065344      5.065344     10.130687
     -0.265265      6.963501      6.963501     13.927002
     -0.255255      8.835543      8.835543     17.671086
     -0.245245     10.347268     10.347268     20.694536
     -0.235235     11.184202     11.184202     22.368403
     -0.225225     11.157609     11.157609     22.315218
     -0.215215     10.273635     10.273635     20.547270
     -0.205205      8.731000      8.731000     17.462000
     -0.195195      6.848424      6.848424     13.696849
     -0.185185      4.957974      4.957974      9.915947
     -0.175175      3.312872      3.312872      6.625743
     -0.165165      2.043111      2.043111      4.086221
     -0.155155      1.162963      1.162963      2.325926
     -0.145145      0.610980      0.610980      1.221960
     -0.135135      0.296261      0.296261      0.592522
     -0.125125      0.132590      0.132590      0.265179
     -0.115115      0.054768      0.054768      0.109537
     -0.105105      0.020880      0.020880      0.041761
     -0.095095      0.007347      0.007347      0.014695
     -0.085085      0.002386      0.002386      0.004773
     -0.075075      0.000715      0.000715      0.001431
     -0.065065      0.000198      0.000198      0.000396
     -0.055055      0.000051      0.000051      0.000101
     -0.045045      0.000012      0.000012      0.000024
     -0.035035      0.000003      0.000003      0.000005
     -0.025025      0.000001      0.000001      0.000001
     -0.015015      0.000000      0.000000      0.000000
     -0.005005      0.000000      0.000000      0.000000
      0.005005      0.000000      0.000000      0.000000
      0.015015      0.000000      0.000000      0.000000
      0.025025      0.000001      0.000001      0.000001
      0.035035      0.000003      0.000003      0.000005
      0.045045      0.000012      0.000012      0.000024
      0.055055      0.000051      0.000051      0.000101
      0.065065      0.000198      0.000198      0.000396
      0.075075      0.000715      0.000715      0.001431
      0.085085      0.002386      0.002386      0.004773
      0.095095      0.007347      0.007347      0.014695
      0.105105      0.020880      0.020880      0.041761
      0.115115      0.054768      0.054768      0.109537
      0.125125      0.132590      0.132590      0.265179
      0.135135      0.296261      0.296261      0.592522
      0.145145      0.610980      0.610980      1.221960
      0.155155      1.162963      1.162963      2.325926
      0.165165      2.043111      2.043111      4.086221
      0.175175      3.312872      3.312872      6.625743
      0.185185      4.957974      4.957974      9.915947
      0.195195      6.848424      6.848424     13.696849
      0.205205      8.731000      8.731000     17.462000
      0.215215     10.273635     10.273635     20.547270
      0.225225     11.157609     11.157609     22.315218
      0.235235     11.184202     11.184202     22.368403
      0.245245     10.347268     10.347268     20.694536
      0.255255      8.835543      8.835543     17.671086
      0.265265      6.963501      6.963501     13.927002
      0.275275      5.065344      5.065344     10.130687
      0.285285      3.400768      3.400768      6.801536
      0.295295      2.107327      2.107327      4.214654
      0.305305      1.205241      1.205241      2.410481
      0.315315      0.636213      0.636213      1.272426
      0.325325      0.309969      0.309969      0.619938
      0.335335      0.139386      0.139386      0.278773
      0.345345      0.057851      0.057851      0.115702
      0.355355      0.022161      0.022161      0.044322
      0.365365      0.007835      0.007835      0.015670
      0.375375      0.002557      0.002557      0.005114
      0.385385      0.000772      0.000772      0.001544
      0.395395      0.000222      0.000222      0.000444
      0.405405      0.000090      0.000090      0.000181
      0.415415      0.000154      0.000154      0.000308
      0.425425      0.000524      0.000524      0.001047
      0.435435      0.001774      0.001774      0.003548
      0.445445      0.005572      0.005572      0.011144
      0.455455      0.016158      0.016158      0.032317
      0.465465      0.043250      0.043250      0.086500
      0.475475      0.106847      0.106847      0.213694
      0.485485      0.243626      0.243626      0.487253
      0.495495      0.512713      0.512713      1.025426
      0.505506      0.995889      0.995889      1.991778
      0.515516      1.785395      1.785395      3.570790
      0.525526      2.954233      2.954233      5.908466
      0.535536      4.511719      4.511719      9.023437
      0.545546      6.359546      6.359546     12.719093
      0.555556      8.273652      8.273652     16.547303
      0.565566      9.934720      9.934720     19.869440
      0.575576     11.010387     11.010387     22.020773
      0.585586     11.262703     11.262703     22.525406
      0.595596     10.633909     10.633909     21.267819
      0.605606      9.268670      9.268670     18.537340
      0.615616      7.461978      7.461978     14.923956
      0.625626      5.560151      5.560151     11.120302
      0.635636      3.863358      3.863358      7.726715
      0.645646      2.570302      2.570302      5.140604
      0.655656      1.777274      1.777274      3.554549
      0.665666      1.514187      1.514187      3.028375
      0.675676      1.785307      1.785307      3.570615
      0.685686      2.586356      2.586356      5.172713
      0.695696      3.887173      3.887173      7.774347
      0.705706      5.591318      5.591318     11.182637
      0.715716      7.501501      7.501501     15.003002
      0.725726      9.323596      9.323596     18.647191
      0.735736     10.726845     10.726845     21.453689
      0.745746     11.447653     11.447653     22.895306
      0.755756     11.394652     11.394652     22.789304
      0.765766     10.702777     10.702777     21.405555
      0.775776      9.703028      9.703028     19.406056
      0.785786      8.812922      8.812922     17.625845
      0.795796      8.388951      8.388951     16.777902
      0.805806      8.598334      8.598334     17.196668
      0.815816      9.358650      9.358650     18.717300
      0.825826     10.367596     10.367596     20.735192
      0.835836     11.211946     11.211946     22.423893
      0.845846     11.514868     11.514868     23.029736
      0.855856     11.064674     11.064674     22.129347
      0.865866      9.875130      9.875130     19.750260
      0.875876      8.157982      8.157982     16.315964
      0.885886      6.228385      6.228385     12.456770
      0.895896      4.391479      4.391479      8.782958
      0.905906      2.858574      2.858574      5.717147
      0.915916      1.717648      1.717648      3.435296
      0.925926      0.952756      0.952756      1.905513
      0.935936      0.488207      0.488207      0.976415
      0.945946      0.232331      0.232331      0.464662
      0.955956      0.106522      0.106522      0.213043
      0.965966      0.057886      0.057886      0.115771
      0.975976      0.061451      0.061451      0.122903
      0.985986      0.119196      0.119196      0.238392
      0.995996      0.260232      0.260232      0.520464
      1.006006      0.541864      0.541864      1.083729
      1.016016      1.046781      1.046781      2.093562
      1.026026      1.869296      1.869296      3.738592
      1.036036      3.085874      3.085874      6.171747
      1.046046      4.713703      4.713703      9.427406
      1.056056      6.673517      6.673517     13.347035
      1.066066      8.781061      8.781061     17.562121
      1.076076     10.785609     10.785609     21.571219
      1.086086     12.450566     12.450566     24.901131
      1.096096     13.641501     13.641501     27.283002
      1.106106     14.372980     14.372980     28.745960
      1.116116     14.783316     14.783316     29.566633
      1.126126     15.049859     15.049859     30.099719
      1.136136     15.297068     15.297068     30.594137
      1.146146     15.554057     15.554057     31.108113
      1.156156     15.781356     15.781356     31.562712
      1.166166     15.935842     15.935842     31.871685
      1.176176     16.018416     16.018416     32.036832
      1.186186     16.070095     16.070095     32.140190
      1.196196     16.129312     16.129312     32.258623
      1.206206     16.194960     16.194960     32.389920
      1.216216     16.229353     16.229353     32.458706
      1.226226     16.194116     16.194116     32.388231
      1.236236     16.079299     16.079299     32.158598
      1.246246     15.892295     15.892295     31.784591
      1.256256     15.612740     15.612740     31.225480
      1.266266     15.155900     15.155900     30.311801
      1.276276     14.386380     14.386380     28.772760
      1.286286     13.185880     13.185880     26.371760
      1.296296     11.535743     11.535743     23.071486
      1.306306      9.562536      9.562536     19.125072
      1.316316      7.521258      7.521258     15.042517
      1.326326      5.732212      5.732212     11.464423
      1.336336      4.511211      4.511211      9.022422
      1.346346      4.123811      4.123811      8.247621
      1.356356      4.764799      4.764799      9.529597
      1.366366      6.540714      6.540714     13.081429
      1.376376      9.434601      9.434601     18.869202
      1.386386     13.257212     13.257212     26.514423
      1.396396     17.617238     17.617238     35.234475
      1.406406     21.950269     21.950269     43.900537
      1.416416     25.621495     25.621495     51.242989
      1.426426     28.074107     28.074107     56.148213
      1.436436     28.964196     28.964196     57.928393
      1.446446     28.227530     28.227530     56.455060
      1.456456     26.061033     26.061033     52.122067
      1.466466     22.844274     22.844274     45.688548
      1.476476     19.044887     19.044887     38.089773
      1.486486     15.140655     15.140655     30.281310
      1.496496     11.567163     11.567163     23.134325
      1.506507      8.684171      8.684171     17.368342
      1.516517      6.752269      6.752269     13.504538
      1.526527      5.916135      5.916135     11.832269
      1.536537      6.194144      6.194144     12.388288
      1.546547      7.475890      7.475890     14.951780
      1.556557      9.532319      9.532319     19.064638
      1.566567     12.045814     12.045814     24.091627
      1.576577     14.663832     14.663832     29.327664
      1.586587     17.068514     17.068514     34.137027
      1.596597     19.043441     19.043441     38.086881
      1.606607     20.517092     20.517092     41.034183
      1.616617     21.571406     21.571406     43.142812
      1.626627     22.414792     22.414792     44.829584
      1.636637     23.324170     23.324170     46.648340
      1.646647     24.562659     24.562659     49.125318
      1.656657     26.286889     26.286889     52.573778
      1.666667     28.472062     28.472062     56.944123
      1.676677     30.891929     30.891929     61.783859
      1.686687     33.178866     33.178866     66.357732
      1.696697     34.952947     34.952947     69.905895
      1.706707     35.965683     35.965683     71.931367
      1.716717     36.183303     36.183303     72.366607
      1.726727     35.758188     35.758188     71.516376
      1.736737     34.900220     34.900220     69.800440
      1.746747     33.726525     33.726525     67.453049
      1.756757     32.190667     32.190667     64.381334
      1.766767     30.147094     30.147094     60.294187
      1.776777     27.517642     27.517642     55.035284
      1.786787     24.454316     24.454316     48.908631
      1.796797     21.387397     21.387397     42.774795
      1.806807     18.913440     18.913440     37.826880
      1.816817     17.568847     17.568847     35.137695
      1.826827     17.596076     17.596076     35.192151
      1.836837     18.812563     18.812563     37.625127
      1.846847     20.645051     20.645051     41.290103
      1.856857     22.321079     22.321079     44.642159
      1.866867     23.143807     23.143807     46.287614
      1.876877     22.739695     22.739695     45.479389
      1.886887     21.177255     21.177255     42.354511
      1.896897     18.909652     18.909652     37.819305
      1.906907     16.572132     16.572132     33.144264
      1.916917     14.729344     14.729344     29.458687
      1.926927     13.685280     13.685280     27.370561
      1.936937     13.432574     13.432574     26.865147
      1.946947     13.747904     13.747904     27.495807
      1.956957     14.370488     14.370488     28.740977
      1.966967     15.162976     15.162976     30.325952
      1.976977     16.166622     16.166622     32.333244
      1.986987     17.521688     17.521688     35.043377
      1.996997     19.302317     19.302317     38.604634
      2.007007     21.370230     21.370230     42.740461
      2.017017     23.347642     23.347642     46.695284
      2.027027     24.742281     24.742281     49.484562
      2.037037     25.163129     25.163129     50.326259
      2.047047     24.503876     24.503876     49.007751
      2.057057     22.985389     22.985389     45.970777
      2.067067     21.032813     21.032813     42.065626
      2.077077     19.062772     19.062772     38.125544
      2.087087     17.306080     17.306080     34.612159
      2.097097     15.761160     15.761160     31.522319
      2.107107     14.288205     14.288205     28.576410
      2.117117     12.772875     12.772875     25.545750
      2.127127     11.259903     11.259903     22.519807
      2.137137      9.988933      9.988933     19.977866
      2.147147      9.326050      9.326050     18.652099
      2.157157      9.633686      9.633686     19.267372
      2.167167     11.136843     11.136843     22.273685
      2.177177     13.830012     13.830012     27.660024
      2.187187     17.445644     17.445644     34.891288
      2.197197     21.486115     21.486115     42.972229
      2.207207     25.309915     25.309915     50.619830
      2.217217     28.255206     28.255206     56.510413
      2.227227     29.776666     29.776666     59.553332
      2.237237     29.565272     29.565272     59.130544
      2.247247     27.619222     27.619222     55.238445
      2.257257     24.242158     24.242158     48.484316
      2.267267     19.964474     19.964474     39.928948
      2.277277     15.410223     15.410223     30.820447
      2.287287     11.154273     11.154273     22.308546
      2.297297      7.618814      7.618814     15.237627
      2.307307      5.040463      5.040463     10.080925
      2.317317      3.507576      3.507576      7.015151
      2.327327      3.038233      3.038233      6.076466
      2.337337      3.655894      3.655894      7.311789
      2.347347      5.425043      5.425043     10.850087
      2.357357      8.427906      8.427906     16.855812
      2.367367     12.687474     12.687474     25.374947
      2.377377     18.064694     18.064694     36.129387
      2.387387     24.173216     24.173216     48.346433
      2.397397     30.357790     30.357790     60.715579
      2.407407     35.767716     35.767716     71.535432
      2.417417     39.524691     39.524691     79.049381
      2.427427     40.943363     40.943363     81.886726
      2.437437     39.730429     39.730429     79.460858
      2.447447     36.083539     36.083539     72.167079
      2.457457     30.644346     30.644346     61.288693
      2.467467     24.319619     24.319619     48.639237
      2.477477     18.041002     18.041002     36.082004
      2.487487     12.556595     12.556595     25.113191
      2.497497      8.324207      8.324207     16.648415
      2.507508      5.522451      5.522451     11.044903
      2.517518      4.142881      4.142881      8.285761
      2.527528      4.100051      4.100051      8.200102
      2.537538      5.303691      5.303691     10.607382
      2.547548      7.667330      7.667330     15.334659
      2.557558     11.063076     11.063076     22.126152
      2.567568     15.257822     15.257822     30.515644
      2.577578     19.873863     19.873863     39.747725
      2.587588     24.406033     24.406033     48.812065
      2.597598     28.303012     28.303012     56.606023
      2.607608     31.091851     31.091851     62.183702
      2.617618     32.502848     32.502848     65.005695
      2.627628     32.546207     32.546207     65.092415
      2.637638     31.507486     31.507486     63.014973
      2.647648     29.862003     29.862003     59.724006
      2.657658     28.144598     28.144598     56.289196
      2.667668     26.829645     26.829645     53.659290
      2.677678     26.263911     26.263911     52.527823
      2.687688     26.658602     26.658602     53.317203
      2.697698     28.111314     28.111314     56.222627
      2.707708     30.617568     30.617568     61.235136
      2.717718     34.050111     34.050111     68.100222
      2.727728     38.117130     38.117130     76.234259
      2.737738     42.336573     42.336573     84.673146
      2.747748     46.069078     46.069078     92.138157
      2.757758     48.632707     48.632707     97.265414
      2.767768     49.483252     49.483252     98.966504
      2.777778     48.398963     48.398963     96.797927
      2.787788     45.583759     45.583759     91.167518
      2.797798     41.622876     41.622876     83.245753
      2.807808     37.290287     37.290287     74.580575
      2.817818     33.284693     33.284693     66.569386
      2.827828     30.011689     30.011689     60.023378
      2.837838     27.505873     27.505873     55.011746
      2.847848     25.513520     25.513520     51.027040
      2.857858     23.679560     23.679560     47.359121
      2.867868     21.743165     21.743165     43.486331
      2.877878     19.656535     19.656535     39.313070
      2.887888     17.586198     17.586198     35.172397
      2.897898     15.810449     15.810449     31.620899
      2.907908     14.569668     14.569668     29.139336
      2.917918     13.944048     13.944048     27.888096
      2.927928     13.818118     13.818118     27.636237
      2.937938     13.946809     13.946809     27.893618
      2.947948     14.083055     14.083055     28.166110
      2.957958     14.092142     14.092142     28.184284
      2.967968     13.986498     13.986498     27.972995
      2.977978     13.864548     13.864548     27.729095
      2.987988     13.798572     13.798572     27.597145
      2.997998     13.749069     13.749069     27.498138
      3.008008     13.564883     13.564883     27.129766
      3.018018     13.071563     13.071563     26.143126
      3.028028     12.193211     12.193211     24.386423
      3.038038     11.032295     11.032295     22.064590
      3.048048      9.857657      9.857657     19.715314
      3.058058      9.003176      9.003176     18.006352
      3.068068      8.725504      8.725504     17.451008
      3.078078      9.086558      9.086558     18.173116
      3.088088      9.912410      9.912410     19.824819
      3.098098     10.846309     10.846309     21.692618
      3.108108     11.474857     11.474857     22.949715
      3.118118     11.476673     11.476673     22.953347
      3.128128     10.734116     10.734116     21.468232
      3.138138      9.366523      9.366523     18.733046
      3.148148      7.680798      7.680798     15.361596
      3.158158      6.071945      6.071945     12.143891
      3.168168      4.921047      4.921047      9.842095
      3.178178      4.524512      4.524512      9.049024
      3.188188      5.059501      5.059501     10.119003
      3.198198      6.568693      6.568693     13.137386
      3.208208      8.947166      8.947166     17.894332
      3.218218     11.931590     11.931590     23.863180
      3.228228     15.110084     15.110084     30.220169
      3.238238     17.973737     17.973737     35.947475
      3.248248     20.013763     20.013763     40.027526
      3.258258     20.841915     20.841915     41.683829
      3.268268     20.292885     20.292885     40.585769
      3.278278     18.468250     18.468250     36.936500
      3.288288     15.702765     15.702765     31.405530
      3.298298     12.465048     12.465048     24.930095
      3.308308      9.230475      9.230475     18.460949
      3.318318      6.372177      6.372177     12.744354
      3.328328      4.103672      4.103672      8.207344
      3.338338      2.481836      2.481836      4.963672
      3.348348      1.455040      1.455040      2.910079
      3.358358      0.928968      0.928968      1.857936
      3.368368      0.823905      0.823905      1.647809
      3.378378      1.106444      1.106444      2.212887
      3.388388      1.788801      1.788801      3.577601
      3.398398      2.897357      2.897357      5.794713
      3.408408      4.420660      4.420660      8.841319
      3.418418      6.257154      6.257154     12.514308
      3.428428      8.190480      8.190480     16.380959
      3.438438      9.916661      9.916661     19.833322
      3.448448     11.127402     11.127402     22.254805
      3.458458     11.622974     11.622974     23.245948
      3.468468     11.404423     11.404423     22.808846
      3.478478     10.695870     10.695870     21.391741
      3.488488      9.877176      9.877176     19.754353
      3.498498      9.350224      9.350224     18.700449
      3.508509      9.394841      9.394841     18.789682
      3.518519     10.075938     10.075938     20.151875
      3.528529     11.240080     11.240080     22.480159
      3.538539     12.598681     12.598681     25.197362
      3.548549     13.854661     13.854661     27.709321
      3.558559     14.808960     14.808960     29.617920
      3.568569     15.395875     15.395875     30.791750
      3.578579     15.638587     15.638587     31.277173
      3.588589     15.565069     15.565069     31.130138
      3.598599     15.147436     15.147436     30.294872
      3.608609     14.307437     14.307437     28.614874
      3.618619     12.981263     12.981263     25.962525
      3.628629     11.194561     11.194561     22.389122
      3.638639      9.093877      9.093877     18.187754
      3.648649      6.913749      6.913749     13.827497
      3.658659      4.901858      4.901858      9.803717
      3.668669      3.246993      3.246993      6.493986
      3.678679      2.045494      2.045494      4.090988
      3.688689      1.314042      1.314042      2.628085
      3.698699      1.031129      1.031129      2.062258
      3.708709      1.179193      1.179193      2.358387
      3.718719      1.764013      1.764013      3.528026
      3.728729      2.800750      2.800750      5.601500
      3.738739      4.271552      4.271552      8.543103
      3.748749      6.074447      6.074447     12.148895
      3.758759      7.992957      7.992957     15.985913
      3.768769      9.713212      9.713212     19.426424
      3.778779     10.896090     10.896090     21.792180
      3.788789     11.281877     11.281877     22.563755
      3.798799     10.781591     10.781591     21.563181
      3.808809      9.509816      9.509816     19.019632
      3.818819      7.741917      7.741917     15.483833
      3.828829      5.817171      5.817171     11.634342
      3.838839      4.034247      4.034247      8.068494
      3.848849      2.582279      2.582279      5.164558
      3.858859      1.525642      1.525642      3.051283
      3.868869      0.832221      0.832221      1.664443
      3.878879      0.419995      0.419995      0.839990
      3.888889      0.198819      0.198819      0.397637
      3.898899      0.096258      0.096258      0.192517
      3.908909      0.068144      0.068144      0.136288
      3.918919      0.100573      0.100573      0.201145
      3.928929      0.209944      0.209944      0.419888
      3.938939      0.443677      0.443677      0.887353
      3.948949      0.879247      0.879247      1.758495
      3.958959      1.615546      1.615546      3.231093
      3.968969      2.750827      2.750827      5.501655
      3.978979      4.347585      4.347585      8.695169
      3.988989      6.395394      6.395394     12.790787
      3.998999      8.791718      8.791718     17.583437
      4.009009     11.358748     11.358748     22.717495
      4.019019     13.896886     13.896886     27.793771
      4.029029     16.250235     16.250235     32.500470
      4.039039     18.344696     18.344696     36.689392
      4.049049     20.171002     20.171002     40.342003
      4.059059     21.720516     21.720516     43.441032
      4.069069     22.917590     22.917590     45.835181
      4.079079     23.601016     23.601016     47.202032
      4.089089     23.579328     23.579328     47.158656
      4.099099     22.737577     22.737577     45.475155
      4.109109     21.137478     21.137478     42.274955
      4.119119     19.050942     19.050942     38.101883
      4.129129     16.899636     16.899636     33.799272
      4.139139     15.121914     15.121914     30.243828
      4.149149     14.027815     14.027815     28.055629
      4.159159     13.712301     13.712301     27.424602
      4.169169     14.069712     14.069712     28.139424
      4.179179     14.899417     14.899417     29.798834
      4.189189     16.040588     16.040588     32.081175
      4.199199     17.454192     17.454192     34.908384
      4.209209     19.199921     19.199921     38.399842
      4.219219     21.322040     21.322040     42.644080
      4.229229     23.720493     23.720493     47.440986
      4.239239     26.098229     26.098229     52.196458
      4.249249     28.028875     28.028875     56.057749
      4.259259     29.111327     29.111327     58.222654
      4.269269     29.124325     29.124325     58.248651
      4.279279     28.100707     28.100707     56.201415
      4.289289     26.296923     26.296923     52.593846
      4.299299     24.092173     24.092173     48.184346
      4.309309     21.873624     21.873624     43.747248
      4.319319     19.947937     19.947937     39.895874
      4.329329     18.493615     18.493615     36.987230
      4.339339     17.557405     17.557405     35.114809
      4.349349     17.097052     17.097052     34.194104
      4.359359     17.061917     17.061917     34.123833
      4.369369     17.476493     17.476493     34.952986
      4.379379     18.471128     18.471128     36.942255
      4.389389     20.218174     20.218174     40.436347
      4.399399     22.785304     22.785304     45.570608
      4.409409     25.979974     25.979974     51.959947
      4.419419     29.284557     29.284557     58.569115
      4.429429     31.945595     31.945595     63.891190
      4.439439     33.199309     33.199309     66.398617
      4.449449     32.537567     32.537567     65.075134
      4.459459     29.891738     29.891738     59.783475
      4.469469     25.652396     25.652396     51.304793
      4.479479     20.525150     20.525150     41.050300
      4.489489     15.298149     15.298149     30.596299
      4.499499     10.625606     10.625606     21.251213
      4.509510      6.905981      6.905981     13.811962
      4.519520      4.277253      4.277253      8.554506
      4.529530      2.699269      2.699269      5.398537
      4.539540      2.067396      2.067396      4.134793
      4.549550      2.304350      2.304350      4.608699
      4.559560      3.396280      3.396280      6.792560
      4.569570      5.363178      5.363178     10.726356
      4.579580      8.177606      8.177606     16.355212
      4.589590     11.668666     11.668666     23.337333
      4.599600     15.463950     15.463950     30.927899
      4.609610     19.018186     19.018186     38.036372
      4.619620     21.743930     21.743930     43.487861
      4.629630     23.204972     23.204972     46.409944
      4.639640     23.286820     23.286820     46.573639
      4.649650     22.254542     22.254542     44.509084
      4.659660     20.658033     20.658033     41.316067
      4.669670     19.123064     19.123064     38.246128
      4.679680     18.125397     18.125397     36.250793
      4.689690     17.848100     17.848100     35.696200
      4.699700     18.170161     18.170161     36.340323
      4.709710     18.764531     18.764531     37.529061
      4.719720     19.240146     19.240146     38.480291
      4.729730     19.265267     19.265267     38.530534
      4.739740     18.643693     18.643693     37.287386
      4.749750     17.348399     17.348399     34.696798
      4.759760     15.526742     15.526742     31.053484
      4.769770     13.481259     13.481259     26.962519
      4.779780     11.620522     11.620522     23.241044
      4.789790     10.380058     10.380058     20.760116
      4.799800     10.130365     10.130365     20.260730
      4.809810     11.101255     11.101255     22.202510
      4.819820     13.346680     13.346680     26.693361
      4.829830     16.753135     16.753135     33.506269
      4.839840     21.071948     21.071948     42.143897
      4.849850     25.948671     25.948671     51.897341
      4.859860     30.939301     30.939301     61.878602
      4.869870     35.532347     35.532347     71.064695
      4.879880     39.210604     39.210604     78.421207
      4.889890     41.564668     41.564668     83.129336
      4.899900     42.419218     42.419218     84.838436
      4.909910     41.894298     41.894298     83.788596
      4.919920     40.341050     40.341050     80.682101
      4.929930     38.166321     38.166321     76.332642
      4.939940     35.641595     35.641595     71.283190
      4.949950     32.812064     32.812064     65.624129
      4.959960     29.558748     29.558748     59.117495
      4.969970     25.764892     25.764892     51.529784
      4.979980     21.473128     21.473128     42.946257
      4.989990     16.936300     16.936300     33.872600
      5.000000     12.542661     12.542661     25.085322
