# EIG2DOS: Utility for SIESTA to obtain the electronic density of states
#  E. Artacho, Apr 1999, A. Garcia, Apr 2012
#  Nick R. Papior, Feb 2017
# ------------------------------------------
# Eigenvalues calculated from a non-polarized calculation
# Eigenvalues read from siesta.EIG
# Kpoint weights read from siesta.KP
# Using smearing parameter:   0.0500
# Using 1000 points in the energy range
# Selected bands: 1 to: 2981
# Emin, Emax in file for selected band(s):    -27.2788437    218.3774620
# Nbands, Nspin, Nk   =   2981     1     1
# E_F                 =    -4.2330 eV --> (shifted to ZERO)
# Broadening          =     0.0500 eV
#
#        E            N(up)  (=)   N(down)         Ntot
     -5.000000     33.886716     33.886716     67.773431
     -4.989990     38.140744     38.140744     76.281488
     -4.979980     41.785179     41.785179     83.570358
     -4.969970     44.235958     44.235958     88.471917
     -4.959960     45.071502     45.071502     90.143003
     -4.949950     44.170847     44.170847     88.341694
     -4.939940     41.762428     41.762428     83.524856
     -4.929930     38.379728     38.379728     76.759455
     -4.919920     34.758976     34.758976     69.517951
     -4.909910     31.719925     31.719925     63.439849
     -4.899900     30.045683     30.045683     60.091366
     -4.889890     30.349682     30.349682     60.699365
     -4.879880     32.919509     32.919509     65.839018
     -4.869870     37.566238     37.566238     75.132475
     -4.859860     43.554537     43.554537     87.109074
     -4.849850     49.695929     49.695929     99.391858
     -4.839840     54.629474     54.629474    109.258949
     -4.829830     57.214384     57.214384    114.428768
     -4.819820     56.880294     56.880294    113.760589
     -4.809810     53.781571     53.781571    107.563143
     -4.799800     48.690796     48.690796     97.381592
     -4.789790     42.692600     42.692600     85.385199
     -4.779780     36.825898     36.825898     73.651795
     -4.769770     31.822859     31.822859     63.645717
     -4.759760     28.018798     28.018798     56.037597
     -4.749750     25.414668     25.414668     50.829337
     -4.739740     23.817074     23.817074     47.634148
     -4.729730     22.976690     22.976690     45.953380
     -4.719720     22.675914     22.675914     45.351829
     -4.709710     22.753176     22.753176     45.506353
     -4.699700     23.079688     23.079688     46.159376
     -4.689690     23.521611     23.521611     47.043221
     -4.679680     23.924970     23.924970     47.849940
     -4.669670     24.148421     24.148421     48.296842
     -4.659660     24.141221     24.141221     48.282443
     -4.649650     24.031181     24.031181     48.062363
     -4.639640     24.166737     24.166737     48.333474
     -4.629630     25.062851     25.062851     50.125702
     -4.619620     27.236626     27.236626     54.473253
     -4.609610     30.975172     30.975172     61.950344
     -4.599600     36.130118     36.130118     72.260235
     -4.589590     42.047935     42.047935     84.095869
     -4.579580     47.702641     47.702641     95.405281
     -4.569570     52.008135     52.008135    104.016270
     -4.559560     54.194506     54.194506    108.389012
     -4.549550     54.088916     54.088916    108.177832
     -4.539540     52.175579     52.175579    104.351158
     -4.529530     49.405767     49.405767     98.811534
     -4.519520     46.838350     46.838350     93.676701
     -4.509510     45.260535     45.260535     90.521071
     -4.499499     44.937942     44.937942     89.875884
     -4.489489     45.578977     45.578977     91.157954
     -4.479479     46.504356     46.504356     93.008713
     -4.469469     46.932060     46.932060     93.864119
     -4.459459     46.254466     46.254466     92.508931
     -4.449449     44.207565     44.207565     88.415129
     -4.439439     40.894810     40.894810     81.789619
     -4.429429     36.696044     36.696044     73.392088
     -4.419419     32.131269     32.131269     64.262538
     -4.409409     27.743989     27.743989     55.487978
     -4.399399     24.030029     24.030029     48.060059
     -4.389389     21.395609     21.395609     42.791218
     -4.379379     20.113566     20.113566     40.227133
     -4.369369     20.267239     20.267239     40.534478
     -4.359359     21.707240     21.707240     43.414479
     -4.349349     24.064051     24.064051     48.128102
     -4.339339     26.840238     26.840238     53.680476
     -4.329329     29.561195     29.561195     59.122390
     -4.319319     31.924394     31.924394     63.848788
     -4.309309     33.881094     33.881094     67.762188
     -4.299299     35.614080     35.614080     71.228161
     -4.289289     37.419894     37.419894     74.839789
     -4.279279     39.540109     39.540109     79.080218
     -4.269269     42.002676     42.002676     84.005353
     -4.259259     44.533860     44.533860     89.067721
     -4.249249     46.586666     46.586666     93.173332
     -4.239239     47.498594     47.498594     94.997188
     -4.229229     46.738564     46.738564     93.477129
     -4.219219     44.147990     44.147990     88.295979
     -4.209209     40.060747     40.060747     80.121495
     -4.199199     35.228972     35.228972     70.457945
     -4.189189     30.574539     30.574539     61.149079
     -4.179179     26.877476     26.877476     53.754952
     -4.169169     24.544684     24.544684     49.089368
     -4.159159     23.555730     23.555730     47.111461
     -4.149149     23.588640     23.588640     47.177279
     -4.139139     24.243611     24.243611     48.487222
     -4.129129     25.247565     25.247565     50.495130
     -4.119119     26.544160     26.544160     53.088320
     -4.109109     28.233718     28.233718     56.467435
     -4.099099     30.399485     30.399485     60.798971
     -4.089089     32.915418     32.915418     65.830836
     -4.079079     35.350693     35.350693     70.701386
     -4.069069     37.048281     37.048281     74.096561
     -4.059059     37.365580     37.365580     74.731160
     -4.049049     35.967931     35.967931     71.935863
     -4.039039     33.022422     33.022422     66.044844
     -4.029029     29.185109     29.185109     58.370217
     -4.019019     25.386056     25.386056     50.772112
     -4.009009     22.523228     22.523228     45.046455
     -3.998999     21.211892     21.211892     42.423783
     -3.988989     21.685559     21.685559     43.371119
     -3.978979     23.849596     23.849596     47.699191
     -3.968969     27.414012     27.414012     54.828024
     -3.958959     32.018470     32.018470     64.036940
     -3.948949     37.303917     37.303917     74.607835
     -3.938939     42.939688     42.939688     85.879376
     -3.928929     48.639536     48.639536     97.279073
     -3.918919     54.183102     54.183102    108.366205
     -3.908909     59.425451     59.425451    118.850903
     -3.898899     64.263802     64.263802    128.527604
     -3.888889     68.554282     68.554282    137.108564
     -3.878879     72.015682     72.015682    144.031364
     -3.868869     74.186129     74.186129    148.372258
     -3.858859     74.486628     74.486628    148.973256
     -3.848849     72.394718     72.394718    144.789436
     -3.838839     67.669427     67.669427    135.338855
     -3.828829     60.530397     60.530397    121.060793
     -3.818819     51.702401     51.702401    103.404802
     -3.808809     42.289771     42.289771     84.579542
     -3.798799     33.517167     33.517167     67.034335
     -3.788789     26.427606     26.427606     52.855213
     -3.778779     21.640341     21.640341     43.280682
     -3.768769     19.240139     19.240139     38.480278
     -3.758759     18.817161     18.817161     37.634321
     -3.748749     19.629392     19.629392     39.258785
     -3.738739     20.832608     20.832608     41.665216
     -3.728729     21.716282     21.716282     43.432564
     -3.718719     21.890206     21.890206     43.780411
     -3.708709     21.379326     21.379326     42.758652
     -3.698699     20.601897     20.601897     41.203793
     -3.688689     20.229868     20.229868     40.459736
     -3.678679     20.960853     20.960853     41.921705
     -3.668669     23.262972     23.262972     46.525945
     -3.658659     27.175381     27.175381     54.350761
     -3.648649     32.242182     32.242182     64.484364
     -3.638639     37.616464     37.616464     75.232928
     -3.628629     42.303749     42.303749     84.607498
     -3.618619     45.451828     45.451828     90.903656
     -3.608609     46.573943     46.573943     93.147886
     -3.598599     45.629788     45.629788     91.259575
     -3.588589     42.960849     42.960849     85.921697
     -3.578579     39.136915     39.136915     78.273831
     -3.568569     34.785934     34.785934     69.571869
     -3.558559     30.454744     30.454744     60.909488
     -3.548549     26.516430     26.516430     53.032860
     -3.538539     23.127316     23.127316     46.254632
     -3.528529     20.239773     20.239773     40.479546
     -3.518519     17.674075     17.674075     35.348151
     -3.508509     15.231684     15.231684     30.463367
     -3.498498     12.807058     12.807058     25.614117
     -3.488488     10.449727     10.449727     20.899455
     -3.478478      8.351953      8.351953     16.703906
     -3.468468      6.774092      6.774092     13.548184
     -3.458458      5.944532      5.944532     11.889063
     -3.448448      5.972386      5.972386     11.944773
     -3.438438      6.797613      6.797613     13.595227
     -3.428428      8.190186      8.190186     16.380371
     -3.418418      9.802507      9.802507     19.605015
     -3.408408     11.269978     11.269978     22.539956
     -3.398398     12.336801     12.336801     24.673603
     -3.388388     12.964475     12.964475     25.928951
     -3.378378     13.375984     13.375984     26.751968
     -3.368368     14.010236     14.010236     28.020472
     -3.358358     15.399344     15.399344     30.798688
     -3.348348     18.011231     18.011231     36.022462
     -3.338338     22.103101     22.103101     44.206202
     -3.328328     27.612618     27.612618     55.225235
     -3.318318     34.097695     34.097695     68.195391
     -3.308308     40.741086     40.741086     81.482173
     -3.298298     46.451504     46.451504     92.903008
     -3.288288     50.084966     50.084966    100.169933
     -3.278278     50.757062     50.757062    101.514125
     -3.268268     48.143134     48.143134     96.286267
     -3.258258     42.629060     42.629060     85.258121
     -3.248248     35.224486     35.224486     70.448971
     -3.238238     27.263986     27.263986     54.527972
     -3.228228     20.025769     20.025769     40.051537
     -3.218218     14.423029     14.423029     28.846057
     -3.208208     10.862409     10.862409     21.724819
     -3.198198      9.270838      9.270838     18.541677
     -3.188188      9.230446      9.230446     18.460893
     -3.178178     10.155051     10.155051     20.310102
     -3.168168     11.466903     11.466903     22.933806
     -3.158158     12.750993     12.750993     25.501985
     -3.148148     13.860879     13.860879     27.721758
     -3.138138     14.940676     14.940676     29.881352
     -3.128128     16.338453     16.338453     32.676906
     -3.118118     18.425457     18.425457     36.850914
     -3.108108     21.385043     21.385043     42.770087
     -3.098098     25.063111     25.063111     50.126222
     -3.088088     28.955583     28.955583     57.911165
     -3.078078     32.350183     32.350183     64.700366
     -3.068068     34.566207     34.566207     69.132413
     -3.058058     35.185588     35.185588     70.371176
     -3.048048     34.171149     34.171149     68.342299
     -3.038038     31.825997     31.825997     63.651994
     -3.028028     28.631267     28.631267     57.262535
     -3.018018     25.059113     25.059113     50.118225
     -3.008008     21.458256     21.458256     42.916511
     -2.997998     18.053468     18.053468     36.106937
     -2.987988     15.027823     15.027823     30.055646
     -2.977978     12.614394     12.614394     25.228789
     -2.967968     11.132009     11.132009     22.264018
     -2.957958     10.941234     10.941234     21.882468
     -2.947948     12.339526     12.339526     24.679052
     -2.937938     15.437375     15.437375     30.874749
     -2.927928     20.060542     20.060542     40.121084
     -2.917918     25.716773     25.716773     51.433547
     -2.907908     31.652350     31.652350     63.304699
     -2.897898     37.000530     37.000530     74.001060
     -2.887888     40.989559     40.989559     81.979119
     -2.877878     43.144419     43.144419     86.288837
     -2.867868     43.404630     43.404630     86.809259
     -2.857858     42.104835     42.104835     84.209670
     -2.847848     39.820519     39.820519     79.641037
     -2.837838     37.142693     37.142693     74.285386
     -2.827828     34.479755     34.479755     68.959509
     -2.817818     31.971154     31.971154     63.942309
     -2.807808     29.540685     29.540685     59.081371
     -2.797798     27.046359     27.046359     54.092718
     -2.787788     24.437301     24.437301     48.874602
     -2.777778     21.831267     21.831267     43.662534
     -2.767768     19.476896     19.476896     38.953792
     -2.757758     17.633425     17.633425     35.266851
     -2.747748     16.447467     16.447467     32.894935
     -2.737738     15.903970     15.903970     31.807941
     -2.727728     15.877935     15.877935     31.755869
     -2.717718     16.245926     16.245926     32.491852
     -2.707708     16.975591     16.975591     33.951183
     -2.697698     18.126023     18.126023     36.252046
     -2.687688     19.755011     19.755011     39.510022
     -2.677678     21.799309     21.799309     43.598617
     -2.667668     24.020905     24.020905     48.041811
     -2.657658     26.072834     26.072834     52.145669
     -2.647648     27.655952     27.655952     55.311904
     -2.637638     28.670560     28.670560     57.341119
     -2.627628     29.263911     29.263911     58.527822
     -2.617618     29.741100     29.741100     59.482200
     -2.607608     30.395335     30.395335     60.790670
     -2.597598     31.360150     31.360150     62.720301
     -2.587588     32.559665     32.559665     65.119330
     -2.577578     33.759625     33.759625     67.519250
     -2.567568     34.661876     34.661876     69.323752
     -2.557558     34.981158     34.981158     69.962315
     -2.547548     34.487242     34.487242     68.974484
     -2.537538     33.039264     33.039264     66.078528
     -2.527528     30.640666     30.640666     61.281331
     -2.517518     27.504292     27.504292     55.008584
     -2.507508     24.078135     24.078135     48.156269
     -2.497497     20.982855     20.982855     41.965709
     -2.487487     18.856757     18.856757     37.713514
     -2.477477     18.160824     18.160824     36.321649
     -2.467467     19.027111     19.027111     38.054223
     -2.457457     21.220357     21.220357     42.440714
     -2.447447     24.234107     24.234107     48.468215
     -2.437437     27.483462     27.483462     54.966924
     -2.427427     30.512909     30.512909     61.025818
     -2.417417     33.128669     33.128669     66.257338
     -2.407407     35.396518     35.396518     70.793037
     -2.397397     37.506883     37.506883     75.013766
     -2.387387     39.572821     39.572821     79.145643
     -2.377377     41.463203     41.463203     82.926406
     -2.367367     42.763127     42.763127     85.526254
     -2.357357     42.896942     42.896942     85.793883
     -2.347347     41.369419     41.369419     82.738838
     -2.337337     38.016659     38.016659     76.033318
     -2.327327     33.146785     33.146785     66.293570
     -2.317317     27.502078     27.502078     55.004156
     -2.307307     22.061273     22.061273     44.122545
     -2.297297     17.772294     17.772294     35.544589
     -2.287287     15.322794     15.322794     30.645589
     -2.277277     15.018043     15.018043     30.036087
     -2.267267     16.776521     16.776521     33.553041
     -2.257257     20.209883     20.209883     40.419766
     -2.247247     24.740874     24.740874     49.481748
     -2.237237     29.721244     29.721244     59.442488
     -2.227227     34.526322     34.526322     69.052645
     -2.217217     38.615898     38.615898     77.231797
     -2.207207     41.563556     41.563556     83.127112
     -2.197197     43.069009     43.069009     86.138017
     -2.187187     42.973986     42.973986     85.947972
     -2.177177     41.293105     41.293105     82.586210
     -2.167167     38.247022     38.247022     76.494044
     -2.157157     34.261863     34.261863     68.523726
     -2.147147     29.899483     29.899483     59.798967
     -2.137137     25.717519     25.717519     51.435037
     -2.127127     22.108248     22.108248     44.216496
     -2.117117     19.193716     19.193716     38.387431
     -2.107107     16.834153     16.834153     33.668307
     -2.097097     14.745909     14.745909     29.491817
     -2.087087     12.664083     12.664083     25.328166
     -2.077077     10.465281     10.465281     20.930563
     -2.067067      8.197797      8.197797     16.395593
     -2.057057      6.024275      6.024275     12.048549
     -2.047047      4.125789      4.125789      8.251578
     -2.037037      2.623012      2.623012      5.246024
     -2.027027      1.545280      1.545280      3.090560
     -2.017017      0.845416      0.845416      1.690833
     -2.007007      0.438357      0.438357      0.876714
     -1.996997      0.240889      0.240889      0.481778
     -1.986987      0.200798      0.200798      0.401595
     -1.976977      0.315059      0.315059      0.630118
     -1.966967      0.641191      0.641191      1.282382
     -1.956957      1.302467      1.302467      2.604935
     -1.946947      2.480179      2.480179      4.960358
     -1.936937      4.380959      4.380959      8.761918
     -1.926927      7.171127      7.171127     14.342253
     -1.916917     10.886213     10.886213     21.772426
     -1.906907     15.346768     15.346768     30.693536
     -1.896897     20.126368     20.126368     40.252737
     -1.886887     24.608326     24.608326     49.216652
     -1.876877     28.130851     28.130851     56.261702
     -1.866867     30.174098     30.174098     60.348195
     -1.856857     30.515635     30.515635     61.031271
     -1.846847     29.291747     29.291747     58.583495
     -1.836837     26.943245     26.943245     53.886491
     -1.826827     24.070621     24.070621     48.141242
     -1.816817     21.252076     21.252076     42.504152
     -1.806807     18.884025     18.884025     37.768051
     -1.796797     17.093110     17.093110     34.186220
     -1.786787     15.746238     15.746238     31.492476
     -1.776777     14.551984     14.551984     29.103969
     -1.766767     13.210354     13.210354     26.420708
     -1.756757     11.546240     11.546240     23.092481
     -1.746747      9.571404      9.571404     19.142808
     -1.736737      7.458640      7.458640     14.917280
     -1.726727      5.456946      5.456946     10.913892
     -1.716717      3.800146      3.800146      7.600293
     -1.706707      2.651866      2.651866      5.303732
     -1.696697      2.098216      2.098216      4.196433
     -1.686687      2.168832      2.168832      4.337665
     -1.676677      2.854802      2.854802      5.709604
     -1.666667      4.102206      4.102206      8.204412
     -1.656657      5.783717      5.783717     11.567433
     -1.646647      7.673260      7.673260     15.346520
     -1.636637      9.456309      9.456309     18.912617
     -1.626627     10.794123     10.794123     21.588246
     -1.616617     11.429996     11.429996     22.859993
     -1.606607     11.296668     11.296668     22.593336
     -1.596597     10.575660     10.575660     21.151321
     -1.586587      9.677691      9.677691     19.355382
     -1.576577      9.146451      9.146451     18.292901
     -1.566567      9.515285      9.515285     19.030571
     -1.556557     11.155898     11.155898     22.311796
     -1.546547     14.154600     14.154600     28.309199
     -1.536537     18.246303     18.246303     36.492606
     -1.526527     22.832094     22.832094     45.664187
     -1.516517     27.093535     27.093535     54.187069
     -1.506507     30.187838     30.187838     60.375676
     -1.496496     31.470703     31.470703     62.941406
     -1.486486     30.671150     30.671150     61.342300
     -1.476476     27.954809     27.954809     55.909619
     -1.466466     23.856889     23.856889     47.713778
     -1.456456     19.119411     19.119411     38.238822
     -1.446446     14.500108     14.500108     29.000216
     -1.436436     10.618033     10.618033     21.236065
     -1.426426      7.870357      7.870357     15.740713
     -1.416416      6.417205      6.417205     12.834410
     -1.406406      6.208005      6.208005     12.416009
     -1.396396      7.023312      7.023312     14.046624
     -1.386386      8.523491      8.523491     17.046981
     -1.376376     10.311620     10.311620     20.623240
     -1.366366     12.016211     12.016211     24.032422
     -1.356356     13.379015     13.379015     26.758031
     -1.346346     14.312400     14.312400     28.624799
     -1.336336     14.892560     14.892560     29.785120
     -1.326326     15.286016     15.286016     30.572032
     -1.316316     15.647776     15.647776     31.295553
     -1.306306     16.047733     16.047733     32.095467
     -1.296296     16.460113     16.460113     32.920227
     -1.286286     16.804790     16.804790     33.609580
     -1.276276     16.996209     16.996209     33.992418
     -1.266266     16.961856     16.961856     33.923712
     -1.256256     16.629383     16.629383     33.258766
     -1.246246     15.914329     15.914329     31.828659
     -1.236236     14.739302     14.739302     29.478604
     -1.226226     13.083167     13.083167     26.166334
     -1.216216     11.026363     11.026363     22.052726
     -1.206206      8.755191      8.755191     17.510382
     -1.196196      6.515775      6.515775     13.031550
     -1.186186      4.542850      4.542850      9.085699
     -1.176176      3.002805      3.002805      6.005609
     -1.166166      1.977057      1.977057      3.954115
     -1.156156      1.484378      1.484378      2.968755
     -1.146146      1.518837      1.518837      3.037674
     -1.136136      2.074722      2.074722      4.149444
     -1.126126      3.140365      3.140365      6.280730
     -1.116116      4.662332      4.662332      9.324663
     -1.106106      6.501119      6.501119     13.002239
     -1.096096      8.410703      8.410703     16.821406
     -1.086086     10.069015     10.069015     20.138030
     -1.076076     11.163001     11.163001     22.326003
     -1.066066     11.499806     11.499806     22.999611
     -1.056056     11.093643     11.093643     22.187287
     -1.046046     10.182025     10.182025     20.364050
     -1.036036      9.155348      9.155348     18.310696
     -1.026026      8.423669      8.423669     16.847337
     -1.016016      8.271972      8.271972     16.543943
     -1.006006      8.758856      8.758856     17.517712
     -0.995996      9.695692      9.695692     19.391384
     -0.985986     10.713706     10.713706     21.427412
     -0.975976     11.394773     11.394773     22.789545
     -0.965966     11.417096     11.417096     22.834192
     -0.955956     10.659628     10.659628     21.319257
     -0.945946      9.225988      9.225988     18.451975
     -0.935936      7.384974      7.384974     14.769948
     -0.925926      5.462165      5.462165     10.924330
     -0.915916      3.734496      3.734496      7.468991
     -0.905906      2.369083      2.369083      4.738166
     -0.895896      1.418953      1.418953      2.837906
     -0.885886      0.861018      0.861018      1.722036
     -0.875876      0.649071      0.649071      1.298141
     -0.865866      0.757265      0.757265      1.514531
     -0.855856      1.199417      1.199417      2.398835
     -0.845846      2.018901      2.018901      4.037801
     -0.835836      3.251709      3.251709      6.503419
     -0.825826      4.873941      4.873941      9.747882
     -0.815816      6.755135      6.755135     13.510270
     -0.805806      8.644728      8.644728     17.289457
     -0.795796     10.211618     10.211618     20.423236
     -0.785786     11.133540     11.133540     22.267079
     -0.775776     11.203682     11.203682     22.407364
     -0.765766     10.405810     10.405810     20.811620
     -0.755756      8.920301      8.920301     17.840602
     -0.745746      7.057937      7.057937     14.115874
     -0.735736      5.154676      5.154676     10.309352
     -0.725726      3.476179      3.476179      6.952357
     -0.715716      2.168351      2.168351      4.336702
     -0.705706      1.261683      1.261683      2.523367
     -0.695696      0.712392      0.712392      1.424784
     -0.685686      0.454415      0.454415      0.908831
     -0.675676      0.441894      0.441894      0.883789
     -0.665666      0.672302      0.672302      1.344605
     -0.655656      1.187621      1.187621      2.375242
     -0.645646      2.053492      2.053492      4.106984
     -0.635636      3.318494      3.318494      6.636987
     -0.625626      4.962367      4.962367      9.924735
     -0.615616      6.852501      6.852501     13.705002
     -0.605606      8.734574      8.734574     17.469148
     -0.595596     10.276149     10.276149     20.552299
     -0.585586     11.158551     11.158551     22.317102
     -0.575576     11.183363     11.183363     22.366727
     -0.565566     10.344845     10.344845     20.689690
     -0.555556      8.832068      8.832068     17.664136
     -0.545546      6.959654      6.959654     13.919308
     -0.535536      5.061739      5.061739     10.123479
     -0.525526      3.397807      3.397807      6.795615
     -0.515516      2.105157      2.105157      4.210315
     -0.505506      1.203808      1.203808      2.407616
     -0.495495      0.635355      0.635355      1.270711
     -0.485485      0.309502      0.309502      0.619004
     -0.475475      0.139154      0.139154      0.278308
     -0.465465      0.057745      0.057745      0.115491
     -0.455455      0.022117      0.022117      0.044234
     -0.445445      0.007818      0.007818      0.015637
     -0.435435      0.002552      0.002552      0.005103
     -0.425425      0.000771      0.000771      0.001542
     -0.415415      0.000227      0.000227      0.000454
     -0.405405      0.000112      0.000112      0.000223
     -0.395395      0.000234      0.000234      0.000467
     -0.385385      0.000795      0.000795      0.001591
     -0.375375      0.002627      0.002627      0.005254
     -0.365365      0.008034      0.008034      0.016068
     -0.355355      0.022681      0.022681      0.045363
     -0.345345      0.059099      0.059099      0.118199
     -0.335335      0.142129      0.142129      0.284259
     -0.325325      0.315480      0.315480      0.630960
     -0.315315      0.646320      0.646320      1.292639
     -0.305305      1.222108      1.222108      2.444216
     -0.295295      2.132841      2.132841      4.265682
     -0.285285      3.435534      3.435534      6.871069
     -0.275275      5.107601      5.107601     10.215202
     -0.265265      7.008523      7.008523     14.017046
     -0.255255      8.876114      8.876114     17.752228
     -0.245245     10.375430     10.375430     20.750859
     -0.235235     11.193765     11.193765     22.387529
     -0.225225     11.146361     11.146361     22.292721
     -0.215215     10.244172     10.244172     20.488344
     -0.205205      8.689754      8.689754     17.379508
     -0.195195      6.803384      6.803384     13.606767
     -0.185185      4.916197      4.916197      9.832394
     -0.175175      3.278842      3.278842      6.557683
     -0.165165      2.018359      2.018359      4.036719
     -0.155155      1.146736      1.146736      2.293471
     -0.145145      0.601333      0.601333      1.202666
     -0.135135      0.291041      0.291041      0.582081
     -0.125125      0.130011      0.130011      0.260021
     -0.115115      0.053603      0.053603      0.107207
     -0.105105      0.020398      0.020398      0.040796
     -0.095095      0.007164      0.007164      0.014329
     -0.085085      0.002322      0.002322      0.004645
     -0.075075      0.000695      0.000695      0.001390
     -0.065065      0.000192      0.000192      0.000384
     -0.055055      0.000049      0.000049      0.000098
     -0.045045      0.000012      0.000012      0.000023
     -0.035035      0.000002      0.000002      0.000005
     -0.025025      0.000001      0.000001      0.000001
     -0.015015      0.000000      0.000000      0.000000
     -0.005005      0.000000      0.000000      0.000000
      0.005005      0.000000      0.000000      0.000000
      0.015015      0.000000      0.000000      0.000000
      0.025025      0.000001      0.000001      0.000001
      0.035035      0.000002      0.000002      0.000005
      0.045045      0.000012      0.000012      0.000023
      0.055055      0.000049      0.000049      0.000098
      0.065065      0.000192      0.000192      0.000384
      0.075075      0.000695      0.000695      0.001390
      0.085085      0.002322      0.002322      0.004645
      0.095095      0.007164      0.007164      0.014329
      0.105105      0.020398      0.020398      0.040796
      0.115115      0.053603      0.053603      0.107207
      0.125125      0.130011      0.130011      0.260021
      0.135135      0.291041      0.291041      0.582081
      0.145145      0.601333      0.601333      1.202666
      0.155155      1.146736      1.146736      2.293471
      0.165165      2.018359      2.018359      4.036719
      0.175175      3.278842      3.278842      6.557683
      0.185185      4.916197      4.916197      9.832394
      0.195195      6.803384      6.803384     13.606767
      0.205205      8.689754      8.689754     17.379508
      0.215215     10.244172     10.244172     20.488344
      0.225225     11.146361     11.146361     22.292721
      0.235235     11.193765     11.193765     22.387529
      0.245245     10.375430     10.375430     20.750859
      0.255255      8.876114      8.876114     17.752228
      0.265265      7.008523      7.008523     14.017046
      0.275275      5.107601      5.107601     10.215202
      0.285285      3.435534      3.435534      6.871069
      0.295295      2.132841      2.132841      4.265682
      0.305305      1.222108      1.222108      2.444216
      0.315315      0.646320      0.646320      1.292639
      0.325325      0.315480      0.315480      0.630960
      0.335335      0.142129      0.142129      0.284259
      0.345345      0.059099      0.059099      0.118199
      0.355355      0.022681      0.022681      0.045363
      0.365365      0.008034      0.008034      0.016068
      0.375375      0.002627      0.002627      0.005254
      0.385385      0.000795      0.000795      0.001590
      0.395395      0.000233      0.000233      0.000466
      0.405405      0.000108      0.000108      0.000216
      0.415415      0.000214      0.000214      0.000427
      0.425425      0.000726      0.000726      0.001452
      0.435435      0.002412      0.002412      0.004823
      0.445445      0.007418      0.007418      0.014837
      0.455455      0.021067      0.021067      0.042134
      0.465465      0.055218      0.055218      0.110436
      0.475475      0.133583      0.133583      0.267167
      0.485485      0.298270      0.298270      0.596540
      0.495495      0.614686      0.614686      1.229373
      0.505506      1.169188      1.169188      2.338377
      0.515516      2.052590      2.052590      4.105181
      0.525526      3.325883      3.325883      6.651766
      0.535536      4.973916      4.973916      9.947833
      0.545546      6.865575      6.865575     13.731150
      0.555556      8.746662      8.746662     17.493324
      0.565566     10.284786     10.284786     20.569572
      0.575576     11.161881     11.161881     22.323762
      0.585586     11.180860     11.180860     22.361719
      0.595596     10.337910     10.337910     20.675820
      0.605606      8.824698      8.824698     17.649396
      0.615616      6.960028      6.960028     13.920056
      0.625626      5.086360      5.086360     10.172720
      0.635636      3.480365      3.480365      6.960731
      0.645646      2.311990      2.311990      4.623979
      0.655656      1.655806      1.655806      3.311612
      0.665666      1.531576      1.531576      3.063152
      0.675676      1.941042      1.941042      3.882083
      0.685686      2.876214      2.876214      5.752429
      0.695696      4.294034      4.294034      8.588068
      0.705706      6.074121      6.074121     12.148242
      0.715716      7.991092      7.991092     15.982184
      0.725726      9.732127      9.732127     19.464253
      0.735736     10.970624     10.970624     21.941248
      0.745746     11.475022     11.475022     22.950043
      0.755756     11.205760     11.205760     22.411521
      0.765766     10.350858     10.350858     20.701717
      0.775776      9.275800      9.275800     18.551599
      0.785786      8.402597      8.402597     16.805194
      0.795796      8.063998      8.063998     16.127997
      0.805806      8.387609      8.387609     16.775218
      0.815816      9.251485      9.251485     18.502970
      0.825826     10.326563     10.326563     20.653125
      0.835836     11.191243     11.191243     22.382487
      0.845846     11.477055     11.477055     22.954111
      0.855856     10.990652     10.990652     21.981304
      0.865866      9.765552      9.765552     19.531103
      0.875876      8.027588      8.027588     16.055175
      0.885886      6.097032      6.097032     12.194065
      0.895896      4.276050      4.276050      8.552100
      0.905906      2.768507      2.768507      5.537014
      0.915916      1.654566      1.654566      3.309132
      0.925926      0.912828      0.912828      1.825657
      0.935936      0.465297      0.465297      0.930594
      0.945946      0.220496      0.220496      0.440993
      0.955956      0.101361      0.101361      0.202722
      0.965966      0.056974      0.056974      0.113948
      0.975976      0.064384      0.064384      0.128768
      0.985986      0.127657      0.127657      0.255314
      0.995996      0.278199      0.278199      0.556398
      1.006006      0.575674      0.575674      1.151349
      1.016016      1.104489      1.104489      2.208977
      1.026026      1.958729      1.958729      3.917458
      1.036036      3.211282      3.211282      6.422565
      1.046046      4.871910      4.871910      9.743819
      1.056056      6.851518      6.851518     13.703037
      1.066066      8.957257      8.957257     17.914515
      1.076076     10.935503     10.935503     21.871005
      1.086086     12.555185     12.555185     25.110370
      1.096096     13.694614     13.694614     27.389227
      1.106106     14.383101     14.383101     28.766203
      1.116116     14.769296     14.769296     29.538592
      1.126126     15.032682     15.032682     30.065364
      1.136136     15.292646     15.292646     30.585293
      1.146146     15.570488     15.570488     31.140977
      1.156156     15.820371     15.820371     31.640742
      1.166166     15.995091     15.995091     31.990181
      1.176176     16.091448     16.091448     32.182896
      1.186186     16.144097     16.144097     32.288194
      1.196196     16.183925     16.183925     32.367850
      1.206206     16.205722     16.205722     32.411443
      1.216216     16.175970     16.175970     32.351940
      1.226226     16.069613     16.069613     32.139225
      1.236236     15.894569     15.894569     31.789138
      1.246246     15.673057     15.673057     31.346115
      1.256256     15.390488     15.390488     30.780976
      1.266266     14.957685     14.957685     29.915369
      1.276276     14.228185     14.228185     28.456371
      1.286286     13.071597     13.071597     26.143194
      1.296296     11.460567     11.460567     22.921134
      1.306306      9.518045      9.518045     19.036091
      1.316316      7.499766      7.499766     14.999532
      1.326326      5.729281      5.729281     11.458562
      1.336336      4.526340      4.526340      9.052681
      1.346346      4.159703      4.159703      8.319406
      1.356356      4.825556      4.825556      9.651111
      1.366366      6.629257      6.629257     13.258514
      1.376376      9.549894      9.549894     19.099787
      1.386386     13.392294     13.392294     26.784588
      1.396396     17.759136     17.759136     35.518271
      1.406406     22.082214     22.082214     44.164429
      1.416416     25.726727     25.726727     51.453454
      1.426426     28.139654     28.139654     56.279307
      1.436436     28.983120     28.983120     57.966240
      1.446446     28.199160     28.199160     56.398319
      1.456456     25.989820     25.989820     51.979641
      1.466466     22.738234     22.738234     45.476467
      1.476476     18.914025     18.914025     37.828049
      1.486486     14.995137     14.995137     29.990274
      1.496496     11.415053     11.415053     22.830105
      1.506507      8.529404      8.529404     17.058808
      1.516517      6.594258      6.594258     13.188515
      1.526527      5.752192      5.752192     11.504384
      1.536537      6.024513      6.024513     12.049026
      1.546547      7.309296      7.309296     14.618591
      1.556557      9.388848      9.388848     18.777695
      1.566567     11.954549     11.954549     23.909099
      1.576577     14.655166     14.655166     29.310331
      1.586587     17.164116     17.164116     34.328232
      1.596597     19.248587     19.248587     38.497174
      1.606607     20.818892     20.818892     41.637784
      1.616617     21.943085     21.943085     43.886171
      1.626627     22.822871     22.822871     45.645742
      1.636637     23.734621     23.734621     47.469243
      1.646647     24.944236     24.944236     49.888471
      1.656657     26.612670     26.612670     53.225340
      1.666667     28.721296     28.721296     57.442591
      1.676677     31.052804     31.052804     62.105609
      1.686687     33.250725     33.250725     66.501451
      1.696697     34.945931     34.945931     69.891863
      1.706707     35.897217     35.897217     71.794434
      1.716717     36.072774     36.072774     72.145548
      1.726727     35.621935     35.621935     71.243869
      1.736737     34.748477     34.748477     69.496954
      1.746747     33.563088     33.563088     67.126177
      1.756757     32.015263     32.015263     64.030527
      1.766767     29.959509     29.959509     59.919018
      1.776777     27.321624     27.321624     54.643247
      1.786787     24.258871     24.258871     48.517742
      1.796797     21.204277     21.204277     42.408554
      1.806807     18.751969     18.751969     37.503939
      1.816817     17.431285     17.431285     34.862570
      1.826827     17.476711     17.476711     34.953421
      1.836837     18.701593     18.701593     37.403187
      1.846847     20.535211     20.535211     41.070421
      1.856857     22.213063     22.213063     44.426126
      1.866867     23.047105     23.047105     46.094211
      1.876877     22.668236     22.668236     45.336471
      1.886887     21.142481     21.142481     42.284963
      1.896897     18.915174     18.915174     37.830347
      1.906907     16.613005     16.613005     33.226010
      1.916917     14.796232     14.796232     29.592464
      1.926927     13.771229     13.771229     27.542457
      1.936937     13.539162     13.539162     27.078324
      1.946947     13.888075     13.888075     27.776150
      1.956957     14.566403     14.566403     29.132806
      1.966967     15.438355     15.438355     30.876709
      1.976977     16.534565     16.534565     33.069131
      1.986987     17.971415     17.971415     35.942831
      1.996997     19.790821     19.790821     39.581642
      2.007007     21.825298     21.825298     43.650597
      2.017017     23.684978     23.684978     47.369955
      2.027027     24.892237     24.892237     49.784474
      2.037037     25.095871     25.095871     50.191742
      2.047047     24.240691     24.240691     48.481383
      2.057057     22.590206     22.590206     45.180412
      2.067067     20.588268     20.588268     41.176535
      2.077077     18.642834     18.642834     37.285667
      2.087087     16.957557     16.957557     33.915115
      2.097097     15.499959     15.499959     30.999919
      2.107107     14.107871     14.107871     28.215742
      2.117117     12.657834     12.657834     25.315667
      2.127127     11.195885     11.195885     22.391769
      2.137137      9.966778      9.966778     19.933556
      2.147147      9.339558      9.339558     18.679116
      2.157157      9.675081      9.675081     19.350161
      2.167167     11.194021     11.194021     22.388042
      2.177177     13.888146     13.888146     27.776291
      2.187187     17.492647     17.492647     34.985294
      2.197197     21.518438     21.518438     43.036876
      2.207207     25.334050     25.334050     50.668100
      2.217217     28.282581     28.282581     56.565163
      2.227227     29.814290     29.814290     59.628580
      2.237237     29.608261     29.608261     59.216523
      2.247247     27.650806     27.650806     55.301612
      2.257257     24.241833     24.241833     48.483666
      2.267267     19.919272     19.919272     39.838544
      2.277277     15.322088     15.322088     30.644175
      2.287287     11.039650     11.039650     22.079299
      2.297297      7.501930      7.501930     15.003860
      2.307307      4.945252      4.945252      9.890505
      2.317317      3.452728      3.452728      6.905456
      2.327327      3.036677      3.036677      6.073353
      2.337337      3.716930      3.716930      7.433860
      2.347347      5.556201      5.556201     11.112401
      2.357357      8.634470      8.634470     17.268941
      2.367367     12.969367     12.969367     25.938734
      2.377377     18.411898     18.411898     36.823795
      2.387387     24.561732     24.561732     49.123465
      2.397397     30.748340     30.748340     61.496680
      2.407407     36.109071     36.109071     72.218141
      2.417417     39.762446     39.762446     79.524891
      2.427427     41.032924     41.032924     82.065848
      2.437437     39.650385     39.650385     79.300770
      2.447447     35.844053     35.844053     71.688107
      2.457457     30.286289     30.286289     60.572578
      2.467467     23.904071     23.904071     47.808142
      2.477477     17.633412     17.633412     35.266824
      2.487487     12.212293     12.212293     24.424587
      2.497497      8.080484      8.080484     16.160969
      2.507508      5.398032      5.398032     10.796064
      2.517518      4.141291      4.141291      8.282582
      2.527528      4.211942      4.211942      8.423884
      2.537538      5.505468      5.505468     11.010937
      2.547548      7.917979      7.917979     15.835959
      2.557558     11.304705     11.304705     22.609410
      2.567568     15.425153     15.425153     30.850305
      2.577578     19.912911     19.912911     39.825823
      2.587588     24.295091     24.295091     48.590182
      2.597598     28.064865     28.064865     56.129729
      2.607608     30.788848     30.788848     61.577695
      2.617618     32.215218     32.215218     64.430437
      2.627628     32.343399     32.343399     64.686798
      2.637638     31.425900     31.425900     62.851799
      2.647648     29.898172     29.898172     59.796345
      2.657658     28.263961     28.263961     56.527922
      2.667668     26.983587     26.983587     53.967174
      2.677678     26.405738     26.405738     52.811477
      2.687688     26.752419     26.752419     53.504838
      2.697698     28.133314     28.133314     56.266629
      2.707708     30.553517     30.553517     61.107033
      2.717718     33.893882     33.893882     67.787764
      2.727728     37.873029     37.873029     75.746057
      2.737738     42.024425     42.024425     84.048850
      2.747748     45.727902     45.727902     91.455804
      2.757758     48.318143     48.318143     96.636286
      2.767768     49.256496     49.256496     98.512993
      2.777778     48.309590     48.309590     96.619180
      2.787788     45.653005     45.653005     91.306010
      2.797798     41.834991     41.834991     83.669982
      2.807808     37.596485     37.596485     75.192970
      2.817818     33.618646     33.618646     67.237291
      2.827828     30.310450     30.310450     60.620900
      2.837838     27.728298     27.728298     55.456596
      2.847848     25.650141     25.650141     51.300281
      2.857858     23.751851     23.751851     47.503701
      2.867868     21.793850     21.793850     43.587699
      2.877878     19.734552     19.734552     39.469104
      2.887888     17.730295     17.730295     35.460591
      2.897898     16.035274     16.035274     32.070548
      2.907908     14.858305     14.858305     29.716610
      2.917918     14.250540     14.250540     28.501079
      2.927928     14.081114     14.081114     28.162229
      2.937938     14.110780     14.110780     28.221559
      2.947948     14.118658     14.118658     28.237315
      2.957958     14.006007     14.006007     28.012014
      2.967968     13.815048     13.815048     27.630095
      2.977978     13.654583     13.654583     27.309167
      2.987988     13.584028     13.584028     27.168057
      2.997998     13.534003     13.534003     27.068005
      3.008008     13.317150     13.317150     26.634301
      3.018018     12.724416     12.724416     25.448832
      3.028028     11.649265     11.649265     23.298530
      3.038038     10.168741     10.168741     20.337482
      3.048048      8.539962      8.539962     17.079924
      3.058058      7.118818      7.118818     14.237636
      3.068068      6.242059      6.242059     12.484117
      3.078078      6.119288      6.119288     12.238576
      3.088088      6.765971      6.765971     13.531942
      3.098098      7.990629      7.990629     15.981259
      3.108108      9.438550      9.438550     18.877099
      3.118118     10.685869     10.685869     21.371738
      3.128128     11.363970     11.363970     22.727940
      3.138138     11.277373     11.277373     22.554746
      3.148148     10.472288     10.472288     20.944575
      3.158158      9.228405      9.228405     18.456810
      3.168168      7.977898      7.977898     15.955796
      3.178178      7.183896      7.183896     14.367793
      3.188188      7.219233      7.219233     14.438466
      3.198198      8.274901      8.274901     16.549803
      3.208208     10.310631     10.310631     20.621263
      3.218218     13.050731     13.050731     26.101462
      3.228228     16.027546     16.027546     32.055093
      3.238238     18.672589     18.672589     37.345179
      3.248248     20.443494     20.443494     40.886987
      3.258258     20.956853     20.956853     41.913706
      3.268268     20.085330     20.085330     40.170660
      3.278278     17.983622     17.983622     35.967244
      3.288288     15.032593     15.032593     30.065186
      3.298298     11.722849     11.722849     23.445697
      3.308308      8.521960      8.521960     17.043921
      3.318318      5.771987      5.771987     11.543975
      3.328328      3.646006      3.646006      7.292013
      3.338338      2.165050      2.165050      4.330100
      3.348348      1.254634      1.254634      2.509269
      3.358358      0.811844      0.811844      1.623689
      3.368368      0.758839      0.758839      1.517678
      3.378378      1.069246      1.069246      2.138491
      3.388388      1.763273      1.763273      3.526547
      3.398398      2.874145      2.874145      5.748291
      3.408408      4.395601      4.395601      8.791202
      3.418418      6.229754      6.229754     12.459508
      3.428428      8.162348      8.162348     16.324697
      3.438438      9.889509      9.889509     19.779019
      3.448448     11.100556     11.100556     22.201111
      3.458458     11.591026     11.591026     23.182052
      3.468468     11.356262     11.356262     22.712524
      3.478478     10.616444     10.616444     21.232887
      3.488488      9.752755      9.752755     19.505510
      3.498498      9.176499      9.176499     18.352997
      3.508509      9.185245      9.185245     18.370489
      3.518519      9.866082      9.866082     19.732163
      3.528529     11.084264     11.084264     22.168529
      3.538539     12.556985     12.556985     25.113970
      3.548549     13.973459     13.973459     27.946917
      3.558559     15.101810     15.101810     30.203620
      3.568569     15.833039     15.833039     31.666079
      3.578579     16.150758     16.150758     32.301516
      3.588589     16.061200     16.061200     32.122400
      3.598599     15.540585     15.540585     31.081171
      3.608609     14.539074     14.539074     29.078149
      3.618619     13.035132     13.035132     26.070263
      3.628629     11.095740     11.095740     22.191480
      3.638639      8.894958      8.894958     17.789915
      3.648649      6.675083      6.675083     13.350166
      3.658659      4.674163      4.674163      9.348326
      3.668669      3.062021      3.062021      6.124041
      3.678679      1.915843      1.915843      3.831685
      3.688689      1.239201      1.239201      2.478403
      3.698699      1.005279      1.005279      2.010559
      3.708709      1.197007      1.197007      2.394015
      3.718719      1.822580      1.822580      3.645160
      3.728729      2.897690      2.897690      5.795381
      3.738739      4.400879      4.400879      8.801759
      3.748749      6.222694      6.222694     12.445388
      3.758759      8.138197      8.138197     16.276395
      3.768769      9.828566      9.828566     19.657131
      3.778779     10.957053     10.957053     21.914107
      3.788789     11.274508     11.274508     22.549016
      3.798799     10.707585     10.707585     21.415171
      3.808809      9.385841      9.385841     18.771682
      3.818819      7.593504      7.593504     15.187009
      3.828829      5.670226      5.670226     11.340451
      3.838839      3.908027      3.908027      7.816054
      3.848849      2.486407      2.486407      4.972814
      3.858859      1.461435      1.461435      2.922870
      3.868869      0.797070      0.797070      1.594140
      3.878879      0.413454      0.413454      0.826907
      3.888889      0.230174      0.230174      0.460349
      3.898899      0.194430      0.194430      0.388860
      3.908909      0.294458      0.294458      0.588916
      3.918919      0.562169      0.562169      1.124338
      3.928929      1.066337      1.066337      2.132675
      3.938939      1.893709      1.893709      3.787418
      3.948949      3.115503      3.115503      6.231007
      3.958959      4.744222      4.744222      9.488445
      3.968969      6.698106      6.698106     13.396213
      3.978979      8.799257      8.799257     17.598514
      3.988989     10.825063     10.825063     21.650126
      3.998999     12.606609     12.606609     25.213219
      4.009009     14.132511     14.132511     28.265023
      4.019019     15.595377     15.595377     31.190753
      4.029029     17.332416     17.332416     34.664833
      4.039039     19.663041     19.663041     39.326082
      4.049049     22.689274     22.689274     45.378548
      4.059059     26.160541     26.160541     52.321082
      4.069069     29.485820     29.485820     58.971641
      4.079079     31.908014     31.908014     63.816027
      4.089089     32.773788     32.773788     65.547576
      4.099099     31.782553     31.782553     63.565107
      4.109109     29.107499     29.107499     58.214997
      4.119119     25.341984     25.341984     50.683968
      4.129129     21.301337     21.301337     42.602675
      4.139139     17.765156     17.765156     35.530313
      4.149149     15.258349     15.258349     30.516697
      4.159159     13.943398     13.943398     27.886797
      4.169169     13.648258     13.648258     27.296516
      4.179179     14.002604     14.002604     28.005209
      4.189189     14.616404     14.616404     29.232808
      4.199199     15.222995     15.222995     30.445990
      4.209209     15.731721     15.731721     31.463443
      4.219219     16.184552     16.184552     32.369103
      4.229229     16.660864     16.660864     33.321727
      4.239239     17.194369     17.194369     34.388737
      4.249249     17.744627     17.744627     35.489255
      4.259259     18.221884     18.221884     36.443769
      4.269269     18.532604     18.532604     37.065209
      4.279279     18.614211     18.614211     37.228423
      4.289289     18.450407     18.450407     36.900815
      4.299299     18.075509     18.075509     36.151019
      4.309309     17.572697     17.572697     35.145395
      4.319319     17.058958     17.058958     34.117916
      4.329329     16.650988     16.650988     33.301975
      4.339339     16.425818     16.425818     32.851637
      4.349349     16.406189     16.406189     32.812378
      4.359359     16.589233     16.589233     33.178467
      4.369369     16.999460     16.999460     33.998920
      4.379379     17.714874     17.714874     35.429749
      4.389389     18.822963     18.822963     37.645927
      4.399399     20.314351     20.314351     40.628702
      4.409409     21.980350     21.980350     43.960700
      4.419419     23.397999     23.397999     46.795997
      4.429429     24.041861     24.041861     48.083722
      4.439439     23.482078     23.482078     46.964156
      4.449449     21.568275     21.568275     43.136550
      4.459459     18.501644     18.501644     37.003288
      4.469469     14.760852     14.760852     29.521704
      4.479479     10.927428     10.927428     21.854856
      4.489489      7.501700      7.501700     15.003400
      4.499499      4.789171      4.789171      9.578341
      4.509510      2.887162      2.887162      5.774325
      4.519520      1.749897      1.749897      3.499794
      4.529530      1.284162      1.284162      2.568324
      4.539540      1.430501      1.430501      2.861003
      4.549550      2.202311      2.202311      4.404622
      4.559560      3.672987      3.672987      7.345974
      4.569570      5.915312      5.915312     11.830624
      4.579580      8.911622      8.911622     17.823243
      4.589590     12.469824     12.469824     24.939647
      4.599600     16.191428     16.191428     32.382856
      4.609610     19.529220     19.529220     39.058439
      4.619620     21.936803     21.936803     43.873606
      4.629630     23.061779     23.061779     46.123558
      4.639640     22.898143     22.898143     45.796285
      4.649650     21.819617     21.819617     43.639234
      4.659660     20.467570     20.467570     40.935140
      4.669670     19.536904     19.536904     39.073809
      4.679680     19.549270     19.549270     39.098540
      4.689690     20.699589     20.699589     41.399178
      4.699700     22.817739     22.817739     45.635477
      4.709710     25.435707     25.435707     50.871415
      4.719720     27.922398     27.922398     55.844797
      4.729730     29.648591     29.648591     59.297182
      4.739740     30.154096     30.154096     60.308192
      4.749750     29.287415     29.287415     58.574830
      4.759760     27.276471     27.276471     54.552942
      4.769770     24.689055     24.689055     49.378109
      4.779780     22.272494     22.272494     44.544989
      4.789790     20.716408     20.716408     41.432816
      4.799800     20.428417     20.428417     40.856834
      4.809810     21.417603     21.417603     42.835207
      4.819820     23.335406     23.335406     46.670811
      4.829830     25.649626     25.649626     51.299253
      4.839840     27.863111     27.863111     55.726221
      4.849850     29.670171     29.670171     59.340342
      4.859860     30.984078     30.984078     61.968156
      4.869870     31.847159     31.847159     63.694319
      4.879880     32.303678     32.303678     64.607356
      4.889890     32.328812     32.328812     64.657624
      4.899900     31.855462     31.855462     63.710924
      4.909910     30.863082     30.863082     61.726164
      4.919920     29.448233     29.448233     58.896465
      4.929930     27.816329     27.816329     55.632658
      4.939940     26.196886     26.196886     52.393771
      4.949950     24.738057     24.738057     49.476113
      4.959960     23.443459     23.443459     46.886919
      4.969970     22.180397     22.180397     44.360795
      4.979980     20.746751     20.746751     41.493503
      4.989990     18.960951     18.960951     37.921901
      5.000000     16.738828     16.738828     33.477656
