# EIG2DOS: Utility for SIESTA to obtain the electronic density of states
#  E. Artacho, Apr 1999, A. Garcia, Apr 2012
#  Nick R. Papior, Feb 2017
# ------------------------------------------
# Eigenvalues calculated from a non-polarized calculation
# Eigenvalues read from siesta.EIG
# Kpoint weights read from siesta.KP
# Using smearing parameter:   0.0500
# Using 1000 points in the energy range
# Selected bands: 1 to: 2981
# Emin, Emax in file for selected band(s):    -27.0590307    218.3267600
# Nbands, Nspin, Nk   =   2981     1     1
# E_F                 =    -4.2787 eV --> (shifted to ZERO)
# Broadening          =     0.0500 eV
#
#        E            N(up)  (=)   N(down)         Ntot
     -5.000000     46.913155     46.913155     93.826310
     -4.989990     48.961101     48.961101     97.922203
     -4.979980     49.552802     49.552802     99.105603
     -4.969970     48.765856     48.765856     97.531712
     -4.959960     46.805707     46.805707     93.611414
     -4.949950     43.954828     43.954828     87.909656
     -4.939940     40.544428     40.544428     81.088856
     -4.929930     36.956151     36.956151     73.912301
     -4.919920     33.641879     33.641879     67.283758
     -4.909910     31.134572     31.134572     62.269145
     -4.899900     30.014961     30.014961     60.029922
     -4.889890     30.804174     30.804174     61.608348
     -4.879880     33.781559     33.781559     67.563118
     -4.869870     38.780398     38.780398     77.560796
     -4.859860     45.065762     45.065762     90.131524
     -4.849850     51.403024     51.403024    102.806047
     -4.839840     56.354250     56.354250    112.708501
     -4.829830     58.717209     58.717209    117.434418
     -4.819820     57.922631     57.922631    115.845262
     -4.809810     54.203909     54.203909    108.407817
     -4.799800     48.462946     48.462946     96.925892
     -4.789790     41.910872     41.910872     83.821743
     -4.779780     35.664175     35.664175     71.328350
     -4.769770     30.467516     30.467516     60.935032
     -4.759760     26.616501     26.616501     53.233002
     -4.749750     24.043410     24.043410     48.086820
     -4.739740     22.472370     22.472370     44.944741
     -4.729730     21.560368     21.560368     43.120737
     -4.719720     20.984465     20.984465     41.968930
     -4.709710     20.476230     20.476230     40.952459
     -4.699700     19.826105     19.826105     39.652211
     -4.689690     18.885771     18.885771     37.771542
     -4.679680     17.589787     17.589787     35.179575
     -4.669670     16.000172     16.000172     32.000344
     -4.659660     14.354650     14.354650     28.709300
     -4.649650     13.083916     13.083916     26.167832
     -4.639640     12.765950     12.765950     25.531900
     -4.629630     14.005435     14.005435     28.010871
     -4.619620     17.254391     17.254391     34.508781
     -4.609610     22.617882     22.617882     45.235763
     -4.599600     29.710994     29.710994     59.421988
     -4.589590     37.640512     37.640512     75.281023
     -4.579580     45.161271     45.161271     90.322543
     -4.569570     50.995172     50.995172    101.990344
     -4.559560     54.219449     54.219449    108.438897
     -4.549550     54.575155     54.575155    109.150309
     -4.539540     52.559368     52.559368    105.118736
     -4.529530     49.250498     49.250498     98.500997
     -4.519520     45.933365     45.933365     91.866729
     -4.509510     43.676707     43.676707     87.353415
     -4.499499     43.027065     43.027065     86.054129
     -4.489489     43.919438     43.919438     87.838877
     -4.479479     45.804974     45.804974     91.609948
     -4.469469     47.909619     47.909619     95.819238
     -4.459459     49.502176     49.502176     99.004351
     -4.449449     50.073529     50.073529    100.147058
     -4.439439     49.391383     49.391383     98.782765
     -4.429429     47.460856     47.460856     94.921711
     -4.419419     44.456434     44.456434     88.912869
     -4.409409     40.678953     40.678953     81.357906
     -4.399399     36.544883     36.544883     73.089767
     -4.389389     32.569843     32.569843     65.139686
     -4.379379     29.300161     29.300161     58.600323
     -4.369369     27.184531     27.184531     54.369061
     -4.359359     26.434077     26.434077     52.868154
     -4.349349     26.948148     26.948148     53.896296
     -4.339339     28.358423     28.358423     56.716846
     -4.329329     30.179987     30.179987     60.359974
     -4.319319     31.998508     31.998508     63.997017
     -4.309309     33.606599     33.606599     67.213198
     -4.299299     35.035397     35.035397     70.070794
     -4.289289     36.481883     36.481883     72.963766
     -4.279279     38.173253     38.173253     76.346505
     -4.269269     40.221710     40.221710     80.443421
     -4.259259     42.516612     42.516612     85.033224
     -4.249249     44.692179     44.692179     89.384359
     -4.239239     46.198161     46.198161     92.396321
     -4.229229     46.472881     46.472881     92.945763
     -4.219219     45.168015     45.168015     90.336031
     -4.209209     42.327208     42.327208     84.654416
     -4.199199     38.419006     38.419006     76.838013
     -4.189189     34.188291     34.188291     68.376582
     -4.179179     30.388788     30.388788     60.777576
     -4.169169     27.527875     27.527875     55.055751
     -4.159159     25.746373     25.746373     51.492746
     -4.149149     24.877475     24.877475     49.754950
     -4.139139     24.632971     24.632971     49.265943
     -4.129129     24.806649     24.806649     49.613299
     -4.119119     25.387127     25.387127     50.774254
     -4.109109     26.524008     26.524008     53.048017
     -4.099099     28.365465     28.365465     56.730930
     -4.089089     30.853599     30.853599     61.707198
     -4.079079     33.597499     33.597499     67.194997
     -4.069069     35.918386     35.918386     71.836771
     -4.059059     37.075954     37.075954     74.151908
     -4.049049     36.578807     36.578807     73.157613
     -4.039039     34.420503     34.420503     68.841006
     -4.029029     31.113575     31.113575     62.227150
     -4.019019     27.504557     27.504557     55.009115
     -4.009009     24.473325     24.473325     48.946650
     -3.998999     22.671677     22.671677     45.343353
     -3.988989     22.410830     22.410830     44.821659
     -3.978979     23.705002     23.705002     47.410003
     -3.968969     26.392650     26.392650     52.785300
     -3.958959     30.240688     30.240688     60.481377
     -3.948949     34.986517     34.986517     69.973034
     -3.938939     40.338455     40.338455     80.676909
     -3.928929     45.984020     45.984020     91.968040
     -3.918919     51.631275     51.631275    103.262549
     -3.908909     57.059660     57.059660    114.119321
     -3.898899     62.129501     62.129501    124.259003
     -3.888889     66.719086     66.719086    133.438172
     -3.878879     70.611980     70.611980    141.223960
     -3.868869     73.405997     73.405997    146.811994
     -3.858859     74.522751     74.522751    149.045502
     -3.848849     73.352572     73.352572    146.705144
     -3.838839     69.495203     69.495203    138.990407
     -3.828829     62.993475     62.993475    125.986950
     -3.818819     54.443652     54.443652    108.887304
     -3.808809     44.914651     44.914651     89.829301
     -3.798799     35.694412     35.694412     71.388823
     -3.788789     27.958191     27.958191     55.916382
     -3.778779     22.480569     22.480569     44.961139
     -3.768769     19.483119     19.483119     38.966238
     -3.758759     18.648134     18.648134     37.296267
     -3.748749     19.271064     19.271064     38.542128
     -3.738739     20.492112     20.492112     40.984224
     -3.728729     21.541360     21.541360     43.082719
     -3.718719     21.940560     21.940560     43.881120
     -3.708709     21.618323     21.618323     43.236646
     -3.698699     20.911559     20.911559     41.823117
     -3.688689     20.447420     20.447420     40.894839
     -3.678679     20.928888     20.928888     41.857776
     -3.668669     22.879917     22.879917     45.759834
     -3.658659     26.430910     26.430910     52.861819
     -3.648649     31.225683     31.225683     62.451367
     -3.638639     36.495363     36.495363     72.990726
     -3.628629     41.279513     41.279513     82.559027
     -3.618619     44.709495     44.709495     89.418990
     -3.608609     46.241696     46.241696     92.483392
     -3.598599     45.758440     45.758440     91.516880
     -3.588589     43.523823     43.523823     87.047646
     -3.578579     40.045196     40.045196     80.090392
     -3.568569     35.911563     35.911563     71.823126
     -3.558559     31.658130     31.658130     63.316260
     -3.548549     27.673281     27.673281     55.346561
     -3.538539     24.149734     24.149734     48.299468
     -3.528529     21.085781     21.085781     42.171563
     -3.518519     18.343041     18.343041     36.686082
     -3.508509     15.748904     15.748904     31.497808
     -3.498498     13.205293     13.205293     26.410586
     -3.488488     10.755569     10.755569     21.511138
     -3.478478      8.580873      8.580873     17.161747
     -3.468468      6.932926      6.932926     13.865852
     -3.458458      6.037251      6.037251     12.074503
     -3.448448      6.005101      6.005101     12.010203
     -3.438438      6.780498      6.780498     13.560995
     -3.428428      8.135738      8.135738     16.271476
     -3.418418      9.720492      9.720492     19.440983
     -3.408408     11.159881     11.159881     22.319762
     -3.398398     12.179055     12.179055     24.358110
     -3.388388     12.711630     12.711630     25.423260
     -3.378378     12.944027     12.944027     25.888055
     -3.368368     13.268901     13.268901     26.537801
     -3.358358     14.160734     14.160734     28.321467
     -3.348348     16.020785     16.020785     32.041570
     -3.338338     19.045099     19.045099     38.090197
     -3.328328     23.147989     23.147989     46.295978
     -3.318318     27.945748     27.945748     55.891496
     -3.308308     32.794483     32.794483     65.588967
     -3.298298     36.883995     36.883995     73.767990
     -3.288288     39.394391     39.394391     78.788782
     -3.278278     39.700787     39.700787     79.401574
     -3.268268     37.568782     37.568782     75.137564
     -3.258258     33.255441     33.255441     66.510881
     -3.248248     27.453217     27.453217     54.906434
     -3.238238     21.085848     21.085848     42.171697
     -3.228228     15.041037     15.041037     30.082073
     -3.218218      9.952659      9.952659     19.905317
     -3.208208      6.109160      6.109160     12.218320
     -3.198198      3.494525      3.494525      6.989049
     -3.188188      1.911279      1.911279      3.822559
     -3.178178      1.119265      1.119265      2.238531
     -3.168168      0.943844      0.943844      1.887688
     -3.158158      1.337420      1.337420      2.674840
     -3.148148      2.396709      2.396709      4.793418
     -3.138138      4.339442      4.339442      8.678883
     -3.128128      7.437722      7.437722     14.875443
     -3.118118     11.905926     11.905926     23.811852
     -3.108108     17.758258     17.758258     35.516517
     -3.098098     24.680582     24.680582     49.361164
     -3.088088     31.983800     31.983800     63.967599
     -3.078078     38.696901     38.696901     77.393802
     -3.068068     43.804916     43.804916     87.609833
     -3.058058     46.558608     46.558608     93.117215
     -3.048048     46.724804     46.724804     93.449608
     -3.038038     44.654686     44.654686     89.309372
     -3.028028     41.130099     41.130099     82.260198
     -3.018018     37.060925     37.060925     74.121851
     -3.008008     33.180190     33.180190     66.360381
     -2.997998     29.873521     29.873521     59.747042
     -2.987988     27.197702     27.197702     54.395404
     -2.977978     25.044252     25.044252     50.088503
     -2.967968     23.342860     23.342860     46.685721
     -2.957958     22.197653     22.197653     44.395307
     -2.947948     21.893662     21.893662     43.787323
     -2.937938     22.774252     22.774252     45.548503
     -2.927928     25.047572     25.047572     50.095144
     -2.917918     28.612856     28.612856     57.225711
     -2.907908     32.993458     32.993458     65.986917
     -2.897898     37.421239     37.421239     74.842479
     -2.887888     41.050817     41.050817     82.101635
     -2.877878     43.221172     43.221172     86.442344
     -2.867868     43.656056     43.656056     87.312111
     -2.857858     42.518799     42.518799     85.037597
     -2.847848     40.301640     40.301640     80.603280
     -2.837838     37.604176     37.604176     75.208351
     -2.827828     34.903617     34.903617     69.807235
     -2.817818     32.417721     32.417721     64.835441
     -2.807808     30.110872     30.110872     60.221743
     -2.797798     27.820835     27.820835     55.641670
     -2.787788     25.425648     25.425648     50.851295
     -2.777778     22.956776     22.956776     45.913552
     -2.767768     20.602021     20.602021     41.204043
     -2.757758     18.608298     18.608298     37.216596
     -2.747748     17.152472     17.152472     34.304943
     -2.737738     16.264121     16.264121     32.528242
     -2.727728     15.847712     15.847712     31.695424
     -2.717718     15.785048     15.785048     31.570095
     -2.707708     16.044065     16.044065     32.088131
     -2.697698     16.713803     16.713803     33.427606
     -2.687688     17.934220     17.934220     35.868439
     -2.677678     19.763085     19.763085     39.526170
     -2.667668     22.070900     22.070900     44.141801
     -2.657658     24.543196     24.543196     49.086392
     -2.647648     26.801563     26.801563     53.603126
     -2.637638     28.574584     28.574584     57.149169
     -2.627628     29.813347     29.813347     59.626695
     -2.617618     30.681123     30.681123     61.362246
     -2.607608     31.429742     31.429742     62.859484
     -2.597598     32.246207     32.246207     64.492414
     -2.587588     33.161182     33.161182     66.322364
     -2.577578     34.054960     34.054960     68.109921
     -2.567568     34.725929     34.725929     69.451858
     -2.557558     34.958662     34.958662     69.917323
     -2.547548     34.559189     34.559189     69.118379
     -2.537538     33.376145     33.376145     66.752290
     -2.527528     31.345454     31.345454     62.690907
     -2.517518     28.564899     28.564899     57.129798
     -2.507508     25.354952     25.354952     50.709905
     -2.497497     22.243447     22.243447     44.486895
     -2.487487     19.845601     19.845601     39.691203
     -2.477477     18.674414     18.674414     37.348828
     -2.467467     18.964409     18.964409     37.928819
     -2.457457     20.593103     20.593103     41.186206
     -2.447447     23.140388     23.140388     46.280776
     -2.437437     26.061741     26.061741     52.123483
     -2.427427     28.898386     28.898386     57.796771
     -2.417417     31.429848     31.429848     62.859696
     -2.407407     33.699551     33.699551     67.399102
     -2.397397     35.901877     35.901877     71.803755
     -2.387387     38.184566     38.184566     76.369133
     -2.377377     40.463832     40.463832     80.927663
     -2.367367     42.350096     42.350096     84.700192
     -2.357357     43.236142     43.236142     86.472283
     -2.347347     42.523819     42.523819     85.047638
     -2.337337     39.894171     39.894171     79.788342
     -2.327327     35.496906     35.496906     70.993813
     -2.317317     29.968914     29.968914     59.937829
     -2.307307     24.272844     24.272844     48.545689
     -2.297297     19.429518     19.429518     38.859036
     -2.287287     16.255370     16.255370     32.510740
     -2.277277     15.193922     15.193922     30.387843
     -2.267267     16.273280     16.273280     32.546561
     -2.257257     19.169104     19.169104     38.338207
     -2.247247     23.327369     23.327369     46.654738
     -2.237237     28.100983     28.100983     56.201967
     -2.227227     32.864692     32.864692     65.729384
     -2.217217     37.086181     37.086181     74.172362
     -2.207207     40.349029     40.349029     80.698058
     -2.197197     42.344996     42.344996     84.689993
     -2.187187     42.868665     42.868665     85.737331
     -2.177177     41.841814     41.841814     83.683627
     -2.167167     39.364630     39.364630     78.729261
     -2.157157     35.753960     35.753960     71.507920
     -2.147147     31.515822     31.515822     63.031643
     -2.137137     27.228914     27.228914     54.457828
     -2.127127     23.373886     23.373886     46.747771
     -2.117117     20.188960     20.188960     40.377919
     -2.107107     17.628848     17.628848     35.257696
     -2.097097     15.448382     15.448382     30.896764
     -2.087087     13.361614     13.361614     26.723228
     -2.077077     11.189075     11.189075     22.378150
     -2.067067      8.923088      8.923088     17.846176
     -2.057057      6.696330      6.696330     13.392659
     -2.047047      4.692214      4.692214      9.384427
     -2.037037      3.055458      3.055458      6.110915
     -2.027027      1.844224      1.844224      3.688448
     -2.017017      1.031744      1.031744      2.063488
     -2.007007      0.539570      0.539570      1.079140
     -1.996997      0.277837      0.277837      0.555675
     -1.986987      0.176175      0.176175      0.352349
     -1.976977      0.201082      0.201082      0.402164
     -1.966967      0.363025      0.363025      0.726050
     -1.956957      0.716779      0.716779      1.433557
     -1.946947      1.354449      1.354449      2.708899
     -1.936937      2.386926      2.386926      4.773851
     -1.926927      3.910597      3.910597      7.821194
     -1.916917      5.963381      5.963381     11.926761
     -1.906907      8.484077      8.484077     16.968154
     -1.896897     11.294651     11.294651     22.589301
     -1.886887     14.119800     14.119800     28.239600
     -1.876877     16.642889     16.642889     33.285778
     -1.866867     18.580756     18.580756     37.161513
     -1.856857     19.752523     19.752523     39.505045
     -1.846847     20.121884     20.121884     40.243769
     -1.836837     19.801959     19.801959     39.603918
     -1.826827     19.019576     19.019576     38.039151
     -1.816817     18.043168     18.043168     36.086336
     -1.806807     17.091087     17.091087     34.182174
     -1.796797     16.253644     16.253644     32.507288
     -1.786787     15.468515     15.468515     30.937030
     -1.776777     14.571002     14.571002     29.142004
     -1.766767     13.401744     13.401744     26.803489
     -1.756757     11.919095     11.919095     23.838190
     -1.746747     10.257692     10.257692     20.515385
     -1.736737      8.703729      8.703729     17.407459
     -1.726727      7.600890      7.600890     15.201780
     -1.716717      7.231351      7.231351     14.462702
     -1.706707      7.720383      7.720383     15.440767
     -1.696697      8.996733      8.996733     17.993465
     -1.686687     10.817390     10.817390     21.634781
     -1.676677     12.843062     12.843062     25.686123
     -1.666667     14.733174     14.733174     29.466348
     -1.656657     16.222196     16.222196     32.444392
     -1.646647     17.149771     17.149771     34.299542
     -1.636637     17.444922     17.444922     34.889844
     -1.626627     17.093389     17.093389     34.186777
     -1.616617     16.125013     16.125013     32.250027
     -1.606607     14.637185     14.637185     29.274370
     -1.596597     12.836559     12.836559     25.673117
     -1.586587     11.061226     11.061226     22.122453
     -1.576577      9.752939      9.752939     19.505877
     -1.566567      9.374672      9.374672     18.749344
     -1.556557     10.293088     10.293088     20.586176
     -1.546547     12.657561     12.657561     25.315121
     -1.536537     16.310551     16.310551     32.621102
     -1.526527     20.763358     20.763358     41.526717
     -1.516517     25.262852     25.262852     50.525703
     -1.506507     28.950360     28.950360     57.900720
     -1.496496     31.075764     31.075764     62.151528
     -1.486486     31.197325     31.197325     62.394649
     -1.476476     29.294457     29.294457     58.588914
     -1.466466     25.753973     25.753973     51.507946
     -1.456456     21.243192     21.243192     42.486383
     -1.446446     16.526238     16.526238     33.052476
     -1.436436     12.291488     12.291488     24.582975
     -1.426426      9.037657      9.037657     18.075313
     -1.416416      7.030179      7.030179     14.060359
     -1.406406      6.310063      6.310063     12.620127
     -1.396396      6.728591      6.728591     13.457181
     -1.386386      7.992526      7.992526     15.985052
     -1.376376      9.721712      9.721712     19.443424
     -1.366366     11.526170     11.526170     23.052340
     -1.356356     13.095702     13.095702     26.191404
     -1.346346     14.272790     14.272790     28.545581
     -1.336336     15.072007     15.072007     30.144015
     -1.326326     15.630205     15.630205     31.260410
     -1.316316     16.111114     16.111114     32.222228
     -1.306306     16.615926     16.615926     33.231852
     -1.296296     17.144266     17.144266     34.288531
     -1.286286     17.612494     17.612494     35.224989
     -1.276276     17.899522     17.899522     35.799044
     -1.266266     17.883549     17.883549     35.767098
     -1.256256     17.457282     17.457282     34.914564
     -1.246246     16.537021     16.537021     33.074043
     -1.236236     15.084968     15.084968     30.169936
     -1.226226     13.142750     13.142750     26.285500
     -1.216216     10.851616     10.851616     21.703232
     -1.206206      8.435135      8.435135     16.870270
     -1.196196      6.144300      6.144300     12.288599
     -1.186186      4.191433      4.191433      8.382866
     -1.176176      2.706648      2.706648      5.413297
     -1.166166      1.735050      1.735050      3.470099
     -1.156156      1.268149      1.268149      2.536297
     -1.146146      1.285667      1.285667      2.571335
     -1.136136      1.781560      1.781560      3.563121
     -1.126126      2.758371      2.758371      5.516742
     -1.116116      4.190835      4.190835      8.381669
     -1.106106      5.977143      5.977143     11.954286
     -1.096096      7.908245      7.908245     15.816491
     -1.086086      9.684297      9.684297     19.368594
     -1.076076     10.988384     10.988384     21.976768
     -1.066066     11.596297     11.596297     23.192594
     -1.056056     11.474262     11.474262     22.948525
     -1.046046     10.812788     10.812788     21.625575
     -1.036036      9.970390      9.970390     19.940780
     -1.026026      9.343377      9.343377     18.686755
     -1.016016      9.213840      9.213840     18.427679
     -1.006006      9.639269      9.639269     19.278539
     -0.995996     10.429930     10.429930     20.859859
     -0.985986     11.223382     11.223382     22.446764
     -0.975976     11.625099     11.625099     23.250199
     -0.965966     11.356324     11.356324     22.712647
     -0.955956     10.348215     10.348215     20.696429
     -0.945946      8.747593      8.747593     17.495186
     -0.935936      6.841907      6.841907     13.683813
     -0.925926      4.946667      4.946667      9.893335
     -0.915916      3.308524      3.308524      6.617048
     -0.905906      2.059211      2.059211      4.118423
     -0.895896      1.224838      1.224838      2.449676
     -0.885886      0.770562      0.770562      1.541125
     -0.875876      0.652777      0.652777      1.305554
     -0.865866      0.856587      0.856587      1.713174
     -0.855856      1.406686      1.406686      2.813372
     -0.845846      2.348699      2.348699      4.697399
     -0.835836      3.705947      3.705947      7.411895
     -0.825826      5.426000      5.426000     10.852001
     -0.815816      7.341144      7.341144     14.682287
     -0.805806      9.169568      9.169568     18.339137
     -0.795796     10.571735     10.571735     21.143469
     -0.785786     11.249574     11.249574     22.499148
     -0.775776     11.048773     11.048773     22.097547
     -0.765766     10.015660     10.015660     20.031319
     -0.755756      8.379804      8.379804     16.759608
     -0.745746      6.471196      6.471196     12.942392
     -0.735736      4.612858      4.612858      9.225717
     -0.725726      3.036577      3.036577      6.073155
     -0.715716      1.850122      1.850122      3.700244
     -0.705706      1.054987      1.054987      2.109974
     -0.695696      0.593092      0.593092      1.186184
     -0.685686      0.397190      0.397190      0.794379
     -0.675676      0.428151      0.428151      0.856302
     -0.665666      0.692670      0.692670      1.385340
     -0.655656      1.240386      1.240386      2.480773
     -0.645646      2.140498      2.140498      4.280996
     -0.635636      3.439773      3.439773      6.879545
     -0.625626      5.111001      5.111001     10.222002
     -0.615616      7.011695      7.011695     14.023391
     -0.605606      8.878867      8.878867     17.757734
     -0.595596     10.377315     10.377315     20.754629
     -0.585586     11.194391     11.194391     22.388782
     -0.575576     11.145589     11.145589     22.291179
     -0.565566     10.242183     10.242183     20.484365
     -0.555556      8.686981      8.686981     17.373961
     -0.545546      6.800362      6.800362     13.600724
     -0.535536      4.913399      4.913399      9.826799
     -0.525526      3.276566      3.276566      6.553132
     -0.515516      2.016706      2.016706      4.033413
     -0.505506      1.145653      1.145653      2.291307
     -0.495495      0.600690      0.600690      1.201381
     -0.485485      0.290693      0.290693      0.581387
     -0.475475      0.129839      0.129839      0.259679
     -0.465465      0.053526      0.053526      0.107052
     -0.455455      0.020366      0.020366      0.040732
     -0.445445      0.007152      0.007152      0.014305
     -0.435435      0.002319      0.002319      0.004638
     -0.425425      0.000696      0.000696      0.001393
     -0.415415      0.000204      0.000204      0.000408
     -0.405405      0.000102      0.000102      0.000204
     -0.395395      0.000220      0.000220      0.000440
     -0.385385      0.000754      0.000754      0.001507
     -0.375375      0.002498      0.002498      0.004996
     -0.365365      0.007666      0.007666      0.015332
     -0.355355      0.021718      0.021718      0.043436
     -0.345345      0.056786      0.056786      0.113573
     -0.335335      0.137043      0.137043      0.274086
     -0.325325      0.305251      0.305251      0.610502
     -0.315315      0.627544      0.627544      1.255089
     -0.305305      1.190744      1.190744      2.381488
     -0.295295      2.085351      2.085351      4.170702
     -0.285285      3.370751      3.370751      6.741503
     -0.275275      5.028763      5.028763     10.057526
     -0.265265      6.924405      6.924405     13.848811
     -0.255255      8.800161      8.800161     17.600323
     -0.245245     10.322518     10.322518     20.645035
     -0.235235     11.175514     11.175514     22.351027
     -0.225225     11.166992     11.166992     22.333983
     -0.215215     10.298921     10.298921     20.597843
     -0.205205      8.766660      8.766660     17.533319
     -0.195195      6.887528      6.887528     13.775057
     -0.185185      4.994356      4.994356      9.988712
     -0.175175      3.342585      3.342585      6.685170
     -0.165165      2.064773      2.064773      4.129545
     -0.155155      1.177196      1.177196      2.354393
     -0.145145      0.619459      0.619459      1.238918
     -0.135135      0.300859      0.300859      0.601718
     -0.125125      0.134865      0.134865      0.269730
     -0.115115      0.055799      0.055799      0.111597
     -0.105105      0.021308      0.021308      0.042615
     -0.095095      0.007510      0.007510      0.015020
     -0.085085      0.002443      0.002443      0.004886
     -0.075075      0.000733      0.000733      0.001467
     -0.065065      0.000203      0.000203      0.000407
     -0.055055      0.000052      0.000052      0.000104
     -0.045045      0.000012      0.000012      0.000025
     -0.035035      0.000003      0.000003      0.000005
     -0.025025      0.000001      0.000001      0.000001
     -0.015015      0.000000      0.000000      0.000000
     -0.005005      0.000000      0.000000      0.000000
      0.005005      0.000000      0.000000      0.000000
      0.015015      0.000000      0.000000      0.000000
      0.025025      0.000001      0.000001      0.000001
      0.035035      0.000003      0.000003      0.000005
      0.045045      0.000012      0.000012      0.000025
      0.055055      0.000052      0.000052      0.000104
      0.065065      0.000203      0.000203      0.000407
      0.075075      0.000733      0.000733      0.001467
      0.085085      0.002443      0.002443      0.004886
      0.095095      0.007510      0.007510      0.015020
      0.105105      0.021308      0.021308      0.042615
      0.115115      0.055799      0.055799      0.111597
      0.125125      0.134865      0.134865      0.269730
      0.135135      0.300859      0.300859      0.601718
      0.145145      0.619459      0.619459      1.238918
      0.155155      1.177196      1.177196      2.354393
      0.165165      2.064773      2.064773      4.129545
      0.175175      3.342585      3.342585      6.685170
      0.185185      4.994356      4.994356      9.988712
      0.195195      6.887528      6.887528     13.775057
      0.205205      8.766660      8.766660     17.533319
      0.215215     10.298921     10.298921     20.597843
      0.225225     11.166992     11.166992     22.333983
      0.235235     11.175514     11.175514     22.351027
      0.245245     10.322518     10.322518     20.645035
      0.255255      8.800161      8.800161     17.600323
      0.265265      6.924405      6.924405     13.848811
      0.275275      5.028763      5.028763     10.057526
      0.285285      3.370751      3.370751      6.741503
      0.295295      2.085351      2.085351      4.170702
      0.305305      1.190744      1.190744      2.381488
      0.315315      0.627544      0.627544      1.255089
      0.325325      0.305251      0.305251      0.610502
      0.335335      0.137043      0.137043      0.274086
      0.345345      0.056786      0.056786      0.113573
      0.355355      0.021718      0.021718      0.043436
      0.365365      0.007666      0.007666      0.015332
      0.375375      0.002498      0.002498      0.004996
      0.385385      0.000753      0.000753      0.001507
      0.395395      0.000219      0.000219      0.000439
      0.405405      0.000100      0.000100      0.000199
      0.415415      0.000195      0.000195      0.000390
      0.425425      0.000665      0.000665      0.001330
      0.435435      0.002221      0.002221      0.004441
      0.445445      0.006870      0.006870      0.013739
      0.455455      0.019619      0.019619      0.039238
      0.465465      0.051716      0.051716      0.103432
      0.475475      0.125823      0.125823      0.251645
      0.485485      0.282539      0.282539      0.565078
      0.495495      0.585578      0.585578      1.171156
      0.505506      1.120155      1.120155      2.240309
      0.515516      1.977690      1.977690      3.955380
      0.525526      3.222740      3.222740      6.445480
      0.535536      4.847069      4.847069      9.694139
      0.545546      6.728529      6.728529     13.457057
      0.555556      8.620810      8.620810     17.241620
      0.565566     10.194452     10.194452     20.388904
      0.575576     11.126793     11.126793     22.253586
      0.585586     11.209226     11.209226     22.418452
      0.595596     10.423506     10.423506     20.847012
      0.605606      8.949615      8.949615     17.899231
      0.615616      7.101988      7.101988     14.203975
      0.625626      5.227519      5.227519     10.455038
      0.635636      3.614423      3.614423      7.228845
      0.645646      2.447718      2.447718      4.895437
      0.655656      1.816509      1.816509      3.633018
      0.665666      1.750365      1.750365      3.500731
      0.675676      2.251629      2.251629      4.503257
      0.685686      3.299491      3.299491      6.598981
      0.695696      4.823183      4.823183      9.646366
      0.705706      6.664535      6.664535     13.329070
      0.715716      8.563085      8.563085     17.126170
      0.725726     10.191316     10.191316     20.382631
      0.735736     11.242609     11.242609     22.485217
      0.745746     11.541608     11.541608     23.083215
      0.755756     11.125486     11.125486     22.250972
      0.765766     10.250776     10.250776     20.501553
      0.775776      9.312843      9.312843     18.625687
      0.785786      8.705891      8.705891     17.411782
      0.795796      8.678572      8.678572     17.357145
      0.805806      9.241999      9.241999     18.483998
      0.815816     10.165616     10.165616     20.331232
      0.825826     11.062516     11.062516     22.125032
      0.835836     11.531313     11.531313     23.062626
      0.845846     11.298781     11.298781     22.597562
      0.855856     10.306849     10.306849     20.613699
      0.865866      8.712596      8.712596     17.425191
      0.875876      6.810130      6.810130     13.620259
      0.885886      4.917174      4.917174      9.834348
      0.895896      3.278156      3.278156      6.556312
      0.905906      2.017471      2.017471      4.034942
      0.915916      1.146074      1.146074      2.292147
      0.925926      0.600990      0.600990      1.201980
      0.935936      0.291128      0.291128      0.582256
      0.945946      0.131028      0.131028      0.262056
      0.955956      0.057224      0.057224      0.114449
      0.965966      0.031357      0.031357      0.062714
      0.975976      0.037450      0.037450      0.074900
      0.985986      0.079471      0.079471      0.158943
      0.995996      0.182110      0.182110      0.364220
      1.006006      0.394129      0.394129      0.788258
      1.016016      0.790254      0.790254      1.580508
      1.026026      1.464976      1.464976      2.929953
      1.036036      2.512030      2.512030      5.024060
      1.046046      3.988881      3.988881      7.977762
      1.056056      5.876314      5.876314     11.752629
      1.066066      8.053598      8.053598     16.107196
      1.076076     10.310397     10.310397     20.620795
      1.086086     12.401148     12.401148     24.802296
      1.096096     14.121452     14.121452     28.242904
      1.106106     15.367167     15.367167     30.734335
      1.116116     16.143374     16.143374     32.286748
      1.126126     16.522782     16.522782     33.045564
      1.136136     16.588601     16.588601     33.177203
      1.146146     16.405575     16.405575     32.811151
      1.156156     16.035270     16.035270     32.070540
      1.166166     15.570145     15.570145     31.140289
      1.176176     15.142248     15.142248     30.284496
      1.186186     14.884559     14.884559     29.769118
      1.196196     14.867490     14.867490     29.734980
      1.206206     15.060174     15.060174     30.120347
      1.216216     15.350424     15.350424     30.700848
      1.226226     15.610671     15.610671     31.221342
      1.236236     15.759437     15.759437     31.518874
      1.246246     15.771946     15.771946     31.543892
      1.256256     15.636552     15.636552     31.273103
      1.266266     15.299736     15.299736     30.599471
      1.276276     14.652812     14.652812     29.305624
      1.286286     13.580083     13.580083     27.160166
      1.296296     12.039388     12.039388     24.078776
      1.306306     10.121278     10.121278     20.242556
      1.316316      8.049854      8.049854     16.099708
      1.326326      6.129683      6.129683     12.259367
      1.336336      4.675234      4.675234      9.350468
      1.346346      3.959730      3.959730      7.919460
      1.356356      4.194070      4.194070      8.388140
      1.366366      5.517584      5.517584     11.035169
      1.376376      7.974097      7.974097     15.948194
      1.386386     11.464861     11.464861     22.929723
      1.396396     15.700574     15.700574     31.401148
      1.406406     20.193698     20.193698     40.387397
      1.416416     24.322366     24.322366     48.644732
      1.426426     27.460543     27.460543     54.921085
      1.436436     29.129250     29.129250     58.258499
      1.446446     29.108481     29.108481     58.216962
      1.456456     27.469859     27.469859     54.939717
      1.466466     24.530479     24.530479     49.060958
      1.476476     20.760573     20.760573     41.521145
      1.486486     16.684289     16.684289     33.368577
      1.496496     12.798992     12.798992     25.597984
      1.506507      9.520810      9.520810     19.041620
      1.516517      7.153920      7.153920     14.307839
      1.526527      5.877758      5.877758     11.755516
      1.536537      5.745290      5.745290     11.490580
      1.546547      6.686385      6.686385     13.372770
      1.556557      8.515527      8.515527     17.031054
      1.566567     10.950565     10.950565     21.901129
      1.576577     13.651560     13.651560     27.303120
      1.586587     16.280795     16.280795     32.561590
      1.596597     18.571039     18.571039     37.142077
      1.606607     20.380531     20.380531     40.761063
      1.616617     21.716859     21.716859     43.433718
      1.626627     22.723871     22.723871     45.447742
      1.636637     23.636094     23.636094     47.272188
      1.646647     24.709192     24.709192     49.418384
      1.656657     26.137771     26.137771     52.275542
      1.666667     27.979238     27.979238     55.958475
      1.676677     30.111859     30.111859     60.223719
      1.686687     32.254879     32.254879     64.509757
      1.696697     34.058498     34.058498     68.116997
      1.706707     35.234895     35.234895     70.469790
      1.716717     35.668237     35.668237     71.336474
      1.726727     35.439022     35.439022     70.878045
      1.736737     34.739901     34.739901     69.479803
      1.746747     33.729066     33.729066     67.458131
      1.756757     32.417423     32.417423     64.834846
      1.766767     30.674080     30.674080     61.348159
      1.776777     28.359562     28.359562     56.719124
      1.786787     25.506649     25.506649     51.013297
      1.796797     22.428999     22.428999     44.857998
      1.806807     19.676376     19.676376     39.352753
      1.816817     17.844179     17.844179     35.688358
      1.826827     17.325762     17.325762     34.651525
      1.836837     18.124795     18.124795     36.249590
      1.846847     19.815565     19.815565     39.631129
      1.856857     21.674043     21.674043     43.348087
      1.866867     22.931199     22.931199     45.862398
      1.876877     23.048430     23.048430     46.096861
      1.886887     21.903093     21.903093     43.806187
      1.896897     19.808558     19.808558     39.617116
      1.906907     17.365633     17.365633     34.731266
      1.916917     15.217047     15.217047     30.434095
      1.926927     13.816417     13.816417     27.632834
      1.936937     13.308840     13.308840     26.617680
      1.946947     13.561612     13.561612     27.123223
      1.956957     14.310460     14.310460     28.620919
      1.966967     15.333242     15.333242     30.666484
      1.976977     16.554045     16.554045     33.108090
      1.986987     18.022245     18.022245     36.044491
      1.996997     19.785489     19.785489     39.570978
      2.007007     21.743306     21.743306     43.486612
      2.017017     23.586469     23.586469     47.172939
      2.027027     24.878349     24.878349     49.756697
      2.037037     25.243749     25.243749     50.487498
      2.047047     24.556001     24.556001     49.112002
      2.057057     23.006730     23.006730     46.013460
      2.067067     21.012419     21.012419     42.024837
      2.077077     19.012244     19.012244     38.024488
      2.087087     17.275934     17.275934     34.551868
      2.097097     15.828066     15.828066     31.656131
      2.107107     14.519174     14.519174     29.038349
      2.117117     13.187580     13.187580     26.375159
      2.127127     11.812537     11.812537     23.625073
      2.137137     10.578058     10.578058     21.156116
      2.147147      9.825119      9.825119     19.650238
      2.157157      9.927041      9.927041     19.854081
      2.167167     11.148856     11.148856     22.297712
      2.177177     13.543002     13.543002     27.086005
      2.187187     16.907239     16.907239     33.814479
      2.197197     20.805790     20.805790     41.611580
      2.207207     24.641342     24.641342     49.282685
      2.217217     27.762382     27.762382     55.524764
      2.227227     29.589689     29.589689     59.179379
      2.237237     29.741083     29.741083     59.482165
      2.247247     28.125002     28.125002     56.250005
      2.257257     24.970226     24.970226     49.940451
      2.267267     20.771862     20.771862     41.543723
      2.277277     16.164012     16.164012     32.328025
      2.287287     11.762846     11.762846     23.525691
      2.297297      8.038944      8.038944     16.077888
      2.307307      5.263202      5.263202     10.526405
      2.317317      3.534451      3.534451      7.068902
      2.327327      2.860568      2.860568      5.721137
      2.337337      3.246238      3.246238      6.492477
      2.347347      4.744223      4.744223      9.488447
      2.357357      7.446083      7.446083     14.892166
      2.367367     11.412804     11.412804     22.825609
      2.377377     16.569136     16.569136     33.138272
      2.387387     22.603198     22.603198     45.206396
      2.397397     28.920226     28.920226     57.840453
      2.407407     34.689917     34.689917     69.379835
      2.417417     38.997813     38.997813     77.995625
      2.427427     41.068220     41.068220     82.136441
      2.437437     40.486389     40.486389     80.972778
      2.447447     37.333594     37.333594     74.667189
      2.457457     32.175046     32.175046     64.350091
      2.467467     25.900267     25.900267     51.800534
      2.477477     19.479682     19.479682     38.959364
      2.487487     13.734240     13.734240     27.468480
      2.497497      9.199171      9.199171     18.398343
      2.507508      6.110108      6.110108     12.220216
      2.517518      4.482018      4.482018      8.964035
      2.527528      4.218905      4.218905      8.437810
      2.537538      5.195997      5.195997     10.391994
      2.547548      7.285881      7.285881     14.571762
      2.557558     10.335446     10.335446     20.670892
      2.567568     14.123628     14.123628     28.247256
      2.577578     18.333575     18.333575     36.667149
      2.587588     22.560710     22.560710     45.121421
      2.597598     26.360499     26.360499     52.720997
      2.607608     29.325224     29.325224     58.650448
      2.617618     31.170168     31.170168     62.340336
      2.627628     31.804256     31.804256     63.608512
      2.637638     31.359499     31.359499     62.718998
      2.647648     30.162941     30.162941     60.325882
      2.657658     28.656774     28.656774     57.313549
      2.667668     27.296946     27.296946     54.593893
      2.677678     26.469943     26.469943     52.939886
      2.687688     26.451718     26.451718     52.903436
      2.697698     27.402849     27.402849     54.805698
      2.707708     29.373265     29.373265     58.746530
      2.717718     32.293189     32.293189     64.586378
      2.727728     35.948701     35.948701     71.897402
      2.737738     39.962559     39.962559     79.925118
      2.747748     43.809628     43.809628     87.619256
      2.757758     46.888217     46.888217     93.776434
      2.767768     48.646805     48.646805     97.293610
      2.777778     48.735694     48.735694     97.471388
      2.787788     47.126803     47.126803     94.253606
      2.797798     44.140661     44.140661     88.281322
      2.807808     40.351022     40.351022     80.702045
      2.817818     36.395326     36.395326     72.790653
      2.827828     32.770742     32.770742     65.541484
      2.837838     29.706020     29.706020     59.412041
      2.847848     27.160031     27.160031     54.320062
      2.857858     24.932957     24.932957     49.865915
      2.867868     22.823831     22.823831     45.647662
      2.877878     20.753894     20.753894     41.507787
      2.887888     18.800617     18.800617     37.601234
      2.897898     17.135656     17.135656     34.271312
      2.907908     15.908727     15.908727     31.817453
      2.917918     15.146464     15.146464     30.292928
      2.927928     14.726199     14.726199     29.452398
      2.937938     14.440774     14.440774     28.881549
      2.947948     14.114657     14.114657     28.229313
      2.957958     13.697823     13.697823     27.395646
      2.967968     13.276216     13.276216     26.552432
      2.977978     12.990402     12.990402     25.980804
      2.987988     12.913709     12.913709     25.827419
      2.997998     12.968049     12.968049     25.936098
      3.008008     12.932006     12.932006     25.864012
      3.018018     12.537984     12.537984     25.075967
      3.028028     11.601482     11.601482     23.202964
      3.038038     10.109851     10.109851     20.219702
      3.048048      8.226758      8.226758     16.453515
      3.058058      6.219572      6.219572     12.439143
      3.068068      4.355878      4.355878      8.711756
      3.078078      2.821493      2.821493      5.642986
      3.088088      1.689192      1.689192      3.378383
      3.098098      0.935606      0.935606      1.871213
      3.108108      0.483557      0.483557      0.967114
      3.118118      0.245380      0.245380      0.490760
      3.128128      0.153535      0.153535      0.307070
      3.138138      0.177074      0.177074      0.354149
      3.148148      0.329118      0.329118      0.658236
      3.158158      0.669820      0.669820      1.339641
      3.168168      1.304091      1.304091      2.608182
      3.178178      2.367943      2.367943      4.735886
      3.188188      3.996076      3.996076      7.992152
      3.198198      6.269245      6.269245     12.538491
      3.208208      9.152553      9.152553     18.305106
      3.218218     12.449338     12.449338     24.898675
      3.228228     15.800468     15.800468     31.600935
      3.238238     18.747800     18.747800     37.495600
      3.248248     20.854081     20.854081     41.708163
      3.258258     21.840718     21.840718     43.681436
      3.268268     21.686627     21.686627     43.373254
      3.278278     20.638971     20.638971     41.277942
      3.288288     19.120972     19.120972     38.241943
      3.298298     17.569460     17.569460     35.138919
      3.308308     16.271772     16.271772     32.543545
      3.318318     15.276353     15.276353     30.552705
      3.328328     14.417366     14.417366     28.834732
      3.338338     13.436744     13.436744     26.873489
      3.348348     12.138904     12.138904     24.277808
      3.358358     10.502035     10.502035     21.004069
      3.368368      8.700001      8.700001     17.400001
      3.378378      7.038568      7.038568     14.077136
      3.388388      5.846851      5.846851     11.693702
      3.398398      5.371450      5.371450     10.742901
      3.408408      5.703407      5.703407     11.406814
      3.418418      6.747769      6.747769     13.495538
      3.428428      8.236973      8.236973     16.473945
      3.438438      9.789345      9.789345     19.578690
      3.448448     11.009048     11.009048     22.018095
      3.458458     11.606665     11.606665     23.213330
      3.468468     11.499654     11.499654     22.999307
      3.478478     10.847562     10.847562     21.695124
      3.488488      9.998565      9.998565     19.997130
      3.498498      9.362847      9.362847     18.725694
      3.508509      9.263140      9.263140     18.526279
      3.518519      9.824041      9.824041     19.648083
      3.528529     10.944364     10.944364     21.888728
      3.538539     12.359225     12.359225     24.718451
      3.548549     13.757743     13.757743     27.515486
      3.558559     14.896849     14.896849     29.793697
      3.568569     15.656589     15.656589     31.313178
      3.578579     16.018139     16.018139     32.036279
      3.588589     15.993533     15.993533     31.987066
      3.598599     15.564637     15.564637     31.129273
      3.608609     14.677097     14.677097     29.354195
      3.618619     13.290987     13.290987     26.581974
      3.628629     11.446898     11.446898     22.893797
      3.638639      9.296298      9.296298     18.592595
      3.648649      7.072675      7.072675     14.145350
      3.658659      5.021323      5.021323     10.042646
      3.668669      3.329533      3.329533      6.659066
      3.678679      2.092661      2.092661      4.185322
      3.688689      1.325480      1.325480      2.650959
      3.698699      1.002928      1.002928      2.005857
      3.708709      1.103231      1.103231      2.206462
      3.718719      1.629962      1.629962      3.259924
      3.728729      2.601499      2.601499      5.202998
      3.738739      4.010944      4.010944      8.021888
      3.748749      5.774121      5.774121     11.548242
      3.758759      7.693884      7.693884     15.387768
      3.768769      9.468739      9.468739     18.937478
      3.778779     10.757176     10.757176     21.514352
      3.788789     11.279995     11.279995     22.559990
      3.798799     10.917185     10.917185     21.834369
      3.808809      9.752148      9.752148     19.504297
      3.818819      8.040389      8.040389     16.080778
      3.828829      6.118441      6.118441     12.236882
      3.838839      4.297262      4.297262      8.594524
      3.848849      2.785690      2.785690      5.571380
      3.858859      1.666791      1.666791      3.333582
      3.868869      0.920781      0.920781      1.841561
      3.878879      0.470506      0.470506      0.941011
      3.888889      0.225170      0.225170      0.450341
      3.898899      0.109066      0.109066      0.218133
      3.908909      0.074449      0.074449      0.148897
      3.918919      0.104744      0.104744      0.209487
      3.928929      0.214827      0.214827      0.429655
      3.938939      0.451356      0.451356      0.902712
      3.948949      0.891014      0.891014      1.782028
      3.958959      1.630765      1.630765      3.261530
      3.968969      2.764601      2.764601      5.529202
      3.978979      4.347787      4.347787      8.695573
      3.988989      6.360948      6.360948     12.721896
      3.998999      8.695726      8.695726     17.391452
      4.009009     11.181277     11.181277     22.362553
      4.019019     13.651422     13.651422     27.302844
      4.029029     16.023288     16.023288     32.046575
      4.039039     18.339525     18.339525     36.679049
      4.049049     20.736207     20.736207     41.472414
      4.059059     23.338007     23.338007     46.676014
      4.069069     26.129369     26.129369     52.258738
      4.079079     28.874467     28.874467     57.748934
      4.089089     31.141991     31.141991     62.283983
      4.099099     32.440295     32.440295     64.880589
      4.109109     32.410479     32.410479     64.820958
      4.119119     30.989629     30.989629     61.979257
      4.129129     28.463181     28.463181     56.926362
      4.139139     25.374533     25.374533     50.749066
      4.149149     22.329941     22.329941     44.659881
      4.159159     19.791166     19.791166     39.582332
      4.169169     17.954320     17.954320     35.908640
      4.179179     16.764036     16.764036     33.528071
      4.189189     16.035325     16.035325     32.070649
      4.199199     15.598888     15.598888     31.197776
      4.209209     15.384486     15.384486     30.768971
      4.219219     15.408854     15.408854     30.817707
      4.229229     15.700773     15.700773     31.401545
      4.239239     16.229950     16.229950     32.459901
      4.249249     16.889074     16.889074     33.778149
      4.259259     17.530361     17.530361     35.060721
      4.269269     18.020336     18.020336     36.040672
      4.279279     18.275857     18.275857     36.551714
      4.289289     18.271738     18.271738     36.543475
      4.299299     18.034466     18.034466     36.068931
      4.309309     17.635821     17.635821     35.271641
      4.319319     17.182957     17.182957     34.365914
      4.329329     16.793688     16.793688     33.587376
      4.339339     16.560326     16.560326     33.120653
      4.349349     16.526666     16.526666     33.053332
      4.359359     16.702259     16.702259     33.404518
      4.369369     17.107375     17.107375     34.214750
      4.379379     17.805689     17.805689     35.611377
      4.389389     18.877319     18.877319     37.754637
      4.399399     20.326218     20.326218     40.652435
      4.409409     21.975775     21.975775     43.951551
      4.419419     23.435680     23.435680     46.871360
      4.429429     24.191391     24.191391     48.382782
      4.439439     23.791293     23.791293     47.582586
      4.449449     22.038701     22.038701     44.077402
      4.459459     19.085670     19.085670     38.171340
      4.469469     15.380698     15.380698     30.761397
      4.479479     11.504074     11.504074     23.008148
      4.489489      7.978819      7.978819     15.957638
      4.499499      5.142817      5.142817     10.285634
      4.509510      3.120907      3.120907      6.241814
      4.519520      1.881278      1.881278      3.762556
      4.529530      1.329484      1.329484      2.658968
      4.539540      1.392790      1.392790      2.785580
      4.549550      2.064846      2.064846      4.129692
      4.559560      3.400105      3.400105      6.800210
      4.569570      5.462402      5.462402     10.924805
      4.579580      8.244942      8.244942     16.489883
      4.589590     11.592128     11.592128     23.184256
      4.599600     15.162545     15.162545     30.325091
      4.609610     18.466600     18.466600     36.933200
      4.619620     20.985379     20.985379     41.970758
      4.629630     22.336418     22.336418     44.672836
      4.639640     22.418718     22.418718     44.837436
      4.649650     21.466922     21.466922     42.933843
      4.659660     19.981054     19.981054     39.962108
      4.669670     18.557362     18.557362     37.114724
      4.679680     17.694466     17.694466     35.388933
      4.689690     17.658008     17.658008     35.316016
      4.699700     18.450471     18.450471     36.900942
      4.709710     19.874020     19.874020     39.748040
      4.719720     21.630415     21.630415     43.260829
      4.729730     23.399999     23.399999     46.799998
      4.739740     24.877972     24.877972     49.755945
      4.749750     25.789610     25.789610     51.579221
      4.759760     25.922004     25.922004     51.844008
      4.769770     25.186984     25.186984     50.373969
      4.779780     23.689147     23.689147     47.378295
      4.789790     21.749839     21.749839     43.499678
      4.799800     19.853857     19.853857     39.707714
      4.809810     18.530626     18.530626     37.061253
      4.819820     18.222453     18.222453     36.444906
      4.829830     19.198097     19.198097     38.396193
      4.839840     21.535267     21.535267     43.070534
      4.849850     25.147018     25.147018     50.294036
      4.859860     29.803144     29.803144     59.606289
      4.869870     35.119171     35.119171     70.238341
      4.879880     40.535106     40.535106     81.070212
      4.889890     45.339817     45.339817     90.679633
      4.899900     48.780494     48.780494     97.560988
      4.909910     50.238229     50.238229    100.476459
      4.919920     49.396090     49.396090     98.792179
      4.929930     46.320154     46.320154     92.640309
      4.939940     41.421054     41.421054     82.842108
      4.949950     35.326049     35.326049     70.652097
      4.959960     28.725187     28.725187     57.450373
      4.969970     22.245292     22.245292     44.490585
      4.979980     16.372749     16.372749     32.745499
      4.989990     11.419914     11.419914     22.839827
      5.000000      7.523068      7.523068     15.046136
