# EIG2DOS: Utility for SIESTA to obtain the electronic density of states
#  E. Artacho, Apr 1999, A. Garcia, Apr 2012
#  Nick R. Papior, Feb 2017
# ------------------------------------------
# Eigenvalues calculated from a non-polarized calculation
# Eigenvalues read from siesta.EIG
# Kpoint weights read from siesta.KP
# Using smearing parameter:   0.0500
# Using 1000 points in the energy range
# Selected bands: 1 to: 2981
# Emin, Emax in file for selected band(s):    -27.1811171    218.3603960
# Nbands, Nspin, Nk   =   2981     1     1
# E_F                 =    -4.2432 eV --> (shifted to ZERO)
# Broadening          =     0.0500 eV
#
#        E            N(up)  (=)   N(down)         Ntot
     -5.000000     32.771856     32.771856     65.543713
     -4.989990     36.961062     36.961062     73.922124
     -4.979980     40.723367     40.723367     81.446733
     -4.969970     43.482852     43.482852     86.965705
     -4.959960     44.763962     44.763962     89.527924
     -4.949950     44.346194     44.346194     88.692388
     -4.939940     42.347852     42.347852     84.695705
     -4.929930     39.216116     39.216116     78.432232
     -4.919920     35.643663     35.643663     71.287326
     -4.909910     32.450863     32.450863     64.901727
     -4.899900     30.458406     30.458406     60.916812
     -4.889890     30.347765     30.347765     60.695530
     -4.879880     32.499771     32.499771     64.999542
     -4.869870     36.831949     36.831949     73.663898
     -4.859860     42.703211     42.703211     85.406422
     -4.849850     48.973030     48.973030     97.946061
     -4.839840     54.256296     54.256296    108.512591
     -4.829830     57.316564     57.316564    114.633128
     -4.819820     57.448721     57.448721    114.897442
     -4.809810     54.683693     54.683693    109.367387
     -4.799800     49.725458     49.725458     99.450917
     -4.789790     43.661168     43.661168     87.322335
     -4.779780     37.588559     37.588559     75.177118
     -4.769770     32.321120     32.321120     64.642240
     -4.759760     28.262652     28.262652     56.525305
     -4.749750     25.444535     25.444535     50.889071
     -4.739740     23.653163     23.653163     47.306326
     -4.729730     22.566837     22.566837     45.133674
     -4.719720     21.853543     21.853543     43.707087
     -4.709710     21.220824     21.220824     42.441649
     -4.699700     20.435298     20.435298     40.870596
     -4.689690     19.337736     19.337736     38.675472
     -4.679680     17.872698     17.872698     35.745396
     -4.669670     16.133877     16.133877     32.267755
     -4.659660     14.405895     14.405895     28.811789
     -4.649650     13.171797     13.171797     26.343594
     -4.639640     13.059985     13.059985     26.119970
     -4.629630     14.721697     14.721697     29.443395
     -4.619620     18.652456     18.652456     37.304911
     -4.609610     24.993814     24.993814     49.987627
     -4.599600     33.374360     33.374360     66.748719
     -4.589590     42.863513     42.863513     85.727025
     -4.579580     52.099974     52.099974    104.199949
     -4.569570     59.603580     59.603580    119.207161
     -4.559560     64.194779     64.194779    128.389558
     -4.549550     65.371704     65.371704    130.743409
     -4.539540     63.481942     63.481942    126.963884
     -4.529530     59.597613     59.597613    119.195227
     -4.519520     55.130455     55.130455    110.260910
     -4.509510     51.341958     51.341958    102.683917
     -4.499499     48.948197     48.948197     97.896394
     -4.489489     47.967268     47.967268     95.934537
     -4.479479     47.840429     47.840429     95.680858
     -4.469469     47.739477     47.739477     95.478954
     -4.459459     46.910074     46.910074     93.820148
     -4.449449     44.915007     44.915007     89.830013
     -4.439439     41.712797     41.712797     83.425594
     -4.429429     37.591196     37.591196     75.182392
     -4.419419     33.029075     33.029075     66.058151
     -4.409409     28.563595     28.563595     57.127189
     -4.399399     24.701700     24.701700     49.403400
     -4.389389     21.867956     21.867956     43.735913
     -4.379379     20.358106     20.358106     40.716213
     -4.369369     20.282537     20.282537     40.565075
     -4.359359     21.519039     21.519039     43.038077
     -4.349349     23.716489     23.716489     47.432978
     -4.339339     26.377861     26.377861     52.755722
     -4.329329     29.008512     29.008512     58.017024
     -4.319319     31.273908     31.273908     62.547816
     -4.309309     33.098693     33.098693     66.197385
     -4.299299     34.663049     34.663049     69.326097
     -4.289289     36.295605     36.295605     72.591210
     -4.279279     38.301101     38.301101     76.602202
     -4.269269     40.783087     40.783087     81.566174
     -4.259259     43.527410     43.527410     87.054820
     -4.249249     46.002256     46.002256     92.004512
     -4.239239     47.499306     47.499306     94.998612
     -4.229229     47.385130     47.385130     94.770260
     -4.219219     45.369604     45.369604     90.739208
     -4.209209     41.667338     41.667338     83.334675
     -4.199199     36.962136     36.962136     73.924272
     -4.189189     32.177542     32.177542     64.355084
     -4.179179     28.157248     28.157248     56.314495
     -4.169169     25.404531     25.404531     50.809061
     -4.159159     23.992119     23.992119     47.984238
     -4.149149     23.660200     23.660200     47.320400
     -4.139139     24.029053     24.029053     48.058106
     -4.129129     24.810456     24.810456     49.620913
     -4.119119     25.918463     25.918463     51.836926
     -4.109109     27.435891     27.435891     54.871782
     -4.099099     29.461202     29.461202     58.922404
     -4.089089     31.918529     31.918529     63.837058
     -4.079079     34.440155     34.440155     68.880309
     -4.069069     36.406571     36.406571     72.813143
     -4.059059     37.153072     37.153072     74.306145
     -4.049049     36.256203     36.256203     72.512407
     -4.039039     33.755783     33.755783     67.511566
     -4.029029     30.192119     30.192119     60.384238
     -4.019019     26.435476     26.435476     52.870952
     -4.009009     23.395773     23.395773     46.791545
     -3.998999     21.754899     21.754899     43.509798
     -3.988989     21.832557     21.832557     43.665113
     -3.978979     23.608244     23.608244     47.216488
     -3.968969     26.839329     26.839329     53.678658
     -3.958959     31.187475     31.187475     62.374951
     -3.948949     36.297960     36.297960     72.595919
     -3.938939     41.832097     41.832097     83.664195
     -3.928929     47.485628     47.485628     94.971255
     -3.918919     53.015244     53.015244    106.030488
     -3.908909     58.260067     58.260067    116.520134
     -3.898899     63.123317     63.123317    126.246634
     -3.888889     67.496165     67.496165    134.992330
     -3.878879     71.151044     71.151044    142.302087
     -3.868869     73.670685     73.670685    147.341371
     -3.858859     74.479470     74.479470    148.958939
     -3.848849     72.998540     72.998540    145.997079
     -3.838839     68.878453     68.878453    137.756905
     -3.828829     62.211069     62.211069    124.422137
     -3.818819     53.617435     53.617435    107.234869
     -3.808809     44.156811     44.156811     88.313622
     -3.798799     35.079688     35.079688     70.159377
     -3.788789     27.513811     27.513811     55.027622
     -3.778779     22.194122     22.194122     44.388244
     -3.768769     19.320086     19.320086     38.640172
     -3.758759     18.568924     18.568924     37.137849
     -3.748749     19.241191     19.241191     38.482383
     -3.738739     20.484712     20.484712     40.969424
     -3.728729     21.535110     21.535110     43.070220
     -3.718719     21.917033     21.917033     43.834066
     -3.708709     21.561730     21.561730     43.123461
     -3.698699     20.811909     20.811909     41.623818
     -3.688689     20.306158     20.306158     40.612317
     -3.678679     20.764311     20.764311     41.528622
     -3.668669     22.728482     22.728482     45.456964
     -3.658659     26.340975     26.340975     52.681950
     -3.648649     31.243043     31.243043     62.486087
     -3.638639     36.644655     36.644655     73.289311
     -3.628629     41.549554     41.549554     83.099108
     -3.618619     45.050663     45.050663     90.101326
     -3.608609     46.578515     46.578515     93.157030
     -3.598599     46.012924     46.012924     92.025847
     -3.588589     43.639648     43.639648     87.279297
     -3.578579     40.002820     40.002820     80.005641
     -3.568569     35.729661     35.729661     71.459322
     -3.558559     31.383450     31.383450     62.766900
     -3.548549     27.365089     27.365089     54.730179
     -3.538539     23.864893     23.864893     47.729787
     -3.528529     20.867706     20.867706     41.735413
     -3.518519     18.215145     18.215145     36.430289
     -3.508509     15.712130     15.712130     31.424259
     -3.498498     13.239534     13.239534     26.479068
     -3.488488     10.824844     10.824844     21.649687
     -3.478478      8.641517      8.641517     17.283035
     -3.468468      6.943364      6.943364     13.886729
     -3.458458      5.967759      5.967759     11.935518
     -3.448448      5.846157      5.846157     11.692315
     -3.438438      6.548154      6.548154     13.096308
     -3.428428      7.871782      7.871782     15.743563
     -3.418418      9.485226      9.485226     18.970453
     -3.408408     11.017320     11.017320     22.034639
     -3.398398     12.177861     12.177861     24.355723
     -3.388388     12.868083     12.868083     25.736167
     -3.378378     13.233259     13.233259     26.466518
     -3.368368     13.627523     13.627523     27.255047
     -3.358358     14.500027     14.500027     29.000054
     -3.348348     16.247310     16.247310     32.494620
     -3.338338     19.085145     19.085145     38.170290
     -3.328328     22.971751     22.971751     45.943501
     -3.318318     27.585515     27.585515     55.171031
     -3.308308     32.350414     32.350414     64.700829
     -3.298298     36.514588     36.514588     73.029175
     -3.288288     39.296953     39.296953     78.593906
     -3.278278     40.094581     40.094581     80.189162
     -3.268268     38.692208     38.692208     77.384417
     -3.258258     35.375531     35.375531     70.751061
     -3.248248     30.867994     30.867994     61.735988
     -3.238238     26.092140     26.092140     52.184280
     -3.228228     21.853440     21.853440     43.706881
     -3.218218     18.591118     18.591118     37.182235
     -3.208208     16.304718     16.304718     32.609435
     -3.198198     14.671746     14.671746     29.343493
     -3.188188     13.279608     13.279608     26.559216
     -3.178178     11.855091     11.855091     23.710183
     -3.168168     10.398834     10.398834     20.797667
     -3.158158      9.193776      9.193776     18.387551
     -3.148148      8.713319      8.713319     17.426638
     -3.138138      9.477989      9.477989     18.955977
     -3.128128     11.899905     11.899905     23.799811
     -3.118118     16.136866     16.136866     32.273732
     -3.108108     21.976687     21.976687     43.953374
     -3.098098     28.789152     28.789152     57.578305
     -3.088088     35.592926     35.592926     71.185852
     -3.078078     41.259488     41.259488     82.518976
     -3.068068     44.812551     44.812551     89.625102
     -3.058058     45.714351     45.714351     91.428702
     -3.048048     44.011274     44.011274     88.022548
     -3.038038     40.267714     40.267714     80.535428
     -3.028028     35.323287     35.323287     70.646575
     -3.018018     29.998737     29.998737     59.997473
     -3.008008     24.891277     24.891277     49.782555
     -2.997998     20.333678     20.333678     40.667357
     -2.987988     16.491785     16.491785     32.983571
     -2.977978     13.507674     13.507674     27.015348
     -2.967968     11.593608     11.593608     23.187215
     -2.957958     11.030229     11.030229     22.060459
     -2.947948     12.079651     12.079651     24.159302
     -2.937938     14.859019     14.859019     29.718039
     -2.927928     19.228058     19.228058     38.456115
     -2.917918     24.736356     24.736356     49.472712
     -2.907908     30.660939     30.660939     61.321878
     -2.897898     36.140352     36.140352     72.280704
     -2.887888     40.376835     40.376835     80.753670
     -2.877878     42.843085     42.843085     85.686170
     -2.867868     43.414843     43.414843     86.829686
     -2.857858     42.370893     42.370893     84.741785
     -2.847848     40.255254     40.255254     80.510508
     -2.837838     37.658438     37.658438     75.316876
     -2.827828     35.013007     35.013007     70.026013
     -2.817818     32.491077     32.491077     64.982155
     -2.807808     30.039715     30.039715     60.079430
     -2.797798     27.520566     27.520566     55.041132
     -2.787788     24.869523     24.869523     49.739046
     -2.777778     22.187757     22.187757     44.375513
     -2.767768     19.719242     19.719242     39.438483
     -2.757758     17.737015     17.737015     35.474029
     -2.747748     16.412661     16.412661     32.825322
     -2.737738     15.750429     15.750429     31.500859
     -2.727728     15.624376     15.624376     31.248751
     -2.717718     15.889548     15.889548     31.779096
     -2.707708     16.488696     16.488696     32.977392
     -2.697698     17.477820     17.477820     34.955641
     -2.687688     18.948815     18.948815     37.897631
     -2.677678     20.901042     20.901042     41.802085
     -2.667668     23.155396     23.155396     46.310793
     -2.657658     25.382201     25.382201     50.764401
     -2.647648     27.239102     27.239102     54.478205
     -2.637638     28.537532     28.537532     57.075065
     -2.627628     29.331935     29.331935     58.663870
     -2.617618     29.874507     29.874507     59.749013
     -2.607608     30.465846     30.465846     60.931691
     -2.597598     31.295317     31.295317     62.590633
     -2.587588     32.359784     32.359784     64.719568
     -2.577578     33.485466     33.485466     66.970931
     -2.567568     34.409460     34.409460     68.818919
     -2.557558     34.857419     34.857419     69.714838
     -2.547548     34.588544     34.588544     69.177088
     -2.537538     33.427457     33.427457     66.854914
     -2.527528     31.316120     31.316120     62.632239
     -2.517518     28.386439     28.386439     56.772878
     -2.507508     25.009264     25.009264     50.018527
     -2.497497     21.763161     21.763161     43.526323
     -2.487487     19.302347     19.302347     38.604695
     -2.477477     18.162643     18.162643     36.325285
     -2.467467     18.586309     18.586309     37.172618
     -2.457457     20.445323     20.445323     40.890647
     -2.447447     23.300691     23.300691     46.601381
     -2.437437     26.575097     26.575097     53.150194
     -2.427427     29.765008     29.765008     59.530016
     -2.417417     32.598664     32.598664     65.197329
     -2.407407     35.068894     35.068894     70.137787
     -2.397397     37.327180     37.327180     74.654360
     -2.387387     39.493034     39.493034     78.986069
     -2.377377     41.477572     41.477572     82.955144
     -2.367367     42.918390     42.918390     85.836781
     -2.357357     43.272183     43.272183     86.544366
     -2.347347     42.034053     42.034053     84.068107
     -2.337337     38.985907     38.985907     77.971814
     -2.327327     34.356483     34.356483     68.712967
     -2.317317     28.815905     28.815905     57.631810
     -2.307307     23.307139     23.307139     46.614279
     -2.297297     18.790290     18.790290     37.580579
     -2.287287     16.003300     16.003300     32.006600
     -2.277277     15.316781     15.316781     30.633563
     -2.267267     16.706776     16.706776     33.413552
     -2.257257     19.822427     19.822427     39.644853
     -2.247247     24.104547     24.104547     48.209094
     -2.237237     28.912641     28.912641     57.825282
     -2.227227     33.629468     33.629468     67.258936
     -2.217217     37.726267     37.726267     75.452534
     -2.207207     40.787879     40.787879     81.575759
     -2.197197     42.514188     42.514188     85.028377
     -2.187187     42.724547     42.724547     85.449093
     -2.177177     41.384550     41.384550     82.769101
     -2.167167     38.648152     38.648152     77.296304
     -2.157157     34.878357     34.878357     69.756714
     -2.147147     30.602423     30.602423     61.204845
     -2.137137     26.387369     26.387369     52.774739
     -2.127127     22.674808     22.674808     45.349616
     -2.117117     19.652820     19.652820     39.305639
     -2.107107     17.233730     17.233730     34.467460
     -2.097097     15.150502     15.150502     30.301005
     -2.087087     13.117786     13.117786     26.235572
     -2.077077     10.971577     10.971577     21.943155
     -2.067067      8.723046      8.723046     17.446091
     -2.057057      6.517977      6.517977     13.035954
     -2.047047      4.543803      4.543803      9.087607
     -2.037037      2.942124      2.942124      5.884247
     -2.027027      1.765175      1.765175      3.530349
     -2.017017      0.981165      0.981165      1.962329
     -2.007007      0.509112      0.509112      1.018223
     -1.996997      0.258756      0.258756      0.517512
     -1.986987      0.160300      0.160300      0.320600
     -1.976977      0.181102      0.181102      0.362205
     -1.966967      0.333802      0.333802      0.667605
     -1.956957      0.680552      0.680552      1.361105
     -1.946947      1.333481      1.333481      2.666961
     -1.936937      2.446273      2.446273      4.892546
     -1.926927      4.189635      4.189635      8.379269
     -1.916917      6.706781      6.706781     13.413561
     -1.906907     10.053652     10.053652     20.107303
     -1.896897     14.138917     14.138917     28.277834
     -1.886887     18.686105     18.686105     37.372209
     -1.876877     23.240414     23.240414     46.480828
     -1.866867     27.234289     27.234289     54.468578
     -1.856857     30.108673     30.108673     60.217346
     -1.846847     31.463029     31.463029     62.926059
     -1.836837     31.183921     31.183921     62.367841
     -1.826827     29.493585     29.493585     58.987171
     -1.816817     26.881433     26.881433     53.762866
     -1.806807     23.932515     23.932515     47.865031
     -1.796797     21.123470     21.123470     42.246941
     -1.786787     18.680642     18.680642     37.361284
     -1.776777     16.565018     16.565018     33.130037
     -1.766767     14.579066     14.579066     29.158132
     -1.756757     12.525764     12.525764     25.051528
     -1.746747     10.331386     10.331386     20.662772
     -1.736737      8.078462      8.078462     16.156924
     -1.726727      5.954881      5.954881     11.909763
     -1.716717      4.168382      4.168382      8.336764
     -1.706707      2.879944      2.879944      5.759889
     -1.696697      2.181631      2.181631      4.363262
     -1.686687      2.109151      2.109151      4.218302
     -1.676677      2.659781      2.659781      5.319563
     -1.666667      3.790406      3.790406      7.580811
     -1.656657      5.391857      5.391857     10.783713
     -1.646647      7.259976      7.259976     14.519952
     -1.636637      9.095801      9.095801     18.191602
     -1.626627     10.557995     10.557995     21.115991
     -1.616617     11.362750     11.362750     22.725499
     -1.606607     11.395394     11.395394     22.790788
     -1.596597     10.783815     10.783815     21.567630
     -1.586587      9.896700      9.896700     19.793399
     -1.576577      9.261293      9.261293     18.522585
     -1.566567      9.425657      9.425657     18.851313
     -1.556557     10.804464     10.804464     21.608927
     -1.546547     13.546093     13.546093     27.092187
     -1.536537     17.453166     17.453166     34.906331
     -1.526527     21.983734     21.983734     43.967468
     -1.516517     26.349126     26.349126     52.698252
     -1.506507     29.697833     29.697833     59.395666
     -1.496496     31.337930     31.337930     62.675861
     -1.486486     30.924431     30.924431     61.848862
     -1.476476     28.544156     28.544156     57.088313
     -1.466466     24.670962     24.670962     49.341924
     -1.456456     20.017441     20.017441     40.034883
     -1.446446     15.346183     15.346183     30.692366
     -1.436436     11.307072     11.307072     22.614143
     -1.426426      8.340683      8.340683     16.681367
     -1.416416      6.650805      6.650805     13.301610
     -1.406406      6.223094      6.223094     12.446187
     -1.396396      6.863492      6.863492     13.726984
     -1.386386      8.245192      8.245192     16.490384
     -1.376376      9.969974      9.969974     19.939947
     -1.366366     11.651054     11.651054     23.302108
     -1.356356     13.006164     13.006164     26.012328
     -1.346346     13.926483     13.926483     27.852965
     -1.336336     14.483237     14.483237     28.966473
     -1.326326     14.860596     14.860596     29.721192
     -1.316316     15.246441     15.246441     30.492883
     -1.306306     15.739405     15.739405     31.478809
     -1.296296     16.318258     16.318258     32.636515
     -1.286286     16.875914     16.875914     33.751827
     -1.276276     17.279352     17.279352     34.558704
     -1.266266     17.410444     17.410444     34.820888
     -1.256256     17.172427     17.172427     34.344855
     -1.246246     16.482945     16.482945     32.965889
     -1.236236     15.284164     15.284164     30.568328
     -1.226226     13.577387     13.577387     27.154773
     -1.216216     11.458224     11.458224     22.916448
     -1.206206      9.119239      9.119239     18.238477
     -1.196196      6.807849      6.807849     13.615698
     -1.186186      4.759181      4.759181      9.518363
     -1.176176      3.140000      3.140000      6.280000
     -1.166166      2.030383      2.030383      4.060766
     -1.156156      1.444646      1.444646      2.889291
     -1.146146      1.370872      1.370872      2.741743
     -1.136136      1.801029      1.801029      3.602058
     -1.126126      2.731693      2.731693      5.463386
     -1.116116      4.132715      4.132715      8.265429
     -1.106106      5.900493      5.900493     11.800986
     -1.096096      7.826175      7.826175     15.652349
     -1.086086      9.609057      9.609057     19.218114
     -1.076076     10.927194     10.927194     21.854388
     -1.066066     11.545944     11.545944     23.091888
     -1.056056     11.417702     11.417702     22.835403
     -1.046046     10.720944     10.720944     21.441887
     -1.036036      9.810731      9.810731     19.621461
     -1.026026      9.093896      9.093896     18.187792
     -1.016016      8.877781      8.877781     17.755562
     -1.006006      9.253790      9.253790     18.507580
     -0.995996     10.062567     10.062567     20.125134
     -0.985986     10.954654     10.954654     21.909307
     -0.975976     11.522436     11.522436     23.044871
     -0.965966     11.450129     11.450129     22.900258
     -0.955956     10.621138     10.621138     21.242276
     -0.945946      9.141951      9.141951     18.283901
     -0.935936      7.281050      7.281050     14.562100
     -0.925926      5.359598      5.359598     10.719195
     -0.915916      3.646934      3.646934      7.293868
     -0.905906      2.301588      2.301588      4.603177
     -0.895896      1.369050      1.369050      2.738101
     -0.885886      0.820647      0.820647      1.641294
     -0.875876      0.606317      0.606317      1.212635
     -0.865866      0.697624      0.697624      1.395249
     -0.855856      1.107349      1.107349      2.214697
     -0.845846      1.880878      1.880878      3.761756
     -0.835836      3.061299      3.061299      6.122597
     -0.825826      4.637794      4.637794      9.275588
     -0.815816      6.496957      6.496957     12.993914
     -0.805806      8.403710      8.403710     16.807421
     -0.795796     10.033611     10.033611     20.067221
     -0.785786     11.057033     11.057033     22.114065
     -0.775776     11.246273     11.246273     22.492547
     -0.765766     10.557622     10.557622     21.115244
     -0.755756      9.147689      9.147689     18.295378
     -0.745746      7.315569      7.315569     14.631137
     -0.735736      5.400009      5.400009     10.800017
     -0.725726      3.679959      3.679959      7.359917
     -0.715716      2.317712      2.317712      4.635425
     -0.705706      1.356378      1.356378      2.712755
     -0.695696      0.757160      0.757160      1.514319
     -0.685686      0.450814      0.450814      0.901627
     -0.675676      0.381958      0.381958      0.763917
     -0.665666      0.535693      0.535693      1.071386
     -0.655656      0.943955      0.943955      1.887909
     -0.645646      1.671513      1.671513      3.343026
     -0.635636      2.782106      2.782106      5.564213
     -0.625626      4.289618      4.289618      8.579235
     -0.615616      6.108956      6.108956     12.217913
     -0.605606      8.030916      8.030916     16.061831
     -0.595596      9.744564      9.744564     19.489127
     -0.585586     10.913123     10.913123     21.826245
     -0.575576     11.280361     11.280361     22.560723
     -0.565566     10.761776     10.761776     21.523551
     -0.555556      9.476146      9.476146     18.952291
     -0.545546      7.701341      7.701341     15.402683
     -0.535536      5.776807      5.776807     11.553614
     -0.525526      3.999413      3.999413      7.998825
     -0.515516      2.555591      2.555591      5.111183
     -0.505506      1.507209      1.507209      3.014418
     -0.495495      0.820432      0.820432      1.640863
     -0.485485      0.412191      0.412191      0.824381
     -0.475475      0.191135      0.191135      0.382270
     -0.465465      0.081803      0.081803      0.163606
     -0.455455      0.032314      0.032314      0.064627
     -0.445445      0.011781      0.011781      0.023563
     -0.435435      0.003965      0.003965      0.007930
     -0.425425      0.001234      0.001234      0.002468
     -0.415415      0.000366      0.000366      0.000731
     -0.405405      0.000147      0.000147      0.000294
     -0.395395      0.000232      0.000232      0.000464
     -0.385385      0.000758      0.000758      0.001516
     -0.375375      0.002505      0.002505      0.005010
     -0.365365      0.007684      0.007684      0.015368
     -0.355355      0.021764      0.021764      0.043529
     -0.345345      0.056898      0.056898      0.113796
     -0.335335      0.137289      0.137289      0.274578
     -0.325325      0.305747      0.305747      0.611494
     -0.315315      0.628456      0.628456      1.256912
     -0.305305      1.192270      1.192270      2.384539
     -0.295295      2.087666      2.087666      4.175332
     -0.285285      3.373916      3.373916      6.747833
     -0.275275      5.032624      5.032624     10.065249
     -0.265265      6.928538      6.928538     13.857075
     -0.255255      8.803908      8.803908     17.607815
     -0.245245     10.325147     10.325147     20.650293
     -0.235235     11.176449     11.176449     22.352897
     -0.225225     11.166017     11.166017     22.332034
     -0.215215     10.296262     10.296262     20.592524
     -0.205205      8.762897      8.762897     17.525795
     -0.195195      6.883396      6.883396     13.766791
     -0.185185      4.990506      4.990506      9.981012
     -0.175175      3.339437      3.339437      6.678874
     -0.165165      2.062476      2.062476      4.124951
     -0.155155      1.175686      1.175686      2.351371
     -0.145145      0.618558      0.618558      1.237116
     -0.135135      0.300370      0.300370      0.600740
     -0.125125      0.134623      0.134623      0.269246
     -0.115115      0.055689      0.055689      0.111378
     -0.105105      0.021262      0.021262      0.042524
     -0.095095      0.007493      0.007493      0.014985
     -0.085085      0.002437      0.002437      0.004874
     -0.075075      0.000732      0.000732      0.001463
     -0.065065      0.000203      0.000203      0.000405
     -0.055055      0.000052      0.000052      0.000104
     -0.045045      0.000012      0.000012      0.000024
     -0.035035      0.000003      0.000003      0.000005
     -0.025025      0.000001      0.000001      0.000001
     -0.015015      0.000000      0.000000      0.000000
     -0.005005      0.000000      0.000000      0.000000
      0.005005      0.000000      0.000000      0.000000
      0.015015      0.000000      0.000000      0.000000
      0.025025      0.000001      0.000001      0.000001
      0.035035      0.000003      0.000003      0.000005
      0.045045      0.000012      0.000012      0.000024
      0.055055      0.000052      0.000052      0.000104
      0.065065      0.000203      0.000203      0.000405
      0.075075      0.000732      0.000732      0.001463
      0.085085      0.002437      0.002437      0.004874
      0.095095      0.007493      0.007493      0.014985
      0.105105      0.021262      0.021262      0.042524
      0.115115      0.055689      0.055689      0.111378
      0.125125      0.134623      0.134623      0.269246
      0.135135      0.300370      0.300370      0.600740
      0.145145      0.618558      0.618558      1.237116
      0.155155      1.175686      1.175686      2.351371
      0.165165      2.062476      2.062476      4.124951
      0.175175      3.339437      3.339437      6.678874
      0.185185      4.990506      4.990506      9.981012
      0.195195      6.883396      6.883396     13.766791
      0.205205      8.762897      8.762897     17.525795
      0.215215     10.296262     10.296262     20.592524
      0.225225     11.166017     11.166017     22.332034
      0.235235     11.176449     11.176449     22.352897
      0.245245     10.325147     10.325147     20.650293
      0.255255      8.803908      8.803908     17.607815
      0.265265      6.928538      6.928538     13.857075
      0.275275      5.032624      5.032624     10.065249
      0.285285      3.373916      3.373916      6.747833
      0.295295      2.087666      2.087666      4.175332
      0.305305      1.192270      1.192270      2.384539
      0.315315      0.628456      0.628456      1.256912
      0.325325      0.305747      0.305747      0.611494
      0.335335      0.137289      0.137289      0.274578
      0.345345      0.056898      0.056898      0.113796
      0.355355      0.021764      0.021764      0.043529
      0.365365      0.007684      0.007684      0.015368
      0.375375      0.002504      0.002504      0.005008
      0.385385      0.000755      0.000755      0.001509
      0.395395      0.000216      0.000216      0.000433
      0.405405      0.000086      0.000086      0.000172
      0.415415      0.000143      0.000143      0.000286
      0.425425      0.000485      0.000485      0.000971
      0.435435      0.001651      0.001651      0.003302
      0.445445      0.005212      0.005212      0.010423
      0.455455      0.015187      0.015187      0.030374
      0.465465      0.040847      0.040847      0.081693
      0.475475      0.101399      0.101399      0.202798
      0.485485      0.232327      0.232327      0.464654
      0.495495      0.491305      0.491305      0.982609
      0.505506      0.958936      0.958936      1.917872
      0.515516      1.727488      1.727488      3.454976
      0.525526      2.872283      2.872283      5.744567
      0.535536      4.407846      4.407846      8.815692
      0.545546      6.243275      6.243275     12.486550
      0.555556      8.161791      8.161791     16.323582
      0.565566      9.847950      9.847950     19.695901
      0.575576     10.967179     10.967179     21.934359
      0.585586     11.272954     11.272954     22.545909
      0.595596     10.695294     10.695294     21.390589
      0.605606      9.367593      9.367593     18.735185
      0.615616      7.578695      7.578695     15.157390
      0.625626      5.675625      5.675625     11.351250
      0.635636      3.964923      3.964923      7.929845
      0.645646      2.654319      2.654319      5.308638
      0.655656      1.848638      1.848638      3.697277
      0.665666      1.583641      1.583641      3.167283
      0.675676      1.865615      1.865615      3.731229
      0.685686      2.687974      2.687974      5.375949
      0.695696      4.013965      4.013965      8.027931
      0.705706      5.737338      5.737338     11.474676
      0.715716      7.650514      7.650514     15.301029
      0.725726      9.452817      9.452817     18.905634
      0.735736     10.814820     10.814820     21.629639
      0.745746     11.483864     11.483864     22.967728
      0.755756     11.386689     11.386689     22.773378
      0.765766     10.677129     10.677129     21.354259
      0.775776      9.697889      9.697889     19.395778
      0.785786      8.864764      8.864764     17.729528
      0.795796      8.517466      8.517466     17.034932
      0.805806      8.795586      8.795586     17.591173
      0.815816      9.587414      9.587414     19.174827
      0.825826     10.570893     10.570893     21.141786
      0.835836     11.331298     11.331298     22.662597
      0.845846     11.510452     11.510452     23.020903
      0.855856     10.928900     10.928900     21.857801
      0.865866      9.633815      9.633815     19.267629
      0.875876      7.859183      7.859183     15.718366
      0.885886      5.924846      5.924846     11.849692
      0.895896      4.124833      4.124833      8.249666
      0.905906      2.651145      2.651145      5.302291
      0.915916      1.572909      1.572909      3.145817
      0.925926      0.861444      0.861444      1.722888
      0.935936      0.435786      0.435786      0.871571
      0.945946      0.204597      0.204597      0.409194
      0.955956      0.092221      0.092221      0.184442
      0.965966      0.048752      0.048752      0.097505
      0.975976      0.050648      0.050648      0.101297
      0.985986      0.099032      0.099032      0.198064
      0.995996      0.219863      0.219863      0.439727
      1.006006      0.465843      0.465843      0.931686
      1.016016      0.915724      0.915724      1.831447
      1.026026      1.664059      1.664059      3.328118
      1.036036      2.795705      2.795705      5.591410
      1.046046      4.346577      4.346577      8.693153
      1.056056      6.264065      6.264065     12.528130
      1.066066      8.390257      8.390257     16.780515
      1.076076     10.488543     10.488543     20.977087
      1.086086     12.314267     12.314267     24.628534
      1.096096     13.700980     13.700980     27.401960
      1.106106     14.616053     14.616053     29.232106
      1.116116     15.151207     15.151207     30.302413
      1.126126     15.452969     15.452969     30.905938
      1.136136     15.638664     15.638664     31.277328
      1.146146     15.752971     15.752971     31.505942
      1.156156     15.788070     15.788070     31.576140
      1.166166     15.740818     15.740818     31.481635
      1.176176     15.653560     15.653560     31.307120
      1.186186     15.603222     15.603222     31.206443
      1.196196     15.650274     15.650274     31.300548
      1.206206     15.793973     15.793973     31.587946
      1.216216     15.972904     15.972904     31.945807
      1.226226     16.108017     16.108017     32.216034
      1.236236     16.147228     16.147228     32.294456
      1.246246     16.070684     16.070684     32.141369
      1.256256     15.853697     15.853697     31.707393
      1.266266     15.425541     15.425541     30.851081
      1.276276     14.669881     14.669881     29.339763
      1.286286     13.479639     13.479639     26.959278
      1.296296     11.834452     11.834452     23.668903
      1.306306      9.849932      9.849932     19.699864
      1.316316      7.768406      7.768406     15.536813
      1.326326      5.901278      5.901278     11.802557
      1.336336      4.560477      4.560477      9.120954
      1.346346      4.011969      4.011969      8.023938
      1.356356      4.456490      4.456490      8.912980
      1.366366      6.016680      6.016680     12.033360
      1.376376      8.706758      8.706758     17.413515
      1.386386     12.383000     12.383000     24.765999
      1.396396     16.703258     16.703258     33.406516
      1.406406     21.137048     21.137048     42.274095
      1.416416     25.049964     25.049964     50.099928
      1.426426     27.845414     27.845414     55.690829
      1.436436     29.110202     29.110202     58.220404
      1.446446     28.705017     28.705017     57.410034
      1.456456     26.770616     26.770616     53.541232
      1.466466     23.663127     23.663127     47.326254
      1.476476     19.858115     19.858115     39.716230
      1.486486     15.860580     15.860580     31.721160
      1.496496     12.138348     12.138348     24.276697
      1.506507      9.078720      9.078720     18.157439
      1.516517      6.961985      6.961985     13.923970
      1.526527      5.946485      5.946485     11.892969
      1.536537      6.061816      6.061816     12.123632
      1.546547      7.208903      7.208903     14.417806
      1.556557      9.169991      9.169991     18.339981
      1.566567     11.635953     11.635953     23.271905
      1.576577     14.256279     14.256279     28.512557
      1.586587     16.706434     16.706434     33.412869
      1.596597     18.755054     18.755054     37.510108
      1.606607     20.309992     20.309992     40.619983
      1.616617     21.430450     21.430450     42.860900
      1.626627     22.304187     22.304187     44.608373
      1.636637     23.194980     23.194980     46.389961
      1.646647     24.366573     24.366573     48.733146
      1.656657     25.993985     25.993985     51.987969
      1.666667     28.085708     28.085708     56.171416
      1.676677     30.451797     30.451797     60.903593
      1.686687     32.746989     32.746989     65.493977
      1.696697     34.587355     34.587355     69.174710
      1.706707     35.695597     35.695597     71.391194
      1.716717     36.001780     36.001780     72.003560
      1.726727     35.638740     35.638740     71.277481
      1.736737     34.827858     34.827858     69.655715
      1.746747     33.721769     33.721769     67.443537
      1.756757     32.307261     32.307261     64.614522
      1.766767     30.440685     30.440685     60.881370
      1.776777     28.002880     28.002880     56.005760
      1.786787     25.077240     25.077240     50.154480
      1.796797     22.031967     22.031967     44.063933
      1.806807     19.441366     19.441366     38.882733
      1.816817     17.873654     17.873654     35.747309
      1.826827     17.645772     17.645772     35.291544
      1.836837     18.662015     18.662015     37.324030
      1.846847     20.413458     20.413458     40.826915
      1.856857     22.144623     22.144623     44.289245
      1.866867     23.123171     23.123171     46.246342
      1.876877     22.903740     22.903740     45.807480
      1.886887     21.477136     21.477136     42.954272
      1.896897     19.244592     19.244592     38.489184
      1.906907     16.834469     16.834469     33.668938
      1.916917     14.848533     14.848533     29.697066
      1.926927     13.651860     13.651860     27.303721
      1.936937     13.292810     13.292810     26.585619
      1.946947     13.573502     13.573502     27.147004
      1.956957     14.219450     14.219450     28.438899
      1.966967     15.051944     15.051944     30.103887
      1.976977     16.069218     16.069218     32.138437
      1.986987     17.393299     17.393299     34.786599
      1.996997     19.116541     19.116541     38.233082
      2.007007     21.144740     21.144740     42.289479
      2.017017     23.142913     23.142913     46.285826
      2.027027     24.632991     24.632991     49.265983
      2.037037     25.199137     25.199137     50.398274
      2.047047     24.684441     24.684441     49.368883
      2.057057     23.261982     23.261982     46.523964
      2.067067     21.337816     21.337816     42.675632
      2.077077     19.345696     19.345696     38.691392
      2.087087     17.555644     17.555644     35.111288
      2.097097     16.002064     16.002064     32.004128
      2.107107     14.557645     14.557645     29.115290
      2.117117     13.092877     13.092877     26.185754
      2.127127     11.621228     11.621228     23.242456
      2.137137     10.352842     10.352842     20.705684
      2.147147      9.639322      9.639322     19.278644
      2.157157      9.846892      9.846892     19.693784
      2.167167     11.217771     11.217771     22.435542
      2.177177     13.769777     13.769777     27.539553
      2.187187     17.259424     17.259424     34.518849
      2.197197     21.211115     21.211115     42.422230
      2.207207     25.000999     25.000999     50.001998
      2.217217     27.976812     27.976812     55.953625
      2.227227     29.590285     29.590285     59.180570
      2.237237     29.514733     29.514733     59.029465
      2.247247     27.718894     27.718894     55.437789
      2.257257     24.473367     24.473367     48.946734
      2.267267     20.282158     20.282158     40.564317
      2.277277     15.757007     15.757007     31.514015
      2.287287     11.475635     11.475635     22.951270
      2.297297      7.873011      7.873011     15.746022
      2.307307      5.200088      5.200088     10.400177
      2.317317      3.554036      3.554036      7.108073
      2.327327      2.953729      2.953729      5.907458
      2.337337      3.418410      3.418410      6.836821
      2.347347      5.010411      5.010411     10.020822
      2.357357      7.819912      7.819912     15.639824
      2.367367     11.893221     11.893221     23.786441
      2.377377     17.129183     17.129183     34.258365
      2.387387     23.185749     23.185749     46.371499
      2.397397     29.444375     29.444375     58.888750
      2.407407     35.068254     35.068254     70.136507
      2.417417     39.159944     39.159944     78.319888
      2.427427     40.982055     40.982055     81.964111
      2.437437     40.168471     40.168471     80.336942
      2.447447     36.843907     36.843907     73.687813
      2.457457     31.598344     31.598344     63.196688
      2.467467     25.321592     25.321592     50.643184
      2.477477     18.963351     18.963351     37.926703
      2.487487     13.312899     13.312899     26.625798
      2.497497      8.874632      8.874632     17.749264
      2.507508      5.863678      5.863678     11.727356
      2.517518      4.290402      4.290402      8.580804
      2.527528      4.071810      4.071810      8.143620
      2.537538      5.111308      5.111308     10.222616
      2.547548      7.316818      7.316818     14.633635
      2.557558     10.562980     10.562980     21.125960
      2.567568     14.630125     14.630125     29.260250
      2.577578     19.162028     19.162028     38.324057
      2.587588     23.675231     23.675231     47.350461
      2.597598     27.630114     27.630114     55.260228
      2.607608     30.547005     30.547005     61.094011
      2.617618     32.129061     32.129061     64.258122
      2.627628     32.345852     32.345852     64.691704
      2.637638     31.442573     31.442573     62.885146
      2.647648     29.868491     29.868491     59.736982
      2.657658     28.153546     28.153546     56.307093
      2.667668     26.784772     26.784772     53.569545
      2.677678     26.128557     26.128557     52.257113
      2.687688     26.412607     26.412607     52.825214
      2.697698     27.744448     27.744448     55.488896
      2.707708     30.127040     30.127040     60.254079
      2.717718     33.445952     33.445952     66.891905
      2.727728     37.433771     37.433771     74.867541
      2.737738     41.644138     41.644138     83.288275
      2.747748     45.475206     45.475206     90.950412
      2.757758     48.266849     48.266849     96.533697
      2.767768     49.462376     49.462376     98.924752
      2.777778     48.784996     48.784996     97.569992
      2.787788     46.352316     46.352316     92.704633
      2.797798     42.661756     42.661756     85.323512
      2.807808     38.432695     38.432695     76.865391
      2.817818     34.363798     34.363798     68.727595
      2.827828     30.911768     30.911768     61.823535
      2.837838     28.188243     28.188243     56.376487
      2.847848     26.009741     26.009741     52.019482
      2.857858     24.060405     24.060405     48.120811
      2.867868     22.080846     22.080846     44.161691
      2.877878     19.996715     19.996715     39.993430
      2.887888     17.938431     17.938431     35.876863
      2.897898     16.155964     16.155964     32.311928
      2.907908     14.878436     14.878436     29.756872
      2.917918     14.191135     14.191135     28.382270
      2.927928     13.992295     13.992295     27.984591
      2.937938     14.050049     14.050049     28.100098
      2.947948     14.124580     14.124580     28.249159
      2.957958     14.082582     14.082582     28.165163
      2.967968     13.935851     13.935851     27.871703
      2.977978     13.783615     13.783615     27.567230
      2.987988     13.699958     13.699958     27.399915
      2.997998     13.642969     13.642969     27.285939
      3.008008     13.447207     13.447207     26.894414
      3.018018     12.906432     12.906432     25.812863
      3.028028     11.896752     11.896752     23.793505
      3.038038     10.468176     10.468176     20.936351
      3.048048      8.855533      8.855533     17.711067
      3.058058      7.407050      7.407050     14.814099
      3.068068      6.467674      6.467674     12.935348
      3.078078      6.265310      6.265310     12.530621
      3.088088      6.835660      6.835660     13.671320
      3.098098      8.002830      8.002830     16.005659
      3.108108      9.419542      9.419542     18.839085
      3.118118     10.660349     10.660349     21.320698
      3.128128     11.346828     11.346828     22.693656
      3.138138     11.267394     11.267394     22.534788
      3.148148     10.448664     10.448664     20.897327
      3.158158      9.150857      9.150857     18.301713
      3.168168      7.791220      7.791220     15.582440
      3.178178      6.827850      6.827850     13.655701
      3.188188      6.644270      6.644270     13.288540
      3.198198      7.462278      7.462278     14.924555
      3.208208      9.291989      9.291989     18.583979
      3.218218     11.918898     11.918898     23.837797
      3.228228     14.930124     14.930124     29.860248
      3.238238     17.784780     17.784780     35.569560
      3.248248     19.925384     19.925384     39.850768
      3.258258     20.908756     20.908756     41.817511
      3.268268     20.517881     20.517881     41.035762
      3.278278     18.814695     18.814695     37.629389
      3.288288     16.112454     16.112454     32.224909
      3.298298     12.877500     12.877500     25.754999
      3.308308      9.597925      9.597925     19.195850
      3.318318      6.667069      6.667069     13.334139
      3.328328      4.318424      4.318424      8.636849
      3.338338      2.623181      2.623181      5.246363
      3.348348      1.536276      1.536276      3.072551
      3.358358      0.963030      0.963030      1.926061
      3.368368      0.818998      0.818998      1.637996
      3.378378      1.064861      1.064861      2.129722
      3.388388      1.708818      1.708818      3.417637
      3.398398      2.777567      2.777567      5.555135
      3.408408      4.265385      4.265385      8.530770
      3.418418      6.080727      6.080727     12.161455
      3.428428      8.017830      8.017830     16.035660
      3.438438      9.778613      9.778613     19.557225
      3.448448     11.051533     11.051533     22.103066
      3.458458     11.623607     11.623607     23.247215
      3.468468     11.476520     11.476520     22.953040
      3.478478     10.816070     10.816070     21.632140
      3.488488     10.011688     10.011688     20.023375
      3.498498      9.465817      9.465817     18.931634
      3.508509      9.467913      9.467913     18.935826
      3.518519     10.096116     10.096116     20.192232
      3.528529     11.207974     11.207974     22.415948
      3.538539     12.520446     12.520446     25.040893
      3.548549     13.737375     13.737375     27.474749
      3.558559     14.659900     14.659900     29.319800
      3.568569     15.225947     15.225947     30.451894
      3.578579     15.466915     15.466915     30.933830
      3.588589     15.420192     15.420192     30.840384
      3.598599     15.062087     15.062087     30.124175
      3.608609     14.308002     14.308002     28.616003
      3.618619     13.076994     13.076994     26.153988
      3.628629     11.372598     11.372598     22.745196
      3.638639      9.323063      9.323063     18.646125
      3.648649      7.155301      7.155301     14.310603
      3.658659      5.121421      5.121421     10.242842
      3.668669      3.422646      3.422646      6.845292
      3.678679      2.169311      2.169311      4.338622
      3.688689      1.388356      1.388356      2.776712
      3.698699      1.062707      1.062707      2.125415
      3.708709      1.174477      1.174477      2.348953
      3.718719      1.727188      1.727188      3.454376
      3.728729      2.734832      2.734832      5.469664
      3.738739      4.181359      4.181359      8.362718
      3.748749      5.969600      5.969600     11.939201
      3.758759      7.888913      7.888913     15.777826
      3.768769      9.629104      9.629104     19.258209
      3.778779     10.849700     10.849700     21.699400
      3.788789     11.283794     11.283794     22.567589
      3.798799     10.831387     10.831387     21.662773
      3.808809      9.596236      9.596236     19.192473
      3.818819      7.847024      7.847024     15.694048
      3.828829      5.922378      5.922378     11.844756
      3.838839      4.125487      4.125487      8.250974
      3.848849      2.652457      2.652457      5.304914
      3.858859      1.574184      1.574184      3.148368
      3.868869      0.862892      0.862892      1.725784
      3.878879      0.438573      0.438573      0.877145
      3.888889      0.211860      0.211860      0.423721
      3.898899      0.111581      0.111581      0.223162
      3.908909      0.097161      0.097161      0.194322
      3.918919      0.162201      0.162201      0.324402
      3.928929      0.334998      0.334998      0.669997
      3.938939      0.677296      0.677296      1.354591
      3.948949      1.277410      1.277410      2.554821
      3.958959      2.231673      2.231673      4.463347
      3.968969      3.611626      3.611626      7.223251
      3.978979      5.424225      5.424225     10.848451
      3.988989      7.583869      7.583869     15.167737
      3.998999      9.919067      9.919067     19.838133
      4.009009     12.224723     12.224723     24.449446
      4.019019     14.344662     14.344662     28.689323
      4.029029     16.243615     16.243615     32.487231
      4.039039     18.023721     18.023721     36.047441
      4.049049     19.866380     19.866380     39.732761
      4.059059     21.922523     21.922523     43.845046
      4.069069     24.205356     24.205356     48.410711
      4.079079     26.539753     26.539753     53.079507
      4.089089     28.593985     28.593985     57.187970
      4.099099     29.982110     29.982110     59.964220
      4.109109     30.397760     30.397760     60.795519
      4.119119     29.728946     29.728946     59.457893
      4.129129     28.108340     28.108340     56.216680
      4.139139     25.874286     25.874286     51.748571
      4.149149     23.453714     23.453714     46.907428
      4.159159     21.217221     21.217221     42.434442
      4.169169     19.375366     19.375366     38.750732
      4.179179     17.964829     17.964829     35.929657
      4.189189     16.920056     16.920056     33.840112
      4.199199     16.174277     16.174277     32.348554
      4.209209     15.720744     15.720744     31.441487
      4.219219     15.600431     15.600431     31.200862
      4.229229     15.838575     15.838575     31.677150
      4.239239     16.386080     16.386080     32.772161
      4.249249     17.110051     17.110051     34.220102
      4.259259     17.835403     17.835403     35.670806
      4.269269     18.404256     18.404256     36.808512
      4.279279     18.717354     18.717354     37.434708
      4.289289     18.745665     18.745665     37.491330
      4.299299     18.522511     18.522511     37.045022
      4.309309     18.128163     18.128163     36.256325
      4.319319     17.667310     17.667310     35.334620
      4.329329     17.236885     17.236885     34.473771
      4.339339     16.895376     16.895376     33.790752
      4.349349     16.658179     16.658179     33.316357
      4.359359     16.533428     16.533428     33.066855
      4.369369     16.578205     16.578205     33.156410
      4.379379     16.924352     16.924352     33.848703
      4.389389     17.729693     17.729693     35.459386
      4.399399     19.059815     19.059815     38.119630
      4.409409     20.765322     20.765322     41.530644
      4.419419     22.442711     22.442711     44.885422
      4.429429     23.529306     23.529306     47.058612
      4.439439     23.504008     23.504008     47.008016
      4.449449     22.097448     22.097448     44.194897
      4.459459     19.404260     19.404260     38.808520
      4.469469     15.844083     15.844083     31.688167
      4.479479     12.000267     12.000267     24.000534
      4.489489      8.423264      8.423264     16.846528
      4.499499      5.488451      5.488451     10.976902
      4.509510      3.354095      3.354095      6.708189
      4.519520      2.009636      2.009636      4.019272
      4.529530      1.369659      1.369659      2.739317
      4.539540      1.364551      1.364551      2.729102
      4.549550      1.993796      1.993796      3.987593
      4.559560      3.326364      3.326364      6.652728
      4.569570      5.448052      5.448052     10.896103
      4.579580      8.371093      8.371093     16.742186
      4.589590     11.940177     11.940177     23.880355
      4.599600     15.784690     15.784690     31.569379
      4.609610     19.363545     19.363545     38.727091
      4.619620     22.114558     22.114558     44.229117
      4.629630     23.663085     23.663085     47.326170
      4.639640     23.996237     23.996237     47.992475
      4.649650     23.505484     23.505484     47.010968
      4.659660     22.854875     22.854875     45.709751
      4.669670     22.719315     22.719315     45.438629
      4.679680     23.507520     23.507520     47.015040
      4.689690     25.195671     25.195671     50.391342
      4.699700     27.343360     27.343360     54.686720
      4.709710     29.275038     29.275038     58.550076
      4.719720     30.337288     30.337288     60.674577
      4.729730     30.121905     30.121905     60.243810
      4.739740     28.579866     28.579866     57.159732
      4.749750     26.012008     26.012008     52.024015
      4.759760     22.969297     22.969297     45.938595
      4.769770     20.108926     20.108926     40.217852
      4.779780     18.041329     18.041329     36.082658
      4.789790     17.191677     17.191677     34.383354
      4.799800     17.700852     17.700852     35.401704
      4.809810     19.396997     19.396997     38.793994
      4.819820     21.859811     21.859811     43.719622
      4.829830     24.566631     24.566631     49.133262
      4.839840     27.066154     27.066154     54.132308
      4.849850     29.102729     29.102729     58.205458
      4.859860     30.635274     30.635274     61.270548
      4.869870     31.754623     31.754623     63.509246
      4.879880     32.563865     32.563865     65.127730
      4.889890     33.102900     33.102900     66.205800
      4.899900     33.355431     33.355431     66.710862
      4.909910     33.306429     33.306429     66.612858
      4.919920     32.978651     32.978651     65.957301
      4.929930     32.402364     32.402364     64.804728
      4.939940     31.541097     31.541097     63.082193
      4.949950     30.246650     30.246650     60.493301
      4.959960     28.302497     28.302497     56.604993
      4.969970     25.546295     25.546295     51.092591
      4.979980     21.996908     21.996908     43.993816
      4.989990     17.902107     17.902107     35.804213
      5.000000     13.674903     13.674903     27.349805
