# EIG2DOS: Utility for SIESTA to obtain the electronic density of states
#  E. Artacho, Apr 1999, A. Garcia, Apr 2012
#  Nick R. Papior, Feb 2017
# ------------------------------------------
# Eigenvalues calculated from a non-polarized calculation
# Eigenvalues read from siesta.EIG
# Kpoint weights read from siesta.KP
# Using smearing parameter:   0.0500
# Using 1000 points in the energy range
# Selected bands: 1 to: 2981
# Emin, Emax in file for selected band(s):    -27.1257554    218.3653180
# Nbands, Nspin, Nk   =   2981     1     1
# E_F                 =    -4.2372 eV --> (shifted to ZERO)
# Broadening          =     0.0500 eV
#
#        E            N(up)  (=)   N(down)         Ntot
     -5.000000     32.538291     32.538291     65.076582
     -4.989990     36.768759     36.768759     73.537518
     -4.979980     40.608097     40.608097     81.216194
     -4.969970     43.464607     43.464607     86.929215
     -4.959960     44.842881     44.842881     89.685763
     -4.949950     44.503126     44.503126     89.006251
     -4.939940     42.549616     42.549616     85.099232
     -4.929930     39.423660     39.423660     78.847320
     -4.919920     35.820580     35.820580     71.641160
     -4.909910     32.570217     32.570217     65.140434
     -4.899900     30.506883     30.506883     61.013767
     -4.889890     30.327068     30.327068     60.654136
     -4.879880     32.425426     32.425426     64.850851
     -4.869870     36.729604     36.729604     73.459207
     -4.859860     42.602609     42.602609     85.205218
     -4.849850     48.900600     48.900600     97.801199
     -4.839840     54.228393     54.228393    108.456786
     -4.829830     57.335904     57.335904    114.671808
     -4.819820     57.505625     57.505625    115.011250
     -4.809810     54.761672     54.761672    109.523344
     -4.799800     49.808501     49.808501     99.617002
     -4.789790     43.739374     43.739374     87.478748
     -4.779780     37.659881     37.659881     75.319762
     -4.769770     32.389249     32.389249     64.778498
     -4.759760     28.332983     28.332983     56.665966
     -4.749750     25.520601     25.520601     51.041202
     -4.739740     23.734965     23.734965     47.469930
     -4.729730     22.651011     22.651011     45.302021
     -4.719720     21.934372     21.934372     43.868743
     -4.709710     21.291116     21.291116     42.582232
     -4.699700     20.486680     20.486680     40.973361
     -4.689690     19.360183     19.360183     38.720366
     -4.679680     17.852696     17.852696     35.705392
     -4.669670     16.049892     16.049892     32.099784
     -4.659660     14.219552     14.219552     28.439103
     -4.649650     12.814322     12.814322     25.628643
     -4.639640     12.416388     12.416388     24.832776
     -4.629630     13.619692     13.619692     27.239383
     -4.619620     16.867892     16.867892     33.735783
     -4.609610     22.286600     22.286600     44.573201
     -4.599600     29.563838     29.563838     59.127676
     -4.589590     37.936284     37.936284     75.872567
     -4.579580     46.318188     46.318188     92.636376
     -4.569570     53.559546     53.559546    107.119092
     -4.559560     58.757336     58.757336    117.514672
     -4.549550     61.504437     61.504437    123.008875
     -4.539540     61.975213     61.975213    123.950427
     -4.529530     60.813224     60.813224    121.626447
     -4.519520     58.870306     58.870306    117.740611
     -4.509510     56.903853     56.903853    113.807707
     -4.499499     55.346038     55.346038    110.692075
     -4.489489     54.219191     54.219191    108.438383
     -4.479479     53.208730     53.208730    106.417459
     -4.469469     51.845591     51.845591    103.691183
     -4.459459     49.715623     49.715623     99.431245
     -4.449449     46.614779     46.614779     93.229558
     -4.439439     42.604059     42.604059     85.208117
     -4.429429     37.968879     37.968879     75.937758
     -4.419419     33.127413     33.127413     66.254827
     -4.409409     28.540038     28.540038     57.080076
     -4.399399     24.646977     24.646977     49.293954
     -4.389389     21.825658     21.825658     43.651316
     -4.379379     20.342826     20.342826     40.685652
     -4.369369     20.292287     20.292287     40.584573
     -4.359359     21.542424     21.542424     43.084848
     -4.349349     23.737083     23.737083     47.474166
     -4.339339     26.377887     26.377887     52.755774
     -4.329329     28.972638     28.972638     57.945276
     -4.319319     31.192833     31.192833     62.385666
     -4.309309     32.971825     32.971825     65.943649
     -4.299299     34.499724     34.499724     68.999447
     -4.289289     36.114468     36.114468     72.228935
     -4.279279     38.127308     38.127308     76.254616
     -4.269269     40.643221     40.643221     81.286443
     -4.259259     43.442830     43.442830     86.885661
     -4.249249     45.982781     45.982781     91.965562
     -4.239239     47.539787     47.539787     95.079574
     -4.229229     47.466750     47.466750     94.933500
     -4.219219     45.465731     45.465731     90.931461
     -4.209209     41.751624     41.751624     83.503247
     -4.199199     37.015637     37.015637     74.031274
     -4.189189     32.192425     32.192425     64.384851
     -4.179179     28.136514     28.136514     56.273028
     -4.169169     25.358842     25.358842     50.717684
     -4.159159     23.935469     23.935469     47.870938
     -4.149149     23.605828     23.605828     47.211656
     -4.139139     23.986285     23.986285     47.972570
     -4.129129     24.782762     24.782762     49.565525
     -4.119119     25.903040     25.903040     51.806079
     -4.109109     27.425188     27.425188     54.850377
     -4.099099     29.446422     29.446422     58.892844
     -4.089089     31.894104     31.894104     63.788208
     -4.079079     34.407166     34.407166     68.814332
     -4.069069     36.372984     36.372984     72.745968
     -4.059059     37.130093     37.130093     74.260185
     -4.049049     36.252405     36.252405     72.504810
     -4.039039     33.772315     33.772315     67.544630
     -4.029029     30.221958     30.221958     60.443916
     -4.019019     26.467323     26.467323     52.934646
     -4.009009     23.420329     23.420329     46.840657
     -3.998999     21.769816     21.769816     43.539632
     -3.988989     21.843268     21.843268     43.686536
     -3.978979     23.624466     23.624466     47.248931
     -3.968969     26.869557     26.869557     53.739114
     -3.958959     31.234717     31.234717     62.469434
     -3.948949     36.358912     36.358912     72.717823
     -3.938939     41.899856     41.899856     83.799712
     -3.928929     47.554207     47.554207     95.108414
     -3.918919     53.083531     53.083531    106.167062
     -3.908909     58.333362     58.333362    116.666724
     -3.898899     63.211656     63.211656    126.423312
     -3.888889     67.609732     67.609732    135.219465
     -3.878879     71.294071     71.294071    142.588141
     -3.868869     73.836230     73.836230    147.672461
     -3.858859     74.647859     74.647859    149.295718
     -3.848849     73.141265     73.141265    146.282531
     -3.838839     68.966845     68.966845    137.933690
     -3.828829     62.226295     62.226295    124.452589
     -3.818819     53.557206     53.557206    107.114413
     -3.808809     44.035702     44.035702     88.071405
     -3.798799     34.923339     34.923339     69.846678
     -3.788789     27.350295     27.350295     54.700590
     -3.778779     22.046545     22.046545     44.093090
     -3.768769     19.202890     19.202890     38.405779
     -3.758759     18.487909     18.487909     36.975818
     -3.748749     19.195674     19.195674     38.391347
     -3.738739     20.470153     20.470153     40.940305
     -3.728729     21.545437     21.545437     43.090874
     -3.718719     21.946649     21.946649     43.893299
     -3.708709     21.607206     21.607206     43.214412
     -3.698699     20.872857     20.872857     41.745713
     -3.688689     20.384474     20.384474     40.768948
     -3.678679     20.861418     20.861418     41.722836
     -3.668669     22.841371     22.841371     45.682742
     -3.658659     26.459048     26.459048     52.918096
     -3.648649     31.348043     31.348043     62.696086
     -3.638639     36.714813     36.714813     73.429625
     -3.628629     41.566829     41.566829     83.133658
     -3.618619     45.007895     45.007895     90.015789
     -3.608609     46.482851     46.482851     92.965701
     -3.598599     45.883624     45.883624     91.767248
     -3.588589     43.501309     43.501309     87.002617
     -3.578579     39.877350     39.877350     79.754701
     -3.568569     35.630649     35.630649     71.261297
     -3.558559     31.314793     31.314793     62.629585
     -3.548549     27.323363     27.323363     54.646725
     -3.538539     23.843320     23.843320     47.686640
     -3.528529     20.859520     20.859520     41.719040
     -3.518519     18.215170     18.215170     36.430339
     -3.508509     15.716666     15.716666     31.433331
     -3.498498     13.245386     13.245386     26.490772
     -3.488488     10.828402     10.828402     21.656805
     -3.478478      8.638449      8.638449     17.276898
     -3.468468      6.929090      6.929090     13.858180
     -3.458458      5.938645      5.938645     11.877289
     -3.448448      5.801153      5.801153     11.602306
     -3.438438      6.490371      6.490371     12.980741
     -3.428428      7.809233      7.809233     15.618466
     -3.418418      9.429976      9.429976     18.859952
     -3.408408     10.982787     10.982787     21.965574
     -3.398398     12.174947     12.174947     24.349894
     -3.388388     12.901531     12.901531     25.803062
     -3.378378     13.299722     13.299722     26.599444
     -3.368368     13.716054     13.716054     27.432108
     -3.358358     14.594649     14.594649     29.189298
     -3.348348     16.330623     16.330623     32.661246
     -3.338338     19.141764     19.141764     38.283527
     -3.328328     22.990403     22.990403     45.980805
     -3.318318     27.558362     27.558362     55.116723
     -3.308308     32.267586     32.267586     64.535172
     -3.298298     36.351738     36.351738     72.703475
     -3.288288     38.994798     38.994798     77.989597
     -3.278278     39.532860     39.532860     79.065719
     -3.268268     37.666390     37.666390     75.332780
     -3.258258     33.591651     33.591651     67.183302
     -3.248248     27.975185     27.975185     55.950369
     -3.238238     21.767797     21.767797     43.535593
     -3.228228     15.937529     15.937529     31.875058
     -3.218218     11.236071     11.236071     22.472143
     -3.208208      8.078871      8.078871     16.157742
     -3.198198      6.547555      6.547555     13.095109
     -3.188188      6.467772      6.467772     12.935545
     -3.178178      7.507314      7.507314     15.014629
     -3.168168      9.267853      9.267853     18.535707
     -3.158158     11.373187     11.373187     22.746373
     -3.148148     13.559292     13.559292     27.118584
     -3.138138     15.748143     15.748143     31.496286
     -3.128128     18.065097     18.065097     36.130195
     -3.118118     20.767402     20.767402     41.534805
     -3.108108     24.093761     24.093761     48.187521
     -3.098098     28.096267     28.096267     56.192534
     -3.088088     32.538490     32.538490     65.076981
     -3.078078     36.916366     36.916366     73.832732
     -3.068068     40.595641     40.595641     81.191281
     -3.058058     42.999936     42.999936     85.999872
     -3.048048     43.763835     43.763835     87.527671
     -3.038038     42.794823     42.794823     85.589646
     -3.028028     40.243441     40.243441     80.486882
     -3.018018     36.425623     36.425623     72.851246
     -3.008008     31.749977     31.749977     63.499953
     -2.997998     26.678080     26.678080     53.356160
     -2.987988     21.711423     21.711423     43.422846
     -2.977978     17.379061     17.379061     34.758122
     -2.967968     14.203541     14.203541     28.407082
     -2.957958     12.639276     12.639276     25.278552
     -2.947948     12.992625     12.992625     25.985249
     -2.937938     15.340554     15.340554     30.681107
     -2.927928     19.468931     19.468931     38.937862
     -2.917918     24.855995     24.855995     49.711991
     -2.907908     30.726551     30.726551     61.453102
     -2.897898     36.187855     36.187855     72.375710
     -2.887888     40.426173     40.426173     80.852345
     -2.877878     42.906344     42.906344     85.812688
     -2.867868     43.498728     43.498728     86.997456
     -2.857858     42.476130     42.476130     84.952261
     -2.847848     40.375375     40.375375     80.750749
     -2.837838     37.779737     37.779737     75.559475
     -2.827828     35.116662     35.116662     70.233325
     -2.817818     32.557392     32.557392     65.114785
     -2.807808     30.053426     30.053426     60.106852
     -2.797798     27.475425     27.475425     54.950850
     -2.787788     24.770344     24.770344     49.540688
     -2.777778     22.049024     22.049024     44.098048
     -2.767768     19.560745     19.560745     39.121489
     -2.757758     17.578150     17.578150     35.156299
     -2.747748     16.267361     16.267361     32.534721
     -2.737738     15.624175     15.624175     31.248349
     -2.727728     15.513881     15.513881     31.027762
     -2.717718     15.785009     15.785009     31.570018
     -2.707708     16.378079     16.378079     32.756158
     -2.697698     17.352277     17.352277     34.704553
     -2.687688     18.807695     18.807695     37.615389
     -2.677678     20.754451     20.754451     41.508903
     -2.667668     23.022512     23.022512     46.045024
     -2.657658     25.285074     25.285074     50.570149
     -2.647648     27.194040     27.194040     54.388079
     -2.637638     28.547896     28.547896     57.095792
     -2.627628     29.386012     29.386012     58.772025
     -2.617618     29.949655     29.949655     59.899310
     -2.607608     30.536893     30.536893     61.073786
     -2.597598     31.343152     31.343152     62.686305
     -2.587588     32.376487     32.376487     64.752973
     -2.577578     33.474640     33.474640     66.949280
     -2.567568     34.382942     34.382942     68.765885
     -2.557558     34.830607     34.830607     69.661214
     -2.547548     34.576064     34.576064     69.152128
     -2.537538     33.439727     33.439727     66.879455
     -2.527528     31.356775     31.356775     62.713549
     -2.517518     28.450866     28.450866     56.901732
     -2.507508     25.085011     25.085011     50.170021
     -2.497497     21.832864     21.832864     43.665727
     -2.487487     19.348911     19.348911     38.697822
     -2.477477     18.175288     18.175288     36.350577
     -2.467467     18.565447     18.565447     37.130894
     -2.457457     20.404422     20.404422     40.808844
     -2.447447     23.264213     23.264213     46.528425
     -2.437437     26.572809     26.572809     53.145618
     -2.427427     29.824150     29.824150     59.648299
     -2.417417     32.736162     32.736162     65.472324
     -2.407407     35.285754     35.285754     70.571508
     -2.397397     37.606514     37.606514     75.213027
     -2.387387     39.802204     39.802204     79.604409
     -2.377377     41.774186     41.774186     83.548371
     -2.367367     43.159182     43.159182     86.318363
     -2.357357     43.423061     43.423061     86.846122
     -2.347347     42.078735     42.078735     84.157470
     -2.337337     38.930269     38.930269     77.860538
     -2.327327     34.226751     34.226751     68.453503
     -2.317317     28.651010     28.651010     57.302020
     -2.307307     23.147896     23.147896     46.295792
     -2.297297     18.669187     18.669187     37.338373
     -2.287287     15.938098     15.938098     31.876197
     -2.277277     15.309310     15.309310     30.618621
     -2.267267     16.746365     16.746365     33.492730
     -2.257257     19.892038     19.892038     39.784075
     -2.247247     24.187088     24.187088     48.374175
     -2.237237     28.995192     28.995192     57.990384
     -2.227227     33.704220     33.704220     67.408440
     -2.217217     37.788580     37.788580     75.577160
     -2.207207     40.833318     40.833318     81.666637
     -2.197197     42.536780     42.536780     85.073560
     -2.187187     42.717547     42.717547     85.435093
     -2.177177     41.343302     41.343302     82.686604
     -2.167167     38.573233     38.573233     77.146466
     -2.157157     34.776995     34.776995     69.553989
     -2.147147     30.487135     30.487135     60.974270
     -2.137137     26.272323     26.272323     52.544646
     -2.127127     22.571594     22.571594     45.143188
     -2.117117     19.567587     19.567587     39.135174
     -2.107107     17.166798     17.166798     34.333595
     -2.097097     15.098215     15.098215     30.196431
     -2.087087     13.075338     13.075338     26.150677
     -2.077077     10.935307     10.935307     21.870613
     -2.067067      8.691336      8.691336     17.382671
     -2.057057      6.490845      6.490845     12.981691
     -2.047047      4.521867      4.521867      9.043734
     -2.037037      2.925691      2.925691      5.851382
     -2.027027      1.753859      1.753859      3.507718
     -2.017017      0.973968      0.973968      1.947937
     -2.007007      0.504695      0.504695      1.009390
     -1.996997      0.255541      0.255541      0.511083
     -1.986987      0.156090      0.156090      0.312179
     -1.976977      0.171760      0.171760      0.343520
     -1.966967      0.310213      0.310213      0.620427
     -1.956957      0.622538      0.622538      1.245077
     -1.946947      1.198958      1.198958      2.397916
     -1.936937      2.154434      2.154434      4.308868
     -1.926927      3.599389      3.599389      7.198779
     -1.916917      5.596876      5.596876     11.193751
     -1.906907      8.117855      8.117855     16.235710
     -1.896897     11.014629     11.014629     22.029258
     -1.886887     14.031503     14.031503     28.063007
     -1.876877     16.859021     16.859021     33.718043
     -1.866867     19.218843     19.218843     38.437686
     -1.856857     20.950554     20.950554     41.901107
     -1.846847     22.066636     22.066636     44.133271
     -1.836837     22.748636     22.748636     45.497271
     -1.826827     23.274385     23.274385     46.548770
     -1.816817     23.891586     23.891586     47.783172
     -1.806807     24.682664     24.682664     49.365328
     -1.796797     25.485193     25.485193     50.970385
     -1.786787     25.921422     25.921422     51.842845
     -1.776777     25.542136     25.542136     51.084272
     -1.766767     24.025687     24.025687     48.051374
     -1.756757     21.334739     21.334739     42.669478
     -1.746747     17.751702     17.751702     35.503404
     -1.736737     13.780662     13.780662     27.561325
     -1.726727      9.974728      9.974728     19.949456
     -1.716717      6.777827      6.777827     13.555655
     -1.706707      4.445795      4.445795      8.891589
     -1.696697      3.056839      3.056839      6.113678
     -1.686687      2.574050      2.574050      5.148099
     -1.676677      2.906909      2.906909      5.813818
     -1.666667      3.935504      3.935504      7.871007
     -1.656657      5.494352      5.494352     10.988704
     -1.646647      7.342893      7.342893     14.685787
     -1.636637      9.161642      9.161642     18.323284
     -1.626627     10.600727     10.600727     21.201455
     -1.616617     11.376683     11.376683     22.753367
     -1.606607     11.380998     11.380998     22.761995
     -1.596597     10.750068     10.750068     21.500136
     -1.586587      9.859983      9.859983     19.719967
     -1.576577      9.241654      9.241654     18.483307
     -1.566567      9.441808      9.441808     18.883617
     -1.556557     10.868798     10.868798     21.737596
     -1.546547     13.660653     13.660653     27.321307
     -1.536537     17.607422     17.607422     35.214845
     -1.526527     22.155128     22.155128     44.310256
     -1.516517     26.507084     26.507084     53.014168
     -1.506507     29.810929     29.810929     59.621858
     -1.496496     31.382299     31.382299     62.764599
     -1.486486     30.890498     30.890498     61.780997
     -1.476476     28.439057     28.439057     56.878114
     -1.466466     24.515794     24.515794     49.031587
     -1.456456     19.840689     19.840689     39.681377
     -1.446446     15.176068     15.176068     30.352136
     -1.436436     11.165523     11.165523     22.331046
     -1.426426      8.240325      8.240325     16.480649
     -1.416416      6.594772      6.594772     13.189545
     -1.406406      6.206500      6.206500     12.412999
     -1.396396      6.875348      6.875348     13.750696
     -1.386386      8.270312      8.270312     16.540624
     -1.376376      9.991083      9.991083     19.982165
     -1.366366     11.651483     11.651483     23.302965
     -1.356356     12.973029     12.973029     25.946058
     -1.346346     13.853579     13.853579     27.707159
     -1.336336     14.372540     14.372540     28.745080
     -1.326326     14.721580     14.721580     29.443160
     -1.316316     15.093245     15.093245     30.186490
     -1.306306     15.586837     15.586837     31.173673
     -1.296296     16.178267     16.178267     32.356535
     -1.286286     16.756081     16.756081     33.512161
     -1.276276     17.183947     17.183947     34.367893
     -1.266266     17.343062     17.343062     34.686124
     -1.256256     17.138053     17.138053     34.276107
     -1.246246     16.487530     16.487530     32.975060
     -1.236236     15.331550     15.331550     30.663100
     -1.226226     13.665475     13.665475     27.330949
     -1.216216     11.577107     11.577107     23.154214
     -1.206206      9.252852      9.252852     18.505704
     -1.196196      6.938450      6.938450     13.876901
     -1.186186      4.872299      4.872299      9.744597
     -1.176176      3.227494      3.227494      6.454989
     -1.166166      2.090657      2.090657      4.181314
     -1.156156      1.480663      1.480663      2.961326
     -1.146146      1.387483      1.387483      2.774966
     -1.136136      1.802941      1.802941      3.605882
     -1.126126      2.722675      2.722675      5.445350
     -1.116116      4.115872      4.115872      8.231743
     -1.106106      5.878984      5.878984     11.757968
     -1.096096      7.803671      7.803671     15.607342
     -1.086086      9.589471      9.589471     19.178941
     -1.076076     10.913638     10.913638     21.827276
     -1.066066     11.539385     11.539385     23.078771
     -1.056056     11.416032     11.416032     22.832064
     -1.046046     10.719148     10.719148     21.438297
     -1.036036      9.802396      9.802396     19.604792
     -1.026026      9.073694      9.073694     18.147388
     -1.016016      8.844061      8.844061     17.688121
     -1.006006      9.210165      9.210165     18.420330
     -0.995996     10.017623     10.017623     20.035246
     -0.985986     10.919576     10.919576     21.839151
     -0.975976     11.507289     11.507289     23.014579
     -0.965966     11.460306     11.460306     22.920612
     -0.955956     10.655526     10.655526     21.311051
     -0.945946      9.193616      9.193616     18.387232
     -0.935936      7.339982      7.339982     14.679964
     -0.925926      5.416109      5.416109     10.832219
     -0.915916      3.694226      3.694226      7.388451
     -0.905906      2.336638      2.336638      4.673276
     -0.895896      1.391952      1.391952      2.783904
     -0.885886      0.833121      0.833121      1.666242
     -0.875876      0.610206      0.610206      1.220412
     -0.865866      0.693920      0.693920      1.387840
     -0.855856      1.095952      1.095952      2.191904
     -0.845846      1.861066      1.861066      3.722133
     -0.835836      3.032727      3.032727      6.065455
     -0.825826      4.601684      4.601684      9.203368
     -0.815816      6.456946      6.456946     12.913891
     -0.805806      8.365802      8.365802     16.731604
     -0.795796     10.004948     10.004948     20.009895
     -0.785786     11.043776     11.043776     22.087553
     -0.775776     11.251468     11.251468     22.502935
     -0.765766     10.580061     10.580061     21.160123
     -0.755756      9.182375      9.182375     18.364751
     -0.745746      7.355519      7.355519     14.711037
     -0.735736      5.438527      5.438527     10.877055
     -0.725726      3.712372      3.712372      7.424744
     -0.715716      2.342009      2.342009      4.684018
     -0.705706      1.372833      1.372833      2.745665
     -0.695696      0.767431      0.767431      1.534863
     -0.685686      0.457056      0.457056      0.914112
     -0.675676      0.386260      0.386260      0.772521
     -0.665666      0.539869      0.539869      1.079737
     -0.655656      0.949526      0.949526      1.899051
     -0.645646      1.679673      1.679673      3.359347
     -0.635636      2.793543      2.793543      5.587087
     -0.625626      4.304204      4.304204      8.608407
     -0.615616      6.125473      6.125473     12.250947
     -0.605606      8.047064      8.047064     16.094127
     -0.595596      9.757415      9.757415     19.514831
     -0.585586     10.919972     10.919972     21.839944
     -0.575576     11.279649     11.279649     22.559299
     -0.565566     10.753668     10.753668     21.507336
     -0.555556      9.462470      9.462470     18.924941
     -0.545546      7.684919      7.684919     15.369838
     -0.535536      5.760509      5.760509     11.521019
     -0.525526      3.985376      3.985376      7.970753
     -0.515516      2.544864      2.544864      5.089729
     -0.505506      1.499846      1.499846      2.999693
     -0.495495      0.815860      0.815860      1.631721
     -0.485485      0.409611      0.409611      0.819222
     -0.475475      0.189808      0.189808      0.379616
     -0.465465      0.081179      0.081179      0.162358
     -0.455455      0.032045      0.032045      0.064090
     -0.445445      0.011675      0.011675      0.023351
     -0.435435      0.003927      0.003927      0.007853
     -0.425425      0.001221      0.001221      0.002443
     -0.415415      0.000362      0.000362      0.000724
     -0.405405      0.000147      0.000147      0.000294
     -0.395395      0.000236      0.000236      0.000471
     -0.385385      0.000772      0.000772      0.001543
     -0.375375      0.002547      0.002547      0.005093
     -0.365365      0.007803      0.007803      0.015607
     -0.355355      0.022077      0.022077      0.044155
     -0.345345      0.057650      0.057650      0.115300
     -0.335335      0.138945      0.138945      0.277890
     -0.325325      0.309081      0.309081      0.618161
     -0.315315      0.634582      0.634582      1.269164
     -0.305305      1.202516      1.202516      2.405031
     -0.295295      2.103199      2.103199      4.206399
     -0.285285      3.395135      3.395135      6.790270
     -0.275275      5.058486      5.058486     10.116971
     -0.265265      6.956180      6.956180     13.912361
     -0.255255      8.828928      8.828928     17.657857
     -0.245245     10.342654     10.342654     20.685308
     -0.235235     11.182602     11.182602     22.365204
     -0.225225     11.159393     11.159393     22.318786
     -0.215215     10.278391     10.278391     20.556782
     -0.205205      8.737688      8.737688     17.475377
     -0.195195      6.855747      6.855747     13.711495
     -0.185185      4.964779      4.964779      9.929558
     -0.175175      3.318424      3.318424      6.636848
     -0.165165      2.047155      2.047155      4.094310
     -0.155155      1.165618      1.165618      2.331237
     -0.145145      0.612560      0.612560      1.225121
     -0.135135      0.297117      0.297117      0.594235
     -0.125125      0.133013      0.133013      0.266026
     -0.115115      0.054960      0.054960      0.109920
     -0.105105      0.020960      0.020960      0.041920
     -0.095095      0.007378      0.007378      0.014755
     -0.085085      0.002397      0.002397      0.004794
     -0.075075      0.000719      0.000719      0.001437
     -0.065065      0.000199      0.000199      0.000398
     -0.055055      0.000051      0.000051      0.000102
     -0.045045      0.000012      0.000012      0.000024
     -0.035035      0.000003      0.000003      0.000005
     -0.025025      0.000001      0.000001      0.000001
     -0.015015      0.000000      0.000000      0.000000
     -0.005005      0.000000      0.000000      0.000000
      0.005005      0.000000      0.000000      0.000000
      0.015015      0.000000      0.000000      0.000000
      0.025025      0.000001      0.000001      0.000001
      0.035035      0.000003      0.000003      0.000005
      0.045045      0.000012      0.000012      0.000024
      0.055055      0.000051      0.000051      0.000102
      0.065065      0.000199      0.000199      0.000398
      0.075075      0.000719      0.000719      0.001437
      0.085085      0.002397      0.002397      0.004794
      0.095095      0.007378      0.007378      0.014755
      0.105105      0.020960      0.020960      0.041920
      0.115115      0.054960      0.054960      0.109920
      0.125125      0.133013      0.133013      0.266026
      0.135135      0.297117      0.297117      0.594235
      0.145145      0.612560      0.612560      1.225121
      0.155155      1.165618      1.165618      2.331237
      0.165165      2.047155      2.047155      4.094310
      0.175175      3.318424      3.318424      6.636848
      0.185185      4.964779      4.964779      9.929558
      0.195195      6.855747      6.855747     13.711495
      0.205205      8.737688      8.737688     17.475377
      0.215215     10.278391     10.278391     20.556782
      0.225225     11.159393     11.159393     22.318786
      0.235235     11.182602     11.182602     22.365204
      0.245245     10.342654     10.342654     20.685308
      0.255255      8.828928      8.828928     17.657857
      0.265265      6.956180      6.956180     13.912361
      0.275275      5.058486      5.058486     10.116971
      0.285285      3.395135      3.395135      6.790270
      0.295295      2.103199      2.103199      4.206399
      0.305305      1.202516      1.202516      2.405031
      0.315315      0.634582      0.634582      1.269164
      0.325325      0.309081      0.309081      0.618161
      0.335335      0.138945      0.138945      0.277890
      0.345345      0.057650      0.057650      0.115300
      0.355355      0.022077      0.022077      0.044154
      0.365365      0.007803      0.007803      0.015607
      0.375375      0.002546      0.002546      0.005092
      0.385385      0.000768      0.000768      0.001535
      0.395395      0.000219      0.000219      0.000438
      0.405405      0.000081      0.000081      0.000162
      0.415415      0.000120      0.000120      0.000240
      0.425425      0.000405      0.000405      0.000810
      0.435435      0.001392      0.001392      0.002784
      0.445445      0.004444      0.004444      0.008889
      0.455455      0.013100      0.013100      0.026200
      0.465465      0.035640      0.035640      0.071280
      0.475475      0.089492      0.089492      0.178984
      0.485485      0.207405      0.207405      0.414810
      0.495495      0.443651      0.443651      0.887302
      0.505506      0.875893      0.875893      1.751785
      0.515516      1.596052      1.596052      3.192104
      0.525526      2.684293      2.684293      5.368586
      0.535536      4.166772      4.166772      8.333544
      0.545546      5.969754      5.969754     11.939508
      0.555556      7.894054      7.894054     15.788108
      0.565566      9.634542      9.634542     19.269084
      0.575576     10.853020     10.853020     21.706039
      0.585586     11.284003     11.284003     22.568005
      0.595596     10.828927     10.828927     21.657853
      0.605606      9.593522      9.593522     19.187044
      0.615616      7.849898      7.849898     15.699796
      0.625626      5.943710      5.943710     11.887419
      0.635636      4.192821      4.192821      8.385642
      0.645646      2.821714      2.821714      5.643428
      0.655656      1.949992      1.949992      3.899984
      0.665666      1.622219      1.622219      3.244438
      0.675676      1.847835      1.847835      3.695671
      0.685686      2.620993      2.620993      5.241985
      0.695696      3.906889      3.906889      7.813778
      0.705706      5.604229      5.604229     11.208457
      0.715716      7.512238      7.512238     15.024476
      0.725726      9.335345      9.335345     18.670689
      0.735736     10.743597     10.743597     21.487194
      0.745746     11.476379     11.476379     22.952757
      0.755756     11.446836     11.446836     22.893672
      0.765766     10.794328     10.794328     21.588655
      0.775776      9.851364      9.851364     19.702727
      0.785786      9.030647      9.030647     18.061294
      0.795796      8.675210      8.675210     17.350420
      0.805806      8.931235      8.931235     17.862469
      0.815816      9.693538      9.693538     19.387075
      0.825826     10.644801     10.644801     21.289603
      0.835836     11.373390     11.373390     22.746779
      0.845846     11.523555     11.523555     23.047109
      0.855856     10.918223     10.918223     21.836447
      0.865866      9.606606      9.606606     19.213213
      0.875876      7.823623      7.823623     15.647246
      0.885886      5.888428      5.888428     11.776855
      0.895896      4.092958      4.092958      8.185917
      0.905906      2.626526      2.626526      5.253051
      0.915916      1.555867      1.555867      3.111735
      0.925926      0.850776      0.850776      1.701553
      0.935936      0.429691      0.429691      0.859381
      0.945946      0.201329      0.201329      0.402659
      0.955956      0.090343      0.090343      0.180686
      0.965966      0.047033      0.047033      0.094065
      0.975976      0.047694      0.047694      0.095388
      0.985986      0.092739      0.092739      0.185478
      0.995996      0.206794      0.206794      0.413588
      1.006006      0.440775      0.440775      0.881550
      1.016016      0.871795      0.871795      1.743591
      1.026026      1.594035      1.594035      3.188070
      1.036036      2.694592      2.694592      5.389184
      1.046046      4.215081      4.215081      8.430163
      1.056056      6.111404      6.111404     12.222809
      1.066066      8.234323      8.234323     16.468647
      1.076076     10.352149     10.352149     20.704298
      1.086086     12.218188     12.218188     24.436377
      1.096096     13.656726     13.656726     27.313452
      1.106106     14.622059     14.622059     29.244117
      1.116116     15.194545     15.194545     30.389089
      1.126126     15.515494     15.515494     31.030989
      1.136136     15.703966     15.703966     31.407932
      1.146146     15.810484     15.810484     31.620968
      1.156156     15.833115     15.833115     31.666230
      1.166166     15.772223     15.772223     31.544447
      1.176176     15.671619     15.671619     31.343237
      1.186186     15.609474     15.609474     31.218948
      1.196196     15.648391     15.648391     31.296782
      1.206206     15.789871     15.789871     31.579743
      1.216216     15.973096     15.973096     31.946192
      1.226226     16.117065     16.117065     32.234129
      1.236236     16.166236     16.166236     32.332473
      1.246246     16.098067     16.098067     32.196135
      1.256256     15.887564     15.887564     31.775127
      1.266266     15.465754     15.465754     30.931508
      1.276276     14.718151     14.718151     29.436301
      1.286286     13.537658     13.537658     27.075317
      1.296296     11.901616     11.901616     23.803232
      1.306306      9.922396      9.922396     19.844791
      1.316316      7.840170      7.840170     15.680341
      1.326326      5.966592      5.966592     11.933184
      1.336336      4.616147      4.616147      9.232294
      1.346346      4.058461      4.058461      8.116921
      1.356356      4.497521      4.497521      8.995042
      1.366366      6.057679      6.057679     12.115357
      1.376376      8.752843      8.752843     17.505685
      1.386386     12.437073     12.437073     24.874146
      1.396396     16.764720     16.764720     33.529440
      1.406406     21.201513     21.201513     42.403027
      1.416416     25.110142     25.110142     50.220285
      1.426426     27.892946     27.892946     55.785892
      1.436436     29.137875     29.137875     58.275750
      1.446446     28.708645     28.708645     57.417291
      1.456456     26.750031     26.750031     53.500062
      1.466466     23.622119     23.622119     47.244237
      1.476476     19.803484     19.803484     39.606968
      1.486486     15.800658     15.800658     31.601315
      1.496496     12.081385     12.081385     24.162770
      1.506507      9.031520      9.031520     18.063040
      1.516517      6.929058      6.929058     13.858115
      1.526527      5.929778      5.929778     11.859555
      1.536537      6.060909      6.060909     12.121817
      1.546547      7.221412      7.221412     14.442825
      1.556557      9.191984      9.191984     18.383968
      1.566567     11.662280     11.662280     23.324560
      1.576577     14.280817     14.280817     28.561635
      1.586587     16.722334     16.722334     33.444668
      1.596597     18.755156     18.755156     37.510312
      1.606607     20.287733     20.287733     40.575465
      1.616617     21.381477     21.381477     42.762953
      1.626627     22.228462     22.228462     44.456923
      1.636637     23.098464     23.098464     46.196927
      1.646647     24.261176     24.261176     48.522351
      1.656657     25.895015     25.895015     51.790031
      1.666667     28.007476     28.007476     56.014952
      1.676677     30.403465     30.403465     60.806930
      1.686687     32.730966     32.730966     65.461932
      1.696697     34.600967     34.600967     69.201933
      1.706707     35.734518     35.734518     71.469036
      1.716717     36.062503     36.062503     72.125006
      1.726727     35.718278     35.718278     71.436555
      1.736737     34.921196     34.921196     69.842392
      1.746747     33.819437     33.819437     67.638874
      1.756757     32.395262     32.395262     64.790524
      1.766767     30.503230     30.503230     61.006460
      1.776777     28.026415     28.026415     56.052830
      1.786787     25.053641     25.053641     50.107281
      1.796797     21.959762     21.959762     43.919525
      1.806807     19.325431     19.325431     38.650863
      1.816817     17.724603     17.724603     35.449206
      1.826827     17.479742     17.479742     34.959483
      1.836837     18.500218     18.500218     37.000436
      1.846847     20.280110     20.280110     40.560219
      1.856857     22.062521     22.062521     44.125042
      1.866867     23.107943     23.107943     46.215887
      1.876877     22.959256     22.959256     45.918512
      1.886887     21.594432     21.594432     43.188864
      1.896897     19.404823     19.404823     38.809646
      1.906907     17.014192     17.014192     34.028384
      1.916917     15.024631     15.024631     30.049262
      1.926927     13.804284     13.804284     27.608568
      1.936937     13.405153     13.405153     26.810307
      1.946947     13.632823     13.632823     27.265646
      1.956957     14.216799     14.216799     28.433597
      1.966967     14.984087     14.984087     29.968174
      1.976977     15.940901     15.940901     31.881802
      1.986987     17.218798     17.218798     34.437596
      1.996997     18.919254     18.919254     37.838508
      2.007007     20.953996     20.953996     41.907993
      2.017017     22.988051     22.988051     45.976102
      2.027027     24.536048     24.536048     49.072095
      2.037037     25.168756     25.168756     50.337513
      2.047047     24.713838     24.713838     49.427676
      2.057057     23.332332     23.332332     46.664663
      2.067067     21.425817     21.425817     42.851634
      2.077077     19.431780     19.431780     38.863560
      2.087087     17.629030     17.629030     35.258060
      2.097097     16.060707     16.060707     32.121413
      2.107107     14.603928     14.603928     29.207857
      2.117117     13.127857     13.127857     26.255714
      2.127127     11.640418     11.640418     23.280837
      2.137137     10.345262     10.345262     20.690525
      2.147147      9.589886      9.589886     19.179772
      2.157157      9.741144      9.741144     19.482288
      2.167167     11.047626     11.047626     22.095252
      2.177177     13.538873     13.538873     27.077746
      2.187187     16.986562     16.986562     33.973124
      2.197197     20.930115     20.930115     41.860231
      2.207207     24.755763     24.755763     49.511526
      2.217217     27.811787     27.811787     55.623574
      2.227227     29.538686     29.538686     59.077372
      2.237237     29.588626     29.588626     59.177251
      2.247247     27.905252     27.905252     55.810504
      2.257257     24.738043     24.738043     49.476085
      2.267267     20.580293     20.580293     41.160587
      2.277277     16.045588     16.045588     32.091177
      2.287287     11.723385     11.723385     23.446771
      2.297297      8.064605      8.064605     16.129209
      2.307307      5.334584      5.334584     10.669167
      2.317317      3.639650      3.639650      7.279299
      2.327327      3.001734      3.001734      6.003469
      2.337337      3.438239      3.438239      6.876478
      2.347347      5.006869      5.006869     10.013738
      2.357357      7.792622      7.792622     15.585245
      2.367367     11.838106     11.838106     23.676212
      2.377377     17.041699     17.041699     34.083398
      2.387387     23.065200     23.065200     46.130399
      2.397397     29.297939     29.297939     58.595879
      2.407407     34.912826     34.912826     69.825651
      2.417417     39.020160     39.020160     78.040321
      2.427427     40.884349     40.884349     81.768699
      2.437437     40.133042     40.133042     80.266083
      2.447447     36.877933     36.877933     73.755866
      2.457457     31.693528     31.693528     63.387055
      2.467467     25.457106     25.457106     50.914211
      2.477477     19.112645     19.112645     38.225289
      2.487487     13.451142     13.451142     26.902283
      2.497497      8.983767      8.983767     17.967535
      2.507508      5.933821      5.933821     11.867643
      2.517518      4.318393      4.318393      8.636786
      2.527528      4.058944      4.058944      8.117888
      2.537538      5.062086      5.062086     10.124172
      2.547548      7.239311      7.239311     14.478623
      2.557558     10.469923     10.469923     20.939845
      2.567568     14.538966     14.538966     29.077932
      2.577578     19.092499     19.092499     38.184998
      2.587588     23.644363     23.644363     47.288726
      2.597598     27.646438     27.646438     55.292875
      2.607608     30.606714     30.606714     61.213429
      2.617618     32.216470     32.216470     64.432940
      2.627628     32.438528     32.438528     64.877055
      2.637638     31.519175     31.519175     63.038349
      2.647648     29.915986     29.915986     59.831972
      2.657658     28.170931     28.170931     56.341863
      2.667668     26.782373     26.782373     53.564747
      2.677678     26.124131     26.124131     52.248263
      2.687688     26.426525     26.426525     52.853050
      2.697698     27.795680     27.795680     55.591359
      2.707708     30.230215     30.230215     60.460431
      2.717718     33.608594     33.608594     67.217188
      2.727728     37.652893     37.652893     75.305786
      2.737738     41.902772     41.902772     83.805544
      2.747748     45.740997     45.740997     91.481994
      2.757758     48.495381     48.495381     96.990761
      2.767768     49.606412     49.606412     99.212824
      2.777778     48.807796     48.807796     97.615592
      2.787788     46.240277     46.240277     92.480554
      2.797798     42.430773     42.430773     84.861547
      2.807808     38.124858     38.124858     76.249716
      2.817818     34.035247     34.035247     68.070495
      2.827828     30.616515     30.616515     61.233030
      2.837838     27.964167     27.964167     55.928335
      2.847848     25.871423     25.871423     51.742846
      2.857858     24.000040     24.000040     48.000081
      2.867868     22.075248     22.075248     44.150496
      2.877878     20.016863     20.016863     40.033726
      2.887888     17.958197     17.958197     35.916395
      2.897898     16.157924     16.157924     32.315848
      2.907908     14.855921     14.855921     29.711843
      2.917918     14.146601     14.146601     28.293201
      2.927928     13.932838     13.932838     27.865675
      2.937938     13.981809     13.981809     27.963619
      2.947948     14.048601     14.048601     28.097202
      2.957958     13.994562     13.994562     27.989125
      2.967968     13.830570     13.830570     27.661141
      2.977978     13.661911     13.661911     27.323821
      2.987988     13.573705     13.573705     27.147409
      2.997998     13.533267     13.533267     27.066535
      3.008008     13.373495     13.373495     26.746991
      3.018018     12.867960     12.867960     25.735920
      3.028028     11.850340     11.850340     23.700679
      3.038038     10.306344     10.306344     20.612688
      3.048048      8.388428      8.388428     16.776857
      3.058058      6.353083      6.353083     12.706166
      3.068068      4.462588      4.462588      8.925177
      3.078078      2.903552      2.903552      5.807104
      3.088088      1.754156      1.754156      3.508313
      3.098098      1.000688      1.000688      2.001377
      3.108108      0.582467      0.582467      1.164935
      3.118118      0.440677      0.440677      0.881354
      3.128128      0.555090      0.555090      1.110180
      3.138138      0.962600      0.962600      1.925200
      3.148148      1.756338      1.756338      3.512676
      3.158158      3.064678      3.064678      6.129356
      3.168168      5.010712      5.010712     10.021424
      3.178178      7.658482      7.658482     15.316965
      3.188188     10.961009     10.961009     21.922019
      3.198198     14.730326     14.730326     29.460652
      3.208208     18.645127     18.645127     37.290254
      3.218218     22.297361     22.297361     44.594722
      3.228228     25.263315     25.263315     50.526629
      3.238238     27.177647     27.177647     54.355294
      3.248248     27.793618     27.793618     55.587236
      3.258258     27.022756     27.022756     54.045511
      3.268268     24.952668     24.952668     49.905336
      3.278278     21.839722     21.839722     43.679444
      3.288288     18.070791     18.070791     36.141582
      3.298298     14.093780     14.093780     28.187559
      3.308308     10.330577     10.330577     20.661155
      3.318318      7.098669      7.098669     14.197337
      3.328328      4.567872      4.567872      9.135744
      3.338338      2.764445      2.764445      5.528890
      3.348348      1.614803      1.614803      3.229605
      3.358358      1.007091      1.007091      2.014181
      3.368368      0.846603      0.846603      1.693205
      3.378378      1.087728      1.087728      2.175457
      3.388388      1.734461      1.734461      3.468921
      3.398398      2.810057      2.810057      5.620115
      3.408408      4.305205      4.305205      8.610411
      3.418418      6.124228      6.124228     12.248457
      3.428428      8.056914      8.056914     16.113829
      3.438438      9.801049      9.801049     19.602099
      3.448448     11.041821     11.041821     22.083643
      3.458458     11.564005     11.564005     23.128011
      3.468468     11.348162     11.348162     22.696324
      3.478478     10.601043     10.601043     21.202085
      3.488488      9.697618      9.697618     19.395236
      3.498498      9.053729      9.053729     18.107458
      3.508509      8.981372      8.981372     17.962745
      3.518519      9.586459      9.586459     19.172918
      3.528529     10.749563     10.749563     21.499127
      3.538539     12.193559     12.193559     24.387118
      3.548549     13.603444     13.603444     27.206889
      3.558559     14.739921     14.739921     29.479841
      3.568569     15.492996     15.492996     30.985991
      3.578579     15.856917     15.856917     31.713835
      3.588589     15.855337     15.855337     31.710675
      3.598599     15.475234     15.475234     30.950468
      3.608609     14.657614     14.657614     29.315228
      3.618619     13.348939     13.348939     26.697878
      3.628629     11.572299     11.572299     23.144597
      3.638639      9.464760      9.464760     18.929521
      3.648649      7.253818      7.253818     14.507635
      3.658659      5.188250      5.188250     10.376499
      3.668669      3.465280      3.465280      6.930560
      3.678679      2.191777      2.191777      4.383555
      3.688689      1.391571      1.391571      2.783143
      3.698699      1.044456      1.044456      2.088912
      3.708709      1.129684      1.129684      2.259367
      3.718719      1.649422      1.649422      3.298844
      3.728729      2.619552      2.619552      5.239105
      3.738739      4.030417      4.030417      8.060834
      3.748749      5.795222      5.795222     11.590444
      3.758759      7.714651      7.714651     15.429303
      3.768769      9.485884      9.485884     18.971768
      3.778779     10.767292     10.767292     21.534584
      3.788789     11.280846     11.280846     22.561693
      3.798799     10.908588     10.908588     21.817175
      3.808809      9.736063      9.736063     19.472127
      3.818819      8.020204      8.020204     16.040407
      3.828829      6.097817      6.097817     12.195633
      3.838839      4.279080      4.279080      8.558160
      3.848849      2.771499      2.771499      5.542999
      3.858859      1.656825      1.656825      3.313651
      3.868869      0.914326      0.914326      1.828651
      3.878879      0.466277      0.466277      0.932554
      3.888889      0.221365      0.221365      0.442730
      3.898899      0.102800      0.102800      0.205599
      3.908909      0.060320      0.060320      0.120640
      3.918919      0.072364      0.072364      0.144729
      3.928929      0.145551      0.145551      0.291103
      3.938939      0.315394      0.315394      0.630787
      3.948949      0.647440      0.647440      1.294881
      3.958959      1.233826      1.233826      2.467652
      3.968969      2.178637      2.178637      4.357274
      3.978979      3.568857      3.568857      7.137713
      3.988989      5.436532      5.436532     10.873064
      3.998999      7.728446      7.728446     15.456893
      4.009009     10.303587     10.303587     20.607173
      4.019019     12.968499     12.968499     25.936999
      4.029029     15.537792     15.537792     31.075585
      4.039039     17.885936     17.885936     35.771873
      4.049049     19.955854     19.955854     39.911707
      4.059059     21.716171     21.716171     43.432343
      4.069069     23.097135     23.097135     46.194270
      4.079079     23.956535     23.956535     47.913070
      4.089089     24.112524     24.112524     48.225048
      4.099099     23.436865     23.436865     46.873730
      4.109109     21.958776     21.958776     43.917551
      4.119119     19.915254     19.915254     39.830507
      4.129129     17.708420     17.708420     35.416840
      4.139139     15.779656     15.779656     31.559312
      4.149149     14.456653     14.456653     28.913305
      4.159159     13.847650     13.847650     27.695301
      4.169169     13.836512     13.836512     27.673023
      4.179179     14.181734     14.181734     28.363469
      4.189189     14.667706     14.667706     29.335412
      4.199199     15.227695     15.227695     30.455391
      4.209209     15.973356     15.973356     31.946713
      4.219219     17.117335     17.117335     34.234669
      4.229229     18.833411     18.833411     37.666821
      4.239239     21.128263     21.128263     42.256525
      4.249249     23.786125     23.786125     47.572251
      4.259259     26.406339     26.406339     52.812677
      4.269269     28.512471     28.512471     57.024941
      4.279279     29.690249     29.690249     59.380498
      4.289289     29.710035     29.710035     59.420071
      4.299299     28.597315     28.597315     57.194630
      4.309309     26.626463     26.626463     53.252926
      4.319319     24.233666     24.233666     48.467331
      4.329329     21.876817     21.876817     43.753633
      4.339339     19.900685     19.900685     39.801369
      4.349349     18.470468     18.470468     36.940937
      4.359359     17.602103     17.602103     35.204205
      4.369369     17.258317     17.258317     34.516635
      4.379379     17.434817     17.434817     34.869633
      4.389389     18.166600     18.166600     36.333201
      4.399399     19.442300     19.442300     38.884600
      4.409409     21.086858     21.086858     42.173715
      4.419419     22.707850     22.707850     45.415701
      4.429429     23.769738     23.769738     47.539477
      4.439439     23.780996     23.780996     47.561992
      4.449449     22.504069     22.504069     45.008138
      4.459459     20.077741     20.077741     40.155482
      4.469469     16.987724     16.987724     33.975449
      4.479479     13.901164     13.901164     27.802328
      4.489489     11.443342     11.443342     22.886684
      4.499499     10.008857     10.008857     20.017714
      4.509510      9.670159      9.670159     19.340319
      4.519520     10.201241     10.201241     20.402481
      4.529530     11.196802     11.196802     22.393605
      4.539540     12.242924     12.242924     24.485847
      4.549550     13.080549     13.080549     26.161099
      4.559560     13.699944     13.699944     27.399887
      4.569570     14.322081     14.322081     28.644162
      4.579580     15.265962     15.265962     30.531924
      4.589590     16.755539     16.755539     33.511079
      4.599600     18.757957     18.757957     37.515914
      4.609610     20.939940     20.939940     41.879880
      4.619620     22.776450     22.776450     45.552901
      4.629630     23.768367     23.768367     47.536735
      4.639640     23.665296     23.665296     47.330592
      4.649650     22.582005     22.582005     45.164009
      4.659660     20.950358     20.950358     41.900716
      4.669670     19.334222     19.334222     38.668444
      4.679680     18.202961     18.202961     36.405921
      4.689690     17.770955     17.770955     35.541909
      4.699700     17.963492     17.963492     35.926984
      4.709710     18.497915     18.497915     36.995829
      4.719720     19.018880     19.018880     38.037760
      4.729730     19.222957     19.222957     38.445914
      4.739740     18.939546     18.939546     37.879093
      4.749750     18.168992     18.168992     36.337983
      4.759760     17.088740     17.088740     34.177480
      4.769770     16.026378     16.026378     32.052757
      4.779780     15.388040     15.388040     30.776080
      4.789790     15.542538     15.542538     31.085075
      4.799800     16.692320     16.692320     33.384641
      4.809810     18.787213     18.787213     37.574426
      4.819820     21.530446     21.530446     43.060893
      4.829830     24.484423     24.484423     48.968846
      4.839840     27.228423     27.228423     54.456846
      4.849850     29.488219     29.488219     58.976438
      4.859860     31.173874     31.173874     62.347748
      4.869870     32.320717     32.320717     64.641433
      4.879880     32.991008     32.991008     65.982016
      4.889890     33.213640     33.213640     66.427281
      4.899900     32.999418     32.999418     65.998836
      4.909910     32.400670     32.400670     64.801340
      4.919920     31.543191     31.543191     63.086381
      4.929930     30.581503     30.581503     61.163006
      4.939940     29.597039     29.597039     59.194078
      4.949950     28.515105     28.515105     57.030210
      4.959960     27.112672     27.112672     54.225344
      4.969970     25.127451     25.127451     50.254901
      4.979980     22.407943     22.407943     44.815886
      4.989990     19.016619     19.016619     38.033237
      5.000000     15.230039     15.230039     30.460078
