# EIG2DOS: Utility for SIESTA to obtain the electronic density of states
#  E. Artacho, Apr 1999, A. Garcia, Apr 2012
#  Nick R. Papior, Feb 2017
# ------------------------------------------
# Eigenvalues calculated from a non-polarized calculation
# Eigenvalues read from siesta.EIG
# Kpoint weights read from siesta.KP
# Using smearing parameter:   0.0500
# Using 1000 points in the energy range
# Selected bands: 1 to: 2981
# Emin, Emax in file for selected band(s):    -27.0692078    218.3225390
# Nbands, Nspin, Nk   =   2981     1     1
# E_F                 =    -4.2855 eV --> (shifted to ZERO)
# Broadening          =     0.0500 eV
#
#        E            N(up)  (=)   N(down)         Ntot
     -5.000000     45.081990     45.081990     90.163979
     -4.989990     48.857313     48.857313     97.714626
     -4.979980     51.107101     51.107101    102.214201
     -4.969970     51.607203     51.607203    103.214405
     -4.959960     50.393288     50.393288    100.786577
     -4.949950     47.735916     47.735916     95.471832
     -4.939940     44.073650     44.073650     88.147299
     -4.929930     39.942889     39.942889     79.885778
     -4.919920     35.932619     35.932619     71.865238
     -4.909910     32.663798     32.663798     65.327595
     -4.899900     30.763008     30.763008     61.526017
     -4.889890     30.786897     30.786897     61.573794
     -4.879880     33.073553     33.073553     66.147106
     -4.869870     37.550669     37.550669     75.101338
     -4.859860     43.592354     43.592354     87.184707
     -4.849850     50.039647     50.039647    100.079294
     -4.839840     55.447392     55.447392    110.894784
     -4.829830     58.503854     58.503854    117.007707
     -4.819820     58.456305     58.456305    116.912610
     -4.809810     55.346510     55.346510    110.693020
     -4.799800     49.946422     49.946422     99.892844
     -4.789790     43.437598     43.437598     86.875196
     -4.779780     36.999997     36.999997     73.999993
     -4.769770     31.493361     31.493361     62.986722
     -4.759760     27.330831     27.330831     54.661662
     -4.749750     24.529564     24.529564     49.059128
     -4.739740     22.851779     22.851779     45.703559
     -4.729730     21.947950     21.947950     43.895900
     -4.719720     21.455493     21.455493     42.910985
     -4.709710     21.049705     21.049705     42.099410
     -4.699700     20.466589     20.466589     40.933178
     -4.689690     19.520649     19.520649     39.041299
     -4.679680     18.132907     18.132907     36.265813
     -4.669670     16.370087     16.370087     32.740173
     -4.659660     14.479671     14.479671     28.959342
     -4.649650     12.895351     12.895351     25.790703
     -4.639640     12.190205     12.190205     24.380409
     -4.629630     12.969290     12.969290     25.938579
     -4.619620     15.712565     15.712565     31.425131
     -4.609610     20.598706     20.598706     41.197413
     -4.599600     27.360051     27.360051     54.720102
     -4.589590     35.232923     35.232923     70.465846
     -4.579580     43.059879     43.059879     86.119757
     -4.569570     49.555957     49.555957     99.111914
     -4.559560     53.676528     53.676528    107.353055
     -4.549550     54.956408     54.956408    109.912817
     -4.539540     53.675106     53.675106    107.350212
     -4.529530     50.763109     50.763109    101.526219
     -4.519520     47.475243     47.475243     94.950485
     -4.509510     44.961553     44.961553     89.923106
     -4.499499     43.908555     43.908555     87.817109
     -4.489489     44.383728     44.383728     88.767456
     -4.479479     45.918442     45.918442     91.836884
     -4.469469     47.760800     47.760800     95.521601
     -4.459459     49.169982     49.169982     98.339964
     -4.449449     49.630348     49.630348     99.260695
     -4.439439     48.925172     48.925172     97.850344
     -4.429429     47.088993     47.088993     94.177986
     -4.419419     44.311331     44.311331     88.622662
     -4.409409     40.866091     40.866091     81.732183
     -4.399399     37.094872     37.094872     74.189744
     -4.389389     33.413656     33.413656     66.827312
     -4.379379     30.285269     30.285269     60.570539
     -4.369369     28.126093     28.126093     56.252186
     -4.359359     27.175020     27.175020     54.350040
     -4.349349     27.398120     27.398120     54.796239
     -4.339339     28.496003     28.496003     56.992005
     -4.329329     30.024862     30.024862     60.049724
     -4.319319     31.576272     31.576272     63.152544
     -4.309309     32.929574     32.929574     65.859148
     -4.299299     34.110018     34.110018     68.220036
     -4.289289     35.335879     35.335879     70.671758
     -4.279279     36.884456     36.884456     73.768912
     -4.269269     38.930036     38.930036     77.860072
     -4.259259     41.409668     41.409668     82.819336
     -4.249249     43.966856     43.966856     87.933713
     -4.239239     46.009726     46.009726     92.019451
     -4.229229     46.887569     46.887569     93.775139
     -4.219219     46.135260     46.135260     92.270521
     -4.209209     43.683479     43.683479     87.366958
     -4.199199     39.925942     39.925942     79.851885
     -4.189189     35.594945     35.594945     71.189891
     -4.179179     31.496839     31.496839     62.993678
     -4.169169     28.236233     28.236233     56.472466
     -4.159159     26.059911     26.059911     52.119822
     -4.149149     24.879324     24.879324     49.758647
     -4.139139     24.433766     24.433766     48.867532
     -4.129129     24.492282     24.492282     48.984565
     -4.119119     24.987230     24.987230     49.974461
     -4.109109     26.016120     26.016120     52.032239
     -4.099099     27.714765     27.714765     55.429530
     -4.089089     30.069076     30.069076     60.138151
     -4.079079     32.771914     32.771914     65.543828
     -4.069069     35.222797     35.222797     70.445594
     -4.059059     36.702760     36.702760     73.405521
     -4.049049     36.658868     36.658868     73.317737
     -4.039039     34.958986     34.958986     69.917971
     -4.029029     31.980865     31.980865     63.961731
     -4.019019     28.486829     28.486829     56.973657
     -4.009009     25.353266     25.353266     50.706532
     -3.998999     23.296260     23.296260     46.592519
     -3.988989     22.716902     22.716902     45.433803
     -3.978979     23.702388     23.702388     47.404777
     -3.968969     26.127201     26.127201     52.254402
     -3.958959     29.762859     29.762859     59.525718
     -3.948949     34.337426     34.337426     68.674852
     -3.938939     39.548983     39.548983     79.097966
     -3.928929     45.076396     45.076396     90.152792
     -3.918919     50.618818     50.618818    101.237637
     -3.908909     55.950255     55.950255    111.900509
     -3.898899     60.940929     60.940929    121.881858
     -3.888889     65.505792     65.505792    131.011584
     -3.878879     69.489452     69.489452    138.978904
     -3.868869     72.552175     72.552175    145.104351
     -3.858859     74.143238     74.143238    148.286476
     -3.848849     73.615613     73.615613    147.231225
     -3.838839     70.462057     70.462057    140.924115
     -3.828829     64.576908     64.576908    129.153816
     -3.818819     56.416351     56.416351    112.832702
     -3.808809     46.966382     46.966382     93.932763
     -3.798799     37.515224     37.515224     75.030448
     -3.788789     29.316427     29.316427     58.632855
     -3.778779     23.271048     23.271048     46.542095
     -3.768769     19.735822     19.735822     39.471644
     -3.758759     18.501748     18.501748     37.003496
     -3.748749     18.923559     18.923559     37.847118
     -3.738739     20.142613     20.142613     40.285225
     -3.728729     21.336757     21.336757     42.673514
     -3.718719     21.938473     21.938473     43.876946
     -3.708709     21.775177     21.775177     43.550353
     -3.698699     21.099768     21.099768     42.199535
     -3.688689     20.498805     20.498805     40.997609
     -3.678679     20.693431     20.693431     41.386862
     -3.668669     22.282089     22.282089     44.564179
     -3.658659     25.503587     25.503587     51.007175
     -3.648649     30.107319     30.107319     60.214639
     -3.638639     35.389738     35.389738     70.779477
     -3.628629     40.393719     40.393719     80.787438
     -3.618619     44.195715     44.195715     88.391430
     -3.608609     46.165029     46.165029     92.330058
     -3.598599     46.098009     46.098009     92.196017
     -3.588589     44.197719     44.197719     88.395438
     -3.578579     40.942239     40.942239     81.884479
     -3.568569     36.917308     36.917308     73.834615
     -3.558559     32.672330     32.672330     65.344660
     -3.548549     28.621789     28.621789     57.243578
     -3.538539     24.992209     24.992209     49.984417
     -3.528529     21.816254     21.816254     43.632507
     -3.518519     18.980025     18.980025     37.960051
     -3.508509     16.316863     16.316863     32.633725
     -3.498498     13.715329     13.715329     27.430659
     -3.488488     11.194549     11.194549     22.389097
     -3.478478      8.913636      8.913636     17.827271
     -3.468468      7.115690      7.115690     14.231380
     -3.458458      6.036248      6.036248     12.072495
     -3.448448      5.814061      5.814061     11.628121
     -3.438438      6.431826      6.431826     12.863652
     -3.428428      7.701081      7.701081     15.402162
     -3.418418      9.297605      9.297605     18.595210
     -3.408408     10.846378     10.846378     21.692756
     -3.398398     12.039629     12.039629     24.079258
     -3.388388     12.750439     12.750439     25.500878
     -3.378378     13.093634     13.093634     26.187268
     -3.368368     13.400769     13.400769     26.801538
     -3.358358     14.113956     14.113956     28.227911
     -3.348348     15.641089     15.641089     31.282178
     -3.338338     18.226864     18.226864     36.453728
     -3.328328     21.873864     21.873864     43.747728
     -3.318318     26.316292     26.316292     52.632584
     -3.308308     31.034429     31.034429     62.068859
     -3.298298     35.310053     35.310053     70.620107
     -3.288288     38.340449     38.340449     76.680898
     -3.278278     39.418893     39.418893     78.837786
     -3.268268     38.144666     38.144666     76.289332
     -3.258258     34.578417     34.578417     69.156834
     -3.248248     29.256678     29.256678     58.513356
     -3.238238     23.039429     23.039429     46.078857
     -3.228228     16.851473     16.851473     33.702946
     -3.218218     11.431877     11.431877     22.863754
     -3.208208      7.191040      7.191040     14.382080
     -3.198198      4.208918      4.208918      8.417835
     -3.188188      2.339131      2.339131      4.678263
     -3.178178      1.351723      1.351723      2.703447
     -3.168168      1.057285      1.057285      2.114570
     -3.158158      1.384918      1.384918      2.769837
     -3.148148      2.410133      2.410133      4.820265
     -3.138138      4.335514      4.335514      8.671028
     -3.128128      7.423494      7.423494     14.846988
     -3.118118     11.881804     11.881804     23.763608
     -3.108108     17.718862     17.718862     35.437724
     -3.098098     24.615048     24.615048     49.230096
     -3.088088     31.877504     31.877504     63.755008
     -3.078078     38.535825     38.535825     77.071650
     -3.068068     43.582250     43.582250     87.164501
     -3.058058     46.281499     46.281499     92.562997
     -3.048048     46.418369     46.418369     92.836737
     -3.038038     44.360842     44.360842     88.721683
     -3.028028     40.900092     40.900092     81.800183
     -3.018018     36.942258     36.942258     73.884516
     -3.008008     33.200858     33.200858     66.401716
     -2.997998     30.028552     30.028552     60.057104
     -2.987988     27.443684     27.443684     54.887368
     -2.977978     25.305434     25.305434     50.610867
     -2.967968     23.527868     23.527868     47.055735
     -2.957958     22.221412     22.221412     44.442825
     -2.947948     21.697564     21.697564     43.395128
     -2.937938     22.339512     22.339512     44.679024
     -2.927928     24.400106     24.400106     48.800211
     -2.917918     27.820205     27.820205     55.640411
     -2.907908     32.154642     32.154642     64.309285
     -2.897898     36.650228     36.650228     73.300455
     -2.887888     40.455317     40.455317     80.910635
     -2.877878     42.880611     42.880611     85.761221
     -2.867868     43.604601     43.604601     87.209202
     -2.857858     42.739141     42.739141     85.478283
     -2.847848     40.732328     40.732328     81.464657
     -2.837838     38.158367     38.158367     76.316734
     -2.827828     35.492359     35.492359     70.984717
     -2.817818     32.968875     32.968875     65.937751
     -2.807808     30.577174     30.577174     61.154348
     -2.797798     28.176503     28.176503     56.353006
     -2.787788     25.657269     25.657269     51.314538
     -2.777778     23.056702     23.056702     46.113404
     -2.767768     20.569250     20.569250     41.138500
     -2.757758     18.454635     18.454635     36.909270
     -2.747748     16.905677     16.905677     33.811355
     -2.737738     15.959868     15.959868     31.919737
     -2.727728     15.509804     15.509804     31.019607
     -2.717718     15.404144     15.404144     30.808289
     -2.707708     15.571241     15.571241     31.142482
     -2.697698     16.080297     16.080297     32.160594
     -2.687688     17.093418     17.093418     34.186837
     -2.677678     18.733703     18.733703     37.467405
     -2.667668     20.953716     20.953716     41.907433
     -2.657658     23.494765     23.494765     46.989530
     -2.647648     25.972858     25.972858     51.945717
     -2.637638     28.045647     28.045647     56.091293
     -2.627628     29.560294     29.560294     59.120588
     -2.617618     30.593861     30.593861     61.187721
     -2.607608     31.368643     31.368643     62.737285
     -2.597598     32.104691     32.104691     64.209383
     -2.587588     32.902985     32.902985     65.805970
     -2.577578     33.716080     33.716080     67.432161
     -2.567568     34.393375     34.393375     68.786751
     -2.557558     34.744317     34.744317     69.488633
     -2.547548     34.576616     34.576616     69.153232
     -2.537538     33.715544     33.715544     67.431088
     -2.527528     32.041823     32.041823     64.083645
     -2.517518     29.567042     29.567042     59.134085
     -2.507508     26.514764     26.514764     53.029528
     -2.497497     23.341993     23.341993     46.683985
     -2.487487     20.654318     20.654318     41.308635
     -2.477477     19.028722     19.028722     38.057444
     -2.467467     18.817851     18.817851     37.635701
     -2.457457     20.028418     20.028418     40.056835
     -2.447447     22.334151     22.334151     44.668302
     -2.437437     25.219830     25.219830     50.439660
     -2.427427     28.190573     28.190573     56.381147
     -2.417417     30.948881     30.948881     61.897762
     -2.407407     33.456140     33.456140     66.912279
     -2.397397     35.850383     35.850383     71.700766
     -2.387387     38.263293     38.263293     76.526585
     -2.377377     40.632168     40.632168     81.264337
     -2.367367     42.609550     42.609550     85.219101
     -2.357357     43.629044     43.629044     87.258088
     -2.347347     43.110526     43.110526     86.221053
     -2.337337     40.717414     40.717414     81.434828
     -2.327327     36.548892     36.548892     73.097783
     -2.317317     31.177765     31.177765     62.355529
     -2.307307     25.516390     25.516390     51.032780
     -2.297297     20.569937     20.569937     41.139874
     -2.287287     17.177148     17.177148     34.354296
     -2.277277     15.827597     15.827597     31.655195
     -2.267267     16.597694     16.597694     33.195388
     -2.257257     19.197541     19.197541     38.395082
     -2.247247     23.090091     23.090091     46.180183
     -2.237237     27.635274     27.635274     55.270548
     -2.227227     32.216428     32.216428     64.432855
     -2.217217     36.318802     36.318802     72.637604
     -2.207207     39.550666     39.550666     79.101332
     -2.197197     41.624491     41.624491     83.248981
     -2.187187     42.336439     42.336439     84.672879
     -2.177177     41.580111     41.580111     83.160221
     -2.167167     39.399581     39.399581     78.799161
     -2.157157     36.044372     36.044372     72.088745
     -2.147147     31.967565     31.967565     63.935129
     -2.137137     27.731096     27.731096     55.462192
     -2.127127     23.840652     23.840652     47.681304
     -2.117117     20.586681     20.586681     41.173362
     -2.107107     17.976197     17.976197     35.952393
     -2.097097     15.791911     15.791911     31.583822
     -2.087087     13.742413     13.742413     27.484827
     -2.077077     11.618884     11.618884     23.237768
     -2.067067      9.380174      9.380174     18.760349
     -2.057057      7.138941      7.138941     14.277882
     -2.047047      5.078715      5.078715     10.157430
     -2.037037      3.359733      3.359733      6.719466
     -2.027027      2.060634      2.060634      4.121267
     -2.017017      1.170798      1.170798      2.341597
     -2.007007      0.619235      0.619235      1.238470
     -1.996997      0.315162      0.315162      0.630324
     -1.986987      0.181494      0.181494      0.362988
     -1.976977      0.174778      0.174778      0.349555
     -1.966967      0.294079      0.294079      0.588158
     -1.956957      0.583112      0.583112      1.166224
     -1.946947      1.126296      1.126296      2.252591
     -1.936937      2.034932      2.034932      4.069863
     -1.926927      3.418831      3.418831      6.837661
     -1.916917      5.344021      5.344021     10.688043
     -1.906907      7.787022      7.787022     15.574045
     -1.896897     10.604537     10.604537     21.209074
     -1.886887     13.537114     13.537114     27.074228
     -1.876877     16.253696     16.253696     32.507392
     -1.866867     18.426655     18.426655     36.853310
     -1.856857     19.813912     19.813912     39.627825
     -1.846847     20.322347     20.322347     40.644695
     -1.836837     20.032786     20.032786     40.065572
     -1.826827     19.176054     19.176054     38.352108
     -1.816817     18.060637     18.060637     36.121275
     -1.806807     16.968625     16.968625     33.937250
     -1.796797     16.055900     16.055900     32.111801
     -1.786787     15.302255     15.302255     30.604509
     -1.776777     14.542409     14.542409     29.084819
     -1.766767     13.570118     13.570118     27.140236
     -1.756757     12.266295     12.266295     24.532590
     -1.746747     10.686933     10.686933     21.373866
     -1.736737      9.068656      9.068656     18.137312
     -1.726727      7.753661      7.753661     15.507322
     -1.716717      7.072657      7.072657     14.145313
     -1.706707      7.235524      7.235524     14.471049
     -1.696697      8.266796      8.266796     16.533593
     -1.686687     10.000920     10.000920     20.001841
     -1.676677     12.131812     12.131812     24.263625
     -1.666667     14.295420     14.295420     28.590841
     -1.656657     16.154360     16.154360     32.308719
     -1.646647     17.455460     17.455460     34.910920
     -1.636637     18.047974     18.047974     36.095948
     -1.626627     17.874721     17.874721     35.749442
     -1.616617     16.962948     16.962948     33.925895
     -1.606607     15.433625     15.433625     30.867250
     -1.596597     13.523488     13.523488     27.046977
     -1.586587     11.593922     11.593922     23.187844
     -1.576577     10.100856     10.100856     20.201711
     -1.566567      9.517844      9.517844     19.035689
     -1.556557     10.225704     10.225704     20.451407
     -1.546547     12.395533     12.395533     24.791066
     -1.536537     15.897859     15.897859     31.795718
     -1.526527     20.272237     20.272237     40.544474
     -1.516517     24.785003     24.785003     49.570005
     -1.506507     28.579822     28.579822     57.159644
     -1.496496     30.887969     30.887969     61.775937
     -1.486486     31.231223     31.231223     62.462446
     -1.476476     29.544005     29.544005     59.088009
     -1.466466     26.171764     26.171764     52.343528
     -1.456456     21.754448     21.754448     43.508896
     -1.446446     17.047845     17.047845     34.095690
     -1.436436     12.749786     12.749786     25.499573
     -1.426426      9.380311      9.380311     18.760623
     -1.416416      7.230455      7.230455     14.460909
     -1.406406      6.364573      6.364573     12.729145
     -1.396396      6.650701      6.650701     13.301403
     -1.386386      7.803214      7.803214     15.606429
     -1.376376      9.439231      9.439231     18.878462
     -1.366366     11.156886     11.156886     22.313772
     -1.356356     12.630487     12.630487     25.260973
     -1.346346     13.693794     13.693794     27.387587
     -1.336336     14.370716     14.370716     28.741433
     -1.326326     14.829952     14.829952     29.659904
     -1.316316     15.280730     15.280730     30.561461
     -1.306306     15.862570     15.862570     31.725139
     -1.296296     16.584358     16.584358     33.168716
     -1.286286     17.333891     17.333891     34.667781
     -1.276276     17.934807     17.934807     35.869614
     -1.266266     18.207639     18.207639     36.415279
     -1.256256     18.006900     18.006900     36.013799
     -1.246246     17.237085     17.237085     34.474171
     -1.236236     15.866578     15.866578     31.733157
     -1.226226     13.947615     13.947615     27.895231
     -1.216216     11.628745     11.628745     23.257490
     -1.206206      9.138744      9.138744     18.277488
     -1.196196      6.736812      6.736812     13.473624
     -1.186186      4.648502      4.648502      9.297004
     -1.176176      3.018504      3.018504      6.037008
     -1.166166      1.901328      1.901328      3.802657
     -1.156156      1.288461      1.288461      2.576922
     -1.146146      1.151744      1.151744      2.303487
     -1.136136      1.477116      1.477116      2.954232
     -1.126126      2.269898      2.269898      4.539797
     -1.116116      3.527197      3.527197      7.054393
     -1.106106      5.189705      5.189705     10.379410
     -1.096096      7.099376      7.099376     14.198752
     -1.086086      8.994163      8.994163     17.988326
     -1.076076     10.559418     10.559418     21.118836
     -1.066066     11.527674     11.527674     23.055348
     -1.056056     11.786948     11.786948     23.573897
     -1.046046     11.442492     11.442492     22.884984
     -1.036036     10.791751     10.791751     21.583502
     -1.026026     10.212705     10.212705     20.425411
     -1.016016     10.010047     10.010047     20.020093
     -1.006006     10.287202     10.287202     20.574405
     -0.995996     10.902384     10.902384     21.804768
     -0.985986     11.528780     11.528780     23.057561
     -0.975976     11.791341     11.791341     23.582683
     -0.965966     11.418114     11.418114     22.836228
     -0.955956     10.339747     10.339747     20.679494
     -0.945946      8.698953      8.698953     17.397906
     -0.935936      6.777098      6.777098     13.554196
     -0.925926      4.882360      4.882360      9.764720
     -0.915916      3.253596      3.253596      6.507191
     -0.905906      2.015199      2.015199      4.030398
     -0.895896      1.186887      1.186887      2.373775
     -0.885886      0.728203      0.728203      1.456407
     -0.875876      0.590292      0.590292      1.180585
     -0.865866      0.753689      0.753689      1.507379
     -0.855856      1.241091      1.241091      2.482181
     -0.845846      2.102116      2.102116      4.204232
     -0.835836      3.373432      3.373432      6.746864
     -0.825826      5.025776      5.025776     10.051552
     -0.815816      6.919465      6.919465     13.838929
     -0.805806      8.795254      8.795254     17.590508
     -0.795796     10.318988     10.318988     20.637976
     -0.785786     11.174248     11.174248     22.348496
     -0.775776     11.168314     11.168314     22.336627
     -0.765766     10.302537     10.302537     20.605075
     -0.755756      8.771799      8.771799     17.543597
     -0.745746      6.893262      6.893262     13.786525
     -0.735736      5.000031      5.000031     10.000062
     -0.725726      3.348384      3.348384      6.696768
     -0.715716      2.072719      2.072719      4.145439
     -0.705706      1.193383      1.193383      2.386767
     -0.695696      0.658907      0.658907      1.317813
     -0.685686      0.396941      0.396941      0.793881
     -0.675676      0.355040      0.355040      0.710079
     -0.665666      0.523463      0.523463      1.046927
     -0.655656      0.938989      0.938989      1.877977
     -0.645646      1.669858      1.669858      3.339717
     -0.635636      2.781884      2.781884      5.563768
     -0.625626      4.290006      4.290006      8.580012
     -0.615616      6.109587      6.109587     12.219174
     -0.605606      8.031581      8.031581     16.063162
     -0.595596      9.745104      9.745104     19.490208
     -0.585586     10.913413     10.913413     21.826825
     -0.575576     11.280332     11.280332     22.560665
     -0.565566     10.761434     10.761434     21.522867
     -0.555556      9.475568      9.475568     18.951135
     -0.545546      7.700646      7.700646     15.401293
     -0.535536      5.776117      5.776117     11.552234
     -0.525526      3.998818      3.998818      7.997636
     -0.515516      2.555137      2.555137      5.110273
     -0.505506      1.506897      1.506897      3.013794
     -0.495495      0.820238      0.820238      1.640475
     -0.485485      0.412081      0.412081      0.824162
     -0.475475      0.191079      0.191079      0.382158
     -0.465465      0.081777      0.081777      0.163553
     -0.455455      0.032302      0.032302      0.064605
     -0.445445      0.011777      0.011777      0.023554
     -0.435435      0.003963      0.003963      0.007927
     -0.425425      0.001233      0.001233      0.002467
     -0.415415      0.000365      0.000365      0.000730
     -0.405405      0.000145      0.000145      0.000290
     -0.395395      0.000224      0.000224      0.000449
     -0.385385      0.000733      0.000733      0.001467
     -0.375375      0.002427      0.002427      0.004855
     -0.365365      0.007462      0.007462      0.014925
     -0.355355      0.021183      0.021183      0.042365
     -0.345345      0.055497      0.055497      0.110994
     -0.335335      0.134200      0.134200      0.268399
     -0.325325      0.299515      0.299515      0.599030
     -0.315315      0.616982      0.616982      1.233964
     -0.305305      1.173042      1.173042      2.346083
     -0.295295      2.058454      2.058454      4.116908
     -0.285285      3.333924      3.333924      6.667849
     -0.275275      4.983761      4.983761      9.967521
     -0.265265      6.876152      6.876152     13.752304
     -0.255255      8.756300      8.756300     17.512599
     -0.245245     10.291593     10.291593     20.583186
     -0.235235     11.164299     11.164299     22.328597
     -0.225225     11.178078     11.178078     22.356156
     -0.215215     10.329747     10.329747     20.659494
     -0.205205      8.810470      8.810470     17.620940
     -0.195195      6.935780      6.935780     13.871560
     -0.185185      5.039395      5.039395     10.078790
     -0.175175      3.379468      3.379468      6.758936
     -0.165165      2.091728      2.091728      4.183455
     -0.155155      1.194947      1.194947      2.389895
     -0.145145      0.630056      0.630056      1.260112
     -0.135135      0.306617      0.306617      0.613235
     -0.125125      0.137721      0.137721      0.275442
     -0.115115      0.057094      0.057094      0.114188
     -0.105105      0.021846      0.021846      0.043692
     -0.095095      0.007715      0.007715      0.015430
     -0.085085      0.002515      0.002515      0.005029
     -0.075075      0.000757      0.000757      0.001513
     -0.065065      0.000210      0.000210      0.000420
     -0.055055      0.000054      0.000054      0.000108
     -0.045045      0.000013      0.000013      0.000025
     -0.035035      0.000003      0.000003      0.000006
     -0.025025      0.000001      0.000001      0.000001
     -0.015015      0.000000      0.000000      0.000000
     -0.005005      0.000000      0.000000      0.000000
      0.005005      0.000000      0.000000      0.000000
      0.015015      0.000000      0.000000      0.000000
      0.025025      0.000001      0.000001      0.000001
      0.035035      0.000003      0.000003      0.000006
      0.045045      0.000013      0.000013      0.000025
      0.055055      0.000054      0.000054      0.000108
      0.065065      0.000210      0.000210      0.000420
      0.075075      0.000757      0.000757      0.001513
      0.085085      0.002515      0.002515      0.005029
      0.095095      0.007715      0.007715      0.015430
      0.105105      0.021846      0.021846      0.043692
      0.115115      0.057094      0.057094      0.114189
      0.125125      0.137721      0.137721      0.275443
      0.135135      0.306618      0.306618      0.613235
      0.145145      0.630057      0.630057      1.260114
      0.155155      1.194949      1.194949      2.389898
      0.165165      2.091730      2.091730      4.183460
      0.175175      3.379471      3.379471      6.758942
      0.185185      5.039399      5.039399     10.078797
      0.195195      6.935784      6.935784     13.871568
      0.205205      8.810473      8.810473     17.620947
      0.215215     10.329749     10.329749     20.659499
      0.225225     11.178079     11.178079     22.356158
      0.235235     11.164298     11.164298     22.328596
      0.245245     10.291591     10.291591     20.583181
      0.255255      8.756296      8.756296     17.512592
      0.265265      6.876148      6.876148     13.752296
      0.275275      4.983757      4.983757      9.967514
      0.285285      3.333921      3.333921      6.667843
      0.295295      2.058452      2.058452      4.116904
      0.305305      1.173040      1.173040      2.346080
      0.315315      0.616981      0.616981      1.233962
      0.325325      0.299514      0.299514      0.599029
      0.335335      0.134199      0.134199      0.268399
      0.345345      0.055497      0.055497      0.110994
      0.355355      0.021182      0.021182      0.042365
      0.365365      0.007462      0.007462      0.014925
      0.375375      0.002427      0.002427      0.004853
      0.385385      0.000729      0.000729      0.001459
      0.395395      0.000207      0.000207      0.000415
      0.405405      0.000077      0.000077      0.000154
      0.415415      0.000116      0.000116      0.000232
      0.425425      0.000393      0.000393      0.000785
      0.435435      0.001353      0.001353      0.002705
      0.445445      0.004327      0.004327      0.008654
      0.455455      0.012778      0.012778      0.025556
      0.465465      0.034830      0.034830      0.069660
      0.475475      0.087626      0.087626      0.175252
      0.485485      0.203470      0.203470      0.406941
      0.495495      0.436069      0.436069      0.872139
      0.505506      0.862575      0.862575      1.725150
      0.515516      1.574799      1.574799      3.149597
      0.525526      2.653628      2.653628      5.307255
      0.535536      4.127070      4.127070      8.254139
      0.545546      5.924211      5.924211     11.848422
      0.555556      7.848855      7.848855     15.697710
      0.565566      9.597755      9.597755     19.195510
      0.575576     10.832345     10.832345     21.664690
      0.585586     11.284217     11.284217     22.568435
      0.595596     10.850266     10.850266     21.700531
      0.605606      9.631950      9.631950     19.263900
      0.615616      7.899424      7.899424     15.798849
      0.625626      6.000082      6.000082     12.000163
      0.635636      4.257535      4.257535      8.515069
      0.645646      2.905304      2.905304      5.810609
      0.655656      2.073571      2.073571      4.147142
      0.665666      1.815875      1.815875      3.631750
      0.675676      2.144229      2.144229      4.288458
      0.685686      3.043319      3.043319      6.086639
      0.695696      4.453218      4.453218      8.906435
      0.705706      6.234397      6.234397     12.468794
      0.715716      8.146218      8.146218     16.292435
      0.725726      9.869890      9.869890     19.739779
      0.735736     11.085975     11.085975     22.171951
      0.745746     11.583473     11.583473     23.166947
      0.755756     11.351467     11.351467     22.702935
      0.765766     10.603455     10.603455     21.206911
      0.775776      9.712459      9.712459     19.424919
      0.785786      9.077053      9.077053     18.154106
      0.795796      8.971460      8.971460     17.942920
      0.805806      9.440762      9.440762     18.881525
      0.815816     10.283590     10.283590     20.567180
      0.825826     11.129242     11.129242     22.258485
      0.835836     11.578119     11.578119     23.156237
      0.845846     11.348254     11.348254     22.696507
      0.855856     10.368608     10.368608     20.737216
      0.865866      8.784872      8.784872     17.569743
      0.875876      6.884757      6.884757     13.769513
      0.885886      4.985065      4.985065      9.970129
      0.895896      3.333074      3.333074      6.666147
      0.905906      2.057317      2.057317      4.114635
      0.915916      1.172174      1.172174      2.344348
      0.925926      0.616479      0.616479      1.232959
      0.935936      0.299413      0.299413      0.598827
      0.945946      0.134791      0.134791      0.269582
      0.955956      0.057908      0.057908      0.115815
      0.965966      0.028773      0.028773      0.057546
      0.975976      0.029056      0.029056      0.058112
      0.985986      0.058976      0.058976      0.117951
      0.995996      0.137406      0.137406      0.274812
      1.006006      0.305247      0.305247      0.610494
      1.016016      0.628942      0.628942      1.257884
      1.026026      1.198224      1.198224      2.396448
      1.036036      2.111304      2.111304      4.222609
      1.046046      3.444298      3.444298      6.888597
      1.056056      5.210832      5.210832     10.421663
      1.066066      7.329070      7.329070     14.658139
      1.076076      9.618366      9.618366     19.236733
      1.086086     11.838057     11.838057     23.676115
      1.096096     13.757507     13.757507     27.515014
      1.106106     15.223633     15.223633     30.447265
      1.116116     16.189331     16.189331     32.378663
      1.126126     16.690857     16.690857     33.381714
      1.136136     16.798270     16.798270     33.596540
      1.146146     16.581089     16.581089     33.162178
      1.156156     16.113825     16.113825     32.227650
      1.166166     15.506463     15.506463     31.012925
      1.176176     14.918073     14.918073     29.836146
      1.186186     14.523195     14.523195     29.046389
      1.196196     14.442299     14.442299     28.884599
      1.206206     14.683427     14.683427     29.366855
      1.216216     15.139518     15.139518     30.279036
      1.226226     15.645359     15.645359     31.290718
      1.236236     16.052859     16.052859     32.105718
      1.246246     16.271623     16.271623     32.543246
      1.256256     16.253354     16.253354     32.506708
      1.266266     15.946455     15.946455     31.892910
      1.276276     15.270936     15.270936     30.541872
      1.286286     14.144268     14.144268     28.288536
      1.296296     12.544331     12.544331     25.088661
      1.306306     10.564100     10.564100     21.128200
      1.316316      8.418910      8.418910     16.837821
      1.326326      6.402521      6.402521     12.805041
      1.336336      4.821960      4.821960      9.643920
      1.346346      3.947427      3.947427      7.894854
      1.356356      3.991598      3.991598      7.983197
      1.366366      5.103466      5.103466     10.206932
      1.376376      7.349422      7.349422     14.698844
      1.386386     10.668320     10.668320     21.336640
      1.396396     14.817340     14.817340     29.634681
      1.406406     19.348927     19.348927     38.697853
      1.416416     23.655945     23.655945     47.311890
      1.426426     27.090022     27.090022     54.180044
      1.436436     29.115978     29.115978     58.231956
      1.446446     29.441871     29.441871     58.883743
      1.456456     28.075837     28.075837     56.151674
      1.466466     25.298291     25.298291     50.596582
      1.476476     21.574841     21.574841     43.149682
      1.486486     17.450027     17.450027     34.900053
      1.496496     13.453754     13.453754     26.907508
      1.506507     10.034981     10.034981     20.069961
      1.516517      7.523659      7.523659     15.047318
      1.526527      6.115183      6.115183     12.230366
      1.536537      5.868997      5.868997     11.737995
      1.546547      6.714039      6.714039     13.428078
      1.556557      8.459386      8.459386     16.918773
      1.566567     10.816195     10.816195     21.632391
      1.576577     13.439243     13.439243     26.878486
      1.586587     15.988362     15.988362     31.976724
      1.596597     18.196460     18.196460     36.392920
      1.606607     19.923060     19.923060     39.846120
      1.616617     21.176987     21.176987     42.353974
      1.626627     22.103983     22.103983     44.207966
      1.636637     22.943906     22.943906     45.887812
      1.646647     23.963996     23.963996     47.927992
      1.656657     25.376152     25.376152     50.752304
      1.666667     27.254999     27.254999     54.509998
      1.676677     29.486507     29.486507     58.973014
      1.686687     31.779916     31.779916     63.559832
      1.696697     33.756311     33.756311     67.512622
      1.706707     35.088075     35.088075     70.176151
      1.716717     35.625637     35.625637     71.251274
      1.726727     35.440031     35.440031     70.880063
      1.736737     34.748123     34.748123     69.496246
      1.746747     33.757836     33.757836     67.515671
      1.756757     32.529510     32.529510     65.059019
      1.766767     30.949958     30.949958     61.899915
      1.776777     28.847682     28.847682     57.695364
      1.786787     26.182769     26.182769     52.365539
      1.796797     23.189319     23.189319     46.378637
      1.806807     20.371281     20.371281     40.742563
      1.816817     18.337204     18.337204     36.674408
      1.826827     17.549387     17.549387     35.098773
      1.836837     18.107243     18.107243     36.214487
      1.846847     19.667462     19.667462     39.334923
      1.856857     21.542023     21.542023     43.084047
      1.866867     22.939259     22.939259     45.878519
      1.876877     23.251827     23.251827     46.503653
      1.886887     22.272864     22.272864     44.545729
      1.896897     20.250464     20.250464     40.500929
      1.906907     17.762135     17.762135     35.524270
      1.916917     15.471985     15.471985     30.943970
      1.926927     13.882951     13.882951     27.765902
      1.936937     13.190553     13.190553     26.381106
      1.946947     13.289742     13.289742     26.579484
      1.956957     13.911686     13.911686     27.823373
      1.966967     14.807682     14.807682     29.615365
      1.976977     15.878948     15.878948     31.757895
      1.986987     17.183118     17.183118     34.366237
      1.996997     18.818454     18.818454     37.636908
      2.007007     20.760734     20.760734     41.521467
      2.017017     22.762382     22.762382     45.524764
      2.027027     24.391747     24.391747     48.783493
      2.037037     25.205255     25.205255     50.410510
      2.047047     24.957722     24.957722     49.915444
      2.057057     23.725087     23.725087     47.450174
      2.067067     21.863797     21.863797     43.727595
      2.077077     19.830890     19.830890     39.661781
      2.087087     17.972513     17.972513     35.945026
      2.097097     16.401769     16.401769     32.803539
      2.107107     15.024967     15.024967     30.049933
      2.117117     13.683851     13.683851     27.367701
      2.127127     12.319841     12.319841     24.639683
      2.137137     11.067023     11.067023     22.134046
      2.147147     10.232235     10.232235     20.464471
      2.157157     10.183598     10.183598     20.367197
      2.167167     11.206610     11.206610     22.413221
      2.177177     13.387659     13.387659     26.775318
      2.187187     16.560181     16.560181     33.120361
      2.197197     20.319525     20.319525     40.639050
      2.207207     24.093220     24.093220     48.186440
      2.217217     27.246748     27.246748     54.493497
      2.227227     29.205440     29.205440     58.410881
      2.237237     29.572765     29.572765     59.145530
      2.247247     28.220905     28.220905     56.441810
      2.257257     25.326200     25.326200     50.652401
      2.267267     21.329921     21.329921     42.659842
      2.277277     16.828464     16.828464     33.656927
      2.287287     12.427500     12.427500     24.855000
      2.297297      8.613068      8.613068     17.226136
      2.307307      5.685259      5.685259     11.370518
      2.317317      3.770052      3.770052      7.540103
      2.327327      2.889401      2.889401      5.778803
      2.337337      3.047501      3.047501      6.095002
      2.347347      4.289723      4.289723      8.579446
      2.357357      6.706039      6.706039     13.412077
      2.367367     10.373734     10.373734     20.747468
      2.377377     15.257896     15.257896     30.515792
      2.387387     21.107476     21.107476     42.214953
      2.397397     27.394731     27.394731     54.789461
      2.407407     33.340285     33.340285     66.680569
      2.417417     38.041233     38.041233     76.082466
      2.427427     40.679536     40.679536     81.359071
      2.437437     40.747135     40.747135     81.494270
      2.447447     38.203972     38.203972     76.407944
      2.457457     33.501814     33.501814     67.003628
      2.467467     27.458907     27.458907     54.917815
      2.477477     21.034114     21.034114     42.068227
      2.487487     15.090482     15.090482     30.180964
      2.497497     10.234607     10.234607     20.469214
      2.507508      6.773865      6.773865     13.547730
      2.517518      4.775978      4.775978      9.551957
      2.527528      4.175355      4.175355      8.350710
      2.537538      4.864553      4.864553      9.729107
      2.547548      6.732497      6.732497     13.464994
      2.557558      9.646397      9.646397     19.292794
      2.567568     13.403352     13.403352     26.806705
      2.577578     17.689335     17.689335     35.378670
      2.587588     22.076574     22.076574     44.153147
      2.597598     26.071865     26.071865     52.143730
      2.607608     29.207152     29.207152     58.414303
      2.617618     31.146673     31.146673     62.293347
      2.627628     31.775654     31.775654     63.551308
      2.637638     31.236735     31.236735     62.473470
      2.647648     29.895621     29.895621     59.791242
      2.657658     28.245220     28.245220     56.490440
      2.667668     26.785830     26.785830     53.571660
      2.677678     25.928813     25.928813     51.857626
      2.687688     25.952730     25.952730     51.905460
      2.697698     27.005499     27.005499     54.010997
      2.707708     29.119875     29.119875     58.239750
      2.717718     32.211432     32.211432     64.422864
      2.727728     36.054025     36.054025     72.108049
      2.737738     40.256106     40.256106     80.512212
      2.747748     44.272912     44.272912     88.545824
      2.757758     47.479342     47.479342     94.958685
      2.767768     49.302411     49.302411     98.604822
      2.777778     49.379875     49.379875     98.759751
      2.787788     47.685631     47.685631     95.371262
      2.797798     44.559163     44.559163     89.118325
      2.807808     40.607871     40.607871     81.215742
      2.817818     36.509543     36.509543     73.019085
      2.827828     32.796029     32.796029     65.592058
      2.837838     29.712783     29.712783     59.425566
      2.847848     27.210715     27.210715     54.421429
      2.857858     25.059900     25.059900     50.119800
      2.867868     23.018332     23.018332     46.036664
      2.877878     20.971175     20.971175     41.942349
      2.887888     18.979499     18.979499     37.958998
      2.897898     17.225855     17.225855     34.451710
      2.907908     15.894441     15.894441     31.788883
      2.917918     15.054742     15.054742     30.109485
      2.927928     14.614322     14.614322     29.228645
      2.937938     14.367490     14.367490     28.734979
      2.947948     14.110109     14.110109     28.220219
      2.957958     13.749573     13.749573     27.499146
      2.967968     13.340503     13.340503     26.681006
      2.977978     13.022867     13.022867     26.045733
      2.987988     12.901467     12.901467     25.802934
      2.997998     12.943631     12.943631     25.887262
      3.008008     12.960539     12.960539     25.921078
      3.018018     12.685064     12.685064     25.370128
      3.028028     11.900185     11.900185     23.800369
      3.038038     10.544579     10.544579     21.089158
      3.048048      8.740608      8.740608     17.481215
      3.058058      6.738459      6.738459     13.476918
      3.068068      4.815289      4.815289      9.630579
      3.078078      3.183541      3.183541      6.367081
      3.088088      1.945498      1.945498      3.890996
      3.098098      1.099350      1.099350      2.198699
      3.108108      0.577491      0.577491      1.154982
      3.118118      0.291473      0.291473      0.582947
      3.128128      0.166489      0.166489      0.332979
      3.138138      0.161098      0.161098      0.322196
      3.148148      0.276282      0.276282      0.552564
      3.158158      0.559004      0.559004      1.118009
      3.168168      1.101119      1.101119      2.202238
      3.178178      2.028918      2.028918      4.057837
      3.188188      3.476236      3.476236      6.952472
      3.198198      5.538083      5.538083     11.076166
      3.208208      8.212544      8.212544     16.425087
      3.218218     11.351526     11.351526     22.703051
      3.228228     14.647729     14.647729     29.295457
      3.238238     17.678383     17.678383     35.356765
      3.248248     20.005173     20.005173     40.010345
      3.258258     21.302517     21.302517     42.605033
      3.268268     21.466551     21.466551     42.933102
      3.278278     20.656514     20.656514     41.313027
      3.288288     19.242409     19.242409     38.484817
      3.298298     17.671205     17.671205     35.342411
      3.308308     16.302618     16.302618     32.605236
      3.318318     15.284986     15.284986     30.569971
      3.328328     14.527978     14.527978     29.055956
      3.338338     13.784179     13.784179     27.568357
      3.348348     12.797947     12.797947     25.595893
      3.358358     11.447858     11.447858     22.895716
      3.368368      9.817239      9.817239     19.634478
      3.378378      8.168754      8.168754     16.337507
      3.388388      6.845974      6.845974     13.691948
      3.398398      6.150366      6.150366     12.300732
      3.408408      6.238953      6.238953     12.477906
      3.418418      7.069316      7.069316     14.138632
      3.428428      8.401879      8.401879     16.803758
      3.438438      9.859725      9.859725     19.719450
      3.448448     11.036204     11.036204     22.072407
      3.458458     11.623913     11.623913     23.247825
      3.468468     11.521604     11.521604     23.043208
      3.478478     10.873531     10.873531     21.747062
      3.488488     10.018033     10.018033     20.036066
      3.498498      9.361015      9.361015     18.722031
      3.508509      9.224759      9.224759     18.449519
      3.518519      9.734485      9.734485     19.468970
      3.528529     10.788507     10.788507     21.577015
      3.538539     12.120619     12.120619     24.241238
      3.548549     13.421534     13.421534     26.843067
      3.558559     14.458608     14.458608     28.917216
      3.568569     15.135190     15.135190     30.270379
      3.578579     15.465916     15.465916     30.931832
      3.588589     15.494843     15.494843     30.989687
      3.598599     15.217770     15.217770     30.435540
      3.608609     14.563592     14.563592     29.127183
      3.618619     13.445407     13.445407     26.890815
      3.628629     11.842257     11.842257     23.684515
      3.638639      9.852971      9.852971     19.705941
      3.648649      7.686236      7.686236     15.372473
      3.658659      5.595334      5.595334     11.190667
      3.668669      3.798658      3.798658      7.597316
      3.678679      2.428779      2.428779      4.857558
      3.688689      1.528931      1.528931      3.057862
      3.698699      1.087050      1.087050      2.174101
      3.708709      1.080936      1.080936      2.161872
      3.718719      1.507938      1.507938      3.015876
      3.728729      2.383334      2.383334      4.766668
      3.738739      3.706639      3.706639      7.413278
      3.748749      5.410618      5.410618     10.821237
      3.758759      7.320060      7.320060     14.640120
      3.768769      9.149908      9.149908     18.299817
      3.778779     10.558947     10.558947     21.117894
      3.788789     11.247523     11.247523     22.495045
      3.798799     11.059845     11.059845     22.119690
      3.808809     10.042389     10.042389     20.084777
      3.818819      8.429457      8.429457     16.858913
      3.828829      6.564733      6.564733     13.129465
      3.838839      4.799512      4.799512      9.599024
      3.848849      3.414061      3.414061      6.828122
      3.858859      2.586925      2.586925      5.173851
      3.868869      2.404882      2.404882      4.809764
      3.878879      2.884954      2.884954      5.769909
      3.888889      3.981136      3.981136      7.962272
      3.898899      5.568846      5.568846     11.137692
      3.908909      7.425361      7.425361     14.850722
      3.918919      9.237594      9.237594     18.475188
      3.928929     10.659276     10.659276     21.318552
      3.938939     11.410842     11.410842     22.821684
      3.948949     11.384071     11.384071     22.768141
      3.958959     10.700932     10.700932     21.401865
      3.968969      9.692664      9.692664     19.385327
      3.978979      8.801973      8.801973     17.603946
      3.988989      8.446656      8.446656     16.893312
      3.998999      8.897784      8.897784     17.795569
      4.009009     10.215567     10.215567     20.431134
      4.019019     12.259455     12.259455     24.518909
      4.029029     14.758628     14.758628     29.517255
      4.039039     17.405929     17.405929     34.811857
      4.049049     19.931662     19.931662     39.863325
      4.059059     22.128791     22.128791     44.257582
      4.069069     23.832847     23.832847     47.665695
      4.079079     24.890388     24.890388     49.780775
      4.089089     25.157486     25.157486     50.314972
      4.099099     24.546463     24.546463     49.092926
      4.109109     23.099110     23.099110     46.198220
      4.119119     21.036044     21.036044     42.072087
      4.129129     18.735909     18.735909     37.471817
      4.139139     16.634727     16.634727     33.269454
      4.149149     15.083330     15.083330     30.166659
      4.159159     14.230664     14.230664     28.461328
      4.169169     13.993367     13.993367     27.986735
      4.179179     14.128850     14.128850     28.257699
      4.189189     14.373115     14.373115     28.746230
      4.199199     14.568596     14.568596     29.137193
      4.209209     14.714849     14.714849     29.429697
      4.219219     14.923043     14.923043     29.846085
      4.229229     15.313371     15.313371     30.626742
      4.239239     15.924116     15.924116     31.848232
      4.249249     16.683748     16.683748     33.367497
      4.259259     17.449253     17.449253     34.898506
      4.269269     18.072744     18.072744     36.145487
      4.279279     18.452722     18.452722     36.905444
      4.289289     18.552022     18.552022     37.104043
      4.299299     18.392652     18.392652     36.785304
      4.309309     18.043744     18.043744     36.087487
      4.319319     17.605520     17.605520     35.211040
      4.329329     17.182922     17.182922     34.365844
      4.339339     16.852721     16.852721     33.705442
      4.349349     16.646223     16.646223     33.292447
      4.359359     16.569764     16.569764     33.139529
      4.369369     16.656344     16.656344     33.312687
      4.379379     17.005212     17.005212     34.010423
      4.389389     17.758529     17.758529     35.517057
      4.399399     19.002403     19.002403     38.004806
      4.409409     20.641270     20.641270     41.282540
      4.419419     22.332290     22.332290     44.664580
      4.429429     23.545462     23.545462     47.090923
      4.439439     23.742875     23.742875     47.485749
      4.449449     22.594068     22.594068     45.188136
      4.459459     20.116599     20.116599     40.233198
      4.469469     16.671291     16.671291     33.342583
      4.479479     12.822394     12.822394     25.644787
      4.489489      9.140891      9.140891     18.281781
      4.499499      6.045104      6.045104     12.090209
      4.509510      3.736357      3.736357      7.472714
      4.519520      2.230817      2.230817      4.461633
      4.529530      1.447463      1.447463      2.894925
      4.539540      1.301849      1.301849      2.603699
      4.549550      1.768223      1.768223      3.536446
      4.559560      2.892102      2.892102      5.784205
      4.569570      4.751669      4.751669      9.503338
      4.579580      7.379989      7.379989     14.759979
      4.589590     10.675215     10.675215     21.350431
      4.599600     14.339979     14.339979     28.679958
      4.609610     17.892853     17.892853     35.785706
      4.619620     20.772418     20.772418     41.544836
      4.629630     22.510208     22.510208     45.020416
      4.639640     22.903899     22.903899     45.807798
      4.649650     22.106853     22.106853     44.213707
      4.659660     20.581618     20.581618     41.163235
      4.669670     18.930738     18.930738     37.861476
      4.679680     17.680908     17.680908     35.361817
      4.689690     17.117772     17.117772     34.235544
      4.699700     17.236414     17.236414     34.472828
      4.709710     17.808845     17.808845     35.617690
      4.719720     18.515419     18.515419     37.030839
      4.729730     19.072757     19.072757     38.145514
      4.739740     19.316107     19.316107     38.632213
      4.749750     19.231686     19.231686     38.463372
      4.759760     18.954293     18.954293     37.908586
      4.769770     18.739824     18.739824     37.479647
      4.779780     18.909219     18.909219     37.818438
      4.789790     19.762000     19.762000     39.524001
      4.799800     21.477184     21.477184     42.954368
      4.809810     24.038793     24.038793     48.077585
      4.819820     27.222037     27.222037     54.444074
      4.829830     30.651449     30.651449     61.302897
      4.839840     33.909044     33.909044     67.818087
      4.849850     36.648459     36.648459     73.296917
      4.859860     38.670765     38.670765     77.341529
      4.869870     39.938286     39.938286     79.876573
      4.879880     40.533497     40.533497     81.066994
      4.889890     40.593848     40.593848     81.187696
      4.899900     40.255184     40.255184     80.510368
      4.909910     39.616222     39.616222     79.232443
      4.919920     38.714580     38.714580     77.429160
      4.929930     37.504415     37.504415     75.008830
      4.939940     35.847723     35.847723     71.695446
      4.949950     33.548252     33.548252     67.096504
      4.959960     30.440637     30.440637     60.881273
      4.969970     26.503143     26.503143     53.006286
      4.979980     21.929148     21.929148     43.858296
      4.989990     17.105543     17.105543     34.211086
      5.000000     12.500799     12.500799     25.001598
