# EIG2DOS: Utility for SIESTA to obtain the electronic density of states
#  E. Artacho, Apr 1999, A. Garcia, Apr 2012
#  Nick R. Papior, Feb 2017
# ------------------------------------------
# Eigenvalues calculated from a non-polarized calculation
# Eigenvalues read from siesta.EIG
# Kpoint weights read from siesta.KP
# Using smearing parameter:   0.0500
# Using 1000 points in the energy range
# Selected bands: 1 to: 2981
# Emin, Emax in file for selected band(s):    -27.1752594    218.3816890
# Nbands, Nspin, Nk   =   2981     1     1
# E_F                 =    -4.2153 eV --> (shifted to ZERO)
# Broadening          =     0.0500 eV
#
#        E            N(up)  (=)   N(down)         Ntot
     -5.000000     36.271304     36.271304     72.542608
     -4.989990     40.266637     40.266637     80.533274
     -4.979980     43.295900     43.295900     86.591799
     -4.969970     44.863940     44.863940     89.727881
     -4.959960     44.724067     44.724067     89.448134
     -4.949950     42.958503     42.958503     85.917005
     -4.939940     39.963576     39.963576     79.927151
     -4.929930     36.366057     36.366057     72.732114
     -4.919920     32.916609     32.916609     65.833217
     -4.909910     30.388827     30.388827     60.777653
     -4.899900     29.477143     29.477143     58.954286
     -4.889890     30.668580     30.668580     61.337161
     -4.879880     34.085547     34.085547     68.171093
     -4.869870     39.349255     39.349255     78.698511
     -4.859860     45.553438     45.553438     91.106875
     -4.849850     51.421226     51.421226    102.842452
     -4.839840     55.636777     55.636777    111.273553
     -4.829830     57.240717     57.240717    114.481434
     -4.819820     55.923218     55.923218    111.846436
     -4.809810     52.084186     52.084186    104.168372
     -4.799800     46.641020     46.641020     93.282041
     -4.789790     40.684267     40.684267     81.368534
     -4.779780     35.139587     35.139587     70.279174
     -4.769770     30.564412     30.564412     61.128825
     -4.759760     27.120615     27.120615     54.241231
     -4.749750     24.679581     24.679581     49.359161
     -4.739740     22.976154     22.976154     45.952307
     -4.729730     21.737493     21.737493     43.474986
     -4.719720     20.749532     20.749532     41.499065
     -4.709710     19.863401     19.863401     39.726802
     -4.699700     18.972987     18.972987     37.945974
     -4.689690     18.005528     18.005528     36.011055
     -4.679680     16.954434     16.954434     33.908868
     -4.669670     15.950173     15.950173     31.900345
     -4.659660     15.327380     15.327380     30.654761
     -4.649650     15.628246     15.628246     31.256492
     -4.639640     17.498104     17.498104     34.996209
     -4.629630     21.474934     21.474934     42.949868
     -4.619620     27.730980     27.730980     55.461961
     -4.609610     35.868018     35.868018     71.736036
     -4.599600     44.875141     44.875141     89.750283
     -4.589590     53.313941     53.313941    106.627882
     -4.579580     59.705157     59.705157    119.410315
     -4.569570     62.989168     62.989168    125.978336
     -4.559560     62.876788     62.876788    125.753577
     -4.549550     59.938738     59.938738    119.877477
     -4.539540     55.393276     55.393276    110.786552
     -4.529530     50.682926     50.682926    101.365852
     -4.519520     47.012846     47.012846     94.025692
     -4.509510     45.020110     45.020110     90.040221
     -4.499499     44.670420     44.670420     89.340839
     -4.489489     45.381542     45.381542     90.763083
     -4.479479     46.294750     46.294750     92.589501
     -4.469469     46.580302     46.580302     93.160605
     -4.459459     45.673586     45.673586     91.347172
     -4.449449     43.383116     43.383116     86.766232
     -4.439439     39.869239     39.869239     79.738478
     -4.429429     35.539309     35.539309     71.078617
     -4.419419     30.922287     30.922287     61.844575
     -4.409409     26.568704     26.568704     53.137408
     -4.399399     22.985191     22.985191     45.970381
     -4.389389     20.583176     20.583176     41.166352
     -4.379379     19.620091     19.620091     39.240181
     -4.369369     20.137567     20.137567     40.275135
     -4.359359     21.930518     21.930518     43.861037
     -4.349349     24.585150     24.585150     49.170300
     -4.339339     27.594026     27.594026     55.188053
     -4.329329     30.511021     30.511021     61.022042
     -4.319319     33.080591     33.080591     66.161181
     -4.309309     35.284515     35.284515     70.569030
     -4.299299     37.288448     37.288448     74.576896
     -4.289289     39.314639     39.314639     78.629278
     -4.279279     41.492822     41.492822     82.985643
     -4.269269     43.744017     43.744017     87.488033
     -4.259259     45.741155     45.741155     91.482310
     -4.249249     46.972582     46.972582     93.945164
     -4.239239     46.905493     46.905493     93.810985
     -4.229229     45.203332     45.203332     90.406664
     -4.219219     41.909878     41.909878     83.819757
     -4.209209     37.505116     37.505116     75.010231
     -4.199199     32.785289     32.785289     65.570578
     -4.189189     28.605499     28.605499     57.210998
     -4.179179     25.597982     25.597982     51.195963
     -4.169169     23.994747     23.994747     47.989493
     -4.159159     23.629211     23.629211     47.258423
     -4.149149     24.101041     24.101041     48.202081
     -4.139139     25.011896     25.011896     50.023793
     -4.129129     26.152535     26.152535     52.305071
     -4.119119     27.550542     27.550542     55.101084
     -4.109109     29.357374     29.357374     58.714747
     -4.099099     31.635531     31.635531     63.271063
     -4.089089     34.166644     34.166644     68.333287
     -4.079079     36.404627     36.404627     72.809254
     -4.069069     37.630224     37.630224     75.260448
     -4.059059     37.250490     37.250490     74.500979
     -4.049049     35.093623     35.093623     70.187245
     -4.039039     31.539800     31.539800     63.079600
     -4.029029     27.415477     27.415477     54.830954
     -4.019019     23.708659     23.708659     47.417317
     -4.009009     21.252440     21.252440     42.504880
     -3.998999     20.521220     20.521220     41.042440
     -3.988989     21.601275     21.601275     43.202550
     -3.978979     24.296952     24.296952     48.593904
     -3.968969     28.278776     28.278776     56.557552
     -3.958959     33.193077     33.193077     66.386153
     -3.948949     38.708995     38.708995     77.417990
     -3.938939     44.528793     44.528793     89.057587
     -3.928929     50.396508     50.396508    100.793016
     -3.918919     56.111456     56.111456    112.222911
     -3.908909     61.521744     61.521744    123.043489
     -3.898899     66.473019     66.473019    132.946037
     -3.888889     70.722983     70.722983    141.445967
     -3.878879     73.873485     73.873485    147.746970
     -3.868869     75.382625     75.382625    150.765250
     -3.858859     74.685825     74.685825    149.371651
     -3.848849     71.395571     71.395571    142.791143
     -3.838839     65.500237     65.500237    131.000474
     -3.828829     57.471540     57.471540    114.943081
     -3.818819     48.223382     48.223382     96.446765
     -3.808809     38.924793     38.924793     77.849585
     -3.798799     30.727223     30.727223     61.454446
     -3.788789     24.496244     24.496244     48.992489
     -3.778779     20.630212     20.630212     41.260423
     -3.768769     19.012395     19.012395     38.024790
     -3.758759     19.097781     19.097781     38.195561
     -3.748749     20.099110     20.099110     40.198220
     -3.738739     21.217254     21.217254     42.434509
     -3.728729     21.857692     21.857692     43.715385
     -3.718719     21.782480     21.782480     43.564961
     -3.708709     21.161556     21.161556     42.323113
     -3.698699     20.507386     20.507386     41.014771
     -3.688689     20.503264     20.503264     41.006529
     -3.678679     21.766343     21.766343     43.532685
     -3.668669     24.614062     24.614062     49.228123
     -3.658659     28.913858     28.913858     57.827716
     -3.648649     34.077570     34.077570     68.155140
     -3.638639     39.212195     39.212195     78.424389
     -3.628629     43.375034     43.375034     86.750067
     -3.618619     45.836042     45.836042     91.672084
     -3.608609     46.250969     46.250969     92.501939
     -3.598599     44.696508     44.696508     89.393015
     -3.588589     41.583220     41.583220     83.166439
     -3.578579     37.503992     37.503992     75.007984
     -3.568569     33.076950     33.076950     66.153900
     -3.558559     28.817027     28.817027     57.634055
     -3.548549     25.049117     25.049117     50.098234
     -3.538539     21.872086     21.872086     43.744173
     -3.528529     19.185161     19.185161     38.370323
     -3.518519     16.776651     16.776651     33.553302
     -3.508509     14.447604     14.447604     28.895208
     -3.498498     12.119964     12.119964     24.239928
     -3.488488      9.882278      9.882278     19.764557
     -3.478478      7.957109      7.957109     15.914219
     -3.468468      6.611562      6.611562     13.223124
     -3.458458      6.052207      6.052207     12.104414
     -3.448448      6.342133      6.342133     12.684266
     -3.438438      7.362939      7.362939     14.725878
     -3.428428      8.831791      8.831791     17.663583
     -3.418418     10.374501     10.374501     20.749003
     -3.408408     11.642262     11.642262     23.284524
     -3.398398     12.439540     12.439540     24.879079
     -3.388388     12.814761     12.814761     25.629521
     -3.378378     13.070228     13.070228     26.140455
     -3.368368     13.677803     13.677803     27.355606
     -3.358358     15.127262     15.127262     30.254523
     -3.348348     17.760491     17.760491     35.520983
     -3.338338     21.643383     21.643383     43.286766
     -3.328328     26.506372     26.506372     53.012744
     -3.318318     31.764028     31.764028     63.528057
     -3.308308     36.614859     36.614859     73.229719
     -3.298298     40.215401     40.215401     80.430802
     -3.288288     41.900650     41.900650     83.801299
     -3.278278     41.386219     41.386219     82.772438
     -3.268268     38.864764     38.864764     77.729527
     -3.258258     34.934913     34.934913     69.869826
     -3.248248     30.378160     30.378160     60.756319
     -3.238238     25.883990     25.883990     51.767980
     -3.228228     21.855087     21.855087     43.710174
     -3.218218     18.376078     18.376078     36.752157
     -3.208208     15.333502     15.333502     30.667004
     -3.198198     12.597377     12.597377     25.194754
     -3.188188     10.162550     10.162550     20.325100
     -3.178178      8.195641      8.195641     16.391281
     -3.168168      6.996022      6.996022     13.992045
     -3.158158      6.912952      6.912952     13.825905
     -3.148148      8.254710      8.254710     16.509419
     -3.138138     11.201528     11.201528     22.403056
     -3.128128     15.722090     15.722090     31.444181
     -3.118118     21.504958     21.504958     43.009915
     -3.108108     27.937588     27.937588     55.875176
     -3.098098     34.171054     34.171054     68.342108
     -3.088088     39.282911     39.282911     78.565822
     -3.078078     42.502180     42.502180     85.004360
     -3.068068     43.417028     43.417028     86.834056
     -3.058058     42.077429     42.077429     84.154858
     -3.048048     38.944016     38.944016     77.888032
     -3.038038     34.704458     34.704458     69.408916
     -3.028028     30.042485     30.042485     60.084970
     -3.018018     25.464440     25.464440     50.928879
     -3.008008     21.251084     21.251084     42.502168
     -2.997998     17.530960     17.530960     35.061919
     -2.987988     14.409854     14.409854     28.819708
     -2.977978     12.073591     12.073591     24.147183
     -2.967968     10.810441     10.810441     21.620882
     -2.957958     10.947994     10.947994     21.895988
     -2.947948     12.736495     12.736495     25.472991
     -2.937938     16.224171     16.224171     32.448343
     -2.927928     21.167336     21.167336     42.334672
     -2.917918     27.009907     27.009907     54.019814
     -2.907908     32.954343     32.954343     65.908687
     -2.897898     38.122565     38.122565     76.245130
     -2.887888     41.770429     41.770429     83.540857
     -2.877878     43.486183     43.486183     86.972366
     -2.867868     43.293817     43.293817     86.587633
     -2.857858     41.610803     41.610803     83.221605
     -2.847848     39.069998     39.069998     78.139997
     -2.837838     36.279289     36.279289     72.558578
     -2.827828     33.624589     33.624589     67.249178
     -2.817818     31.200797     31.200797     62.401595
     -2.807808     28.889482     28.889482     57.778964
     -2.797798     26.526658     26.526658     53.053315
     -2.787788     24.061343     24.061343     48.122686
     -2.777778     21.619466     21.619466     43.238933
     -2.767768     19.448775     19.448775     38.897550
     -2.757758     17.791824     17.791824     35.583649
     -2.747748     16.773140     16.773140     33.546281
     -2.737738     16.370339     16.370339     32.740678
     -2.727728     16.478464     16.478464     32.956928
     -2.717718     17.011755     17.011755     34.023510
     -2.707708     17.961738     17.961738     35.923475
     -2.697698     19.364096     19.364096     38.728191
     -2.687688     21.197659     21.197659     42.395319
     -2.677678     23.296507     23.296507     46.593015
     -2.667668     25.355790     25.355790     50.711580
     -2.657658     27.048879     27.048879     54.097759
     -2.647648     28.190653     28.190653     56.381306
     -2.637638     28.840456     28.840456     57.680912
     -2.627628     29.271970     29.271970     58.543940
     -2.617618     29.823687     29.823687     59.647374
     -2.607608     30.720092     30.720092     61.440184
     -2.597598     31.965149     31.965149     63.930297
     -2.587588     33.352377     33.352377     66.704754
     -2.577578     34.558494     34.558494     69.116989
     -2.567568     35.249655     35.249655     70.499310
     -2.557558     35.151704     35.151704     70.303407
     -2.547548     34.087313     34.087313     68.174625
     -2.537538     32.012168     32.012168     64.024336
     -2.527528     29.065444     29.065444     58.130888
     -2.517518     25.608344     25.608344     51.216688
     -2.507508     22.201999     22.201999     44.403999
     -2.497497     19.496875     19.496875     38.993750
     -2.487487     18.056368     18.056368     36.112737
     -2.477477     18.181357     18.181357     36.362715
     -2.467467     19.811663     19.811663     39.623326
     -2.457457     22.551001     22.551001     45.102003
     -2.447447     25.810600     25.810600     51.621200
     -2.437437     29.016649     29.016649     58.033299
     -2.427427     31.798215     31.798215     63.596430
     -2.417417     34.076977     34.076977     68.153953
     -2.407407     36.018370     36.018370     72.036739
     -2.397397     37.862676     37.862676     75.725352
     -2.387387     39.711642     39.711642     79.423283
     -2.377377     41.375684     41.375684     82.751369
     -2.367367     42.369698     42.369698     84.739396
     -2.357357     42.080496     42.080496     84.160992
     -2.347347     40.041174     40.041174     80.082348
     -2.337337     36.183959     36.183959     72.367917
     -2.327327     30.945940     30.945940     61.891880
     -2.317317     25.175903     25.175903     50.351806
     -2.307307     19.891455     19.891455     39.782910
     -2.297297     16.000899     16.000899     32.001799
     -2.287287     14.099294     14.099294     28.198589
     -2.277277     14.389263     14.389263     28.778526
     -2.267267     16.711873     16.711873     33.423747
     -2.257257     20.638980     20.638980     41.277961
     -2.247247     25.580882     25.580882     51.161764
     -2.237237     30.882933     30.882933     61.765866
     -2.227227     35.902248     35.902248     71.804496
     -2.217217     40.064697     40.064697     80.129393
     -2.207207     42.907269     42.907269     85.814539
     -2.197197     44.114657     44.114657     88.229315
     -2.187187     43.558014     43.558014     87.116028
     -2.177177     41.332752     41.332752     82.665504
     -2.167167     37.773749     37.773749     75.547499
     -2.157157     33.415583     33.415583     66.831166
     -2.147147     28.879675     28.879675     57.759351
     -2.137137     24.710386     24.710386     49.420771
     -2.127127     21.223963     21.223963     42.447925
     -2.117117     18.443662     18.443662     36.887323
     -2.107107     16.156072     16.156072     32.312144
     -2.097097     14.058587     14.058587     28.117175
     -2.087087     11.919439     11.919439     23.838878
     -2.077077      9.672010      9.672010     19.344021
     -2.067067      7.410811      7.410811     14.821623
     -2.057057      5.313481      5.313481     10.626963
     -2.047047      3.544985      3.544985      7.089969
     -2.037037      2.193604      2.193604      4.387208
     -2.027027      1.257495      1.257495      2.514991
     -2.017017      0.670413      0.670413      1.340826
     -2.007007      0.342194      0.342194      0.684388
     -1.996997      0.194228      0.194228      0.388457
     -1.986987      0.182504      0.182504      0.365008
     -1.976977      0.310674      0.310674      0.621347
     -1.966967      0.638030      0.638030      1.276061
     -1.956957      1.283075      1.283075      2.566151
     -1.946947      2.416465      2.416465      4.832929
     -1.936937      4.232843      4.232843      8.465686
     -1.926927      6.894389      6.894389     13.788779
     -1.916917     10.451896     10.451896     20.903792
     -1.906907     14.767706     14.767706     29.535412
     -1.896897     19.477994     19.477994     38.955988
     -1.886887     24.027583     24.027583     48.055166
     -1.876877     27.784846     27.784846     55.569693
     -1.866867     30.207286     30.207286     60.414572
     -1.856857     30.999746     30.999746     61.999492
     -1.846847     30.203405     30.203405     60.406809
     -1.836837     28.177606     28.177606     56.355212
     -1.826827     25.477386     25.477386     50.954772
     -1.816817     22.670289     22.670289     45.340578
     -1.806807     20.161210     20.161210     40.322420
     -1.796797     18.092740     18.092740     36.185480
     -1.786787     16.357843     16.357843     32.715686
     -1.776777     14.711735     14.711735     29.423470
     -1.766767     12.924197     12.924197     25.848394
     -1.756757     10.898226     10.898226     21.796453
     -1.746747      8.705802      8.705802     17.411603
     -1.736737      6.540721      6.540721     13.081442
     -1.726727      4.630571      4.630571      9.261143
     -1.716717      3.160845      3.160845      6.321691
     -1.706707      2.243101      2.243101      4.486202
     -1.696697      1.924909      1.924909      3.849818
     -1.686687      2.214820      2.214820      4.429640
     -1.676677      3.092660      3.092660      6.185320
     -1.666667      4.491920      4.491920      8.983840
     -1.656657      6.265563      6.265563     12.531126
     -1.646647      8.165108      8.165108     16.330216
     -1.636637      9.863757      9.863757     19.727513
     -1.626627     11.034318     11.034318     22.068636
     -1.616617     11.460826     11.460826     22.921652
     -1.606607     11.138015     11.138015     22.276030
     -1.596597     10.311926     10.311926     20.623851
     -1.586587      9.439164      9.439164     18.878327
     -1.576577      9.075740      9.075740     18.151481
     -1.566567      9.729119      9.729119     19.458238
     -1.556557     11.711708     11.711708     23.423417
     -1.546547     15.028806     15.028806     30.057612
     -1.536537     19.329701     19.329701     38.659403
     -1.526527     23.946449     23.946449     47.892899
     -1.516517     28.029390     28.029390     56.058781
     -1.506507     30.755908     30.755908     61.511817
     -1.496496     31.551657     31.551657     63.103314
     -1.486486     30.246585     30.246585     60.493170
     -1.476476     27.108443     27.108443     54.216886
     -1.466466     22.746821     22.746821     45.493643
     -1.456456     17.933405     17.933405     35.866810
     -1.446446     13.410710     13.410710     26.821419
     -1.436436      9.751339      9.751339     19.502677
     -1.426426      7.294063      7.294063     14.588126
     -1.416416      6.145246      6.145246     12.290492
     -1.406406      6.214828      6.214828     12.429656
     -1.396396      7.261536      7.261536     14.523072
     -1.386386      8.941675      8.941675     17.883350
     -1.376376     10.870129     10.870129     21.740258
     -1.366366     12.697095     12.697095     25.394190
     -1.356356     14.183412     14.183412     28.366824
     -1.346346     15.241491     15.241491     30.482982
     -1.336336     15.917704     15.917704     31.835408
     -1.326326     16.324993     16.324993     32.649987
     -1.316316     16.566820     16.566820     33.133641
     -1.306306     16.696774     16.696774     33.393548
     -1.296296     16.726913     16.726913     33.453827
     -1.286286     16.658128     16.658128     33.316256
     -1.276276     16.492505     16.492505     32.985011
     -1.266266     16.212470     16.212470     32.424940
     -1.256256     15.750582     15.750582     31.501164
     -1.246246     14.990173     14.990173     29.980346
     -1.236236     13.814487     13.814487     27.628975
     -1.226226     12.180437     12.180437     24.360873
     -1.216216     10.168993     10.168993     20.337986
     -1.206206      7.977753      7.977753     15.955505
     -1.196196      5.859944      5.859944     11.719888
     -1.186186      4.047044      4.047044      8.094089
     -1.176176      2.696676      2.696676      5.393352
     -1.166166      1.885157      1.885157      3.770313
     -1.156156      1.634199      1.634199      3.268397
     -1.146146      1.943193      1.943193      3.886387
     -1.136136      2.799946      2.799946      5.599891
     -1.126126      4.159631      4.159631      8.319262
     -1.116116      5.904359      5.904359     11.808718
     -1.106106      7.812916      7.812916     15.625833
     -1.096096      9.572198      9.572198     19.144396
     -1.086086     10.844120     10.844120     21.688240
     -1.076076     11.370882     11.370882     22.741765
     -1.066066     11.074638     11.074638     22.149275
     -1.056056     10.103204     10.103204     20.206409
     -1.046046      8.796347      8.796347     17.592695
     -1.036036      7.583645      7.583645     15.167291
     -1.026026      6.852908      6.852908     13.705816
     -1.016016      6.834324      6.834324     13.668649
     -1.006006      7.533717      7.533717     15.067435
     -0.995996      8.730877      8.730877     17.461753
     -0.985986     10.043330     10.043330     20.086660
     -0.975976     11.040401     11.040401     22.080803
     -0.965966     11.374978     11.374978     22.749956
     -0.955956     10.887995     10.887995     21.775990
     -0.945946      9.645672      9.645672     19.291344
     -0.935936      7.896485      7.896485     15.792971
     -0.925926      5.971314      5.971314     11.942627
     -0.915916      4.174332      4.174332      8.348664
     -0.905906      2.709794      2.709794      5.419588
     -0.895896      1.665197      1.665197      3.330395
     -0.885886      1.042113      1.042113      2.084227
     -0.875876      0.808359      0.808359      1.616717
     -0.865866      0.943753      0.943753      1.887505
     -0.855856      1.460573      1.460573      2.921145
     -0.845846      2.391449      2.391449      4.782899
     -0.835836      3.748880      3.748880      7.497759
     -0.825826      5.472127      5.472127     10.944253
     -0.815816      7.387415      7.387415     14.774830
     -0.805806      9.209235      9.209235     18.418470
     -0.795796     10.597163     10.597163     21.194327
     -0.785786     11.255215     11.255215     22.510429
     -0.775776     11.033354     11.033354     22.066708
     -0.765766      9.982738      9.982738     19.965476
     -0.755756      8.336488      8.336488     16.672975
     -0.745746      6.425756      6.425756     12.851512
     -0.735736      4.572483      4.572483      9.144965
     -0.725726      3.006394      3.006394      6.012788
     -0.715716      1.834075      1.834075      3.668150
     -0.705706      1.058588      1.058588      2.117176
     -0.695696      0.627693      0.627693      1.255386
     -0.685686      0.484953      0.484953      0.969905
     -0.675676      0.605926      0.605926      1.211853
     -0.665666      1.011534      1.011534      2.023069
     -0.655656      1.756686      1.756686      3.513371
     -0.645646      2.895755      2.895755      5.791510
     -0.635636      4.432172      4.432172      8.864343
     -0.625626      6.269061      6.269061     12.538122
     -0.615616      8.186319      8.186319     16.372638
     -0.605606      9.867005      9.867005     19.734010
     -0.595596     10.976750     10.976750     21.953500
     -0.585586     11.270679     11.270679     22.541358
     -0.575576     10.681038     10.681038     21.362075
     -0.565566      9.342513      9.342513     18.685026
     -0.555556      7.542248      7.542248     15.084497
     -0.545546      5.619851      5.619851     11.239702
     -0.535536      3.864877      3.864877      7.729753
     -0.525526      2.453202      2.453202      4.906404
     -0.515516      1.437202      1.437202      2.874404
     -0.505506      0.777122      0.777122      1.554244
     -0.495495      0.387835      0.387835      0.775671
     -0.485485      0.178646      0.178646      0.357291
     -0.475475      0.075949      0.075949      0.151899
     -0.465465      0.029802      0.029802      0.059604
     -0.455455      0.010793      0.010793      0.021586
     -0.445445      0.003608      0.003608      0.007216
     -0.435435      0.001114      0.001114      0.002227
     -0.425425      0.000320      0.000320      0.000640
     -0.415415      0.000097      0.000097      0.000194
     -0.405405      0.000078      0.000078      0.000156
     -0.395395      0.000230      0.000230      0.000460
     -0.385385      0.000809      0.000809      0.001619
     -0.375375      0.002676      0.002676      0.005352
     -0.365365      0.008175      0.008175      0.016350
     -0.355355      0.023048      0.023048      0.046097
     -0.345345      0.059978      0.059978      0.119957
     -0.335335      0.144057      0.144057      0.288115
     -0.325325      0.319348      0.319348      0.638695
     -0.315315      0.653399      0.653399      1.306797
     -0.305305      1.233899      1.233899      2.467799
     -0.295295      2.150642      2.150642      4.301284
     -0.285285      3.459739      3.459739      6.919478
     -0.275275      5.136951      5.136951     10.273903
     -0.265265      7.039704      7.039704     14.079407
     -0.255255      8.904103      8.904103     17.808205
     -0.245245     10.394720     10.394720     20.789440
     -0.235235     11.200110     11.200110     22.400219
     -0.225225     11.138292     11.138292     22.276584
     -0.215215     10.223551     10.223551     20.447103
     -0.205205      8.661075      8.661075     17.322151
     -0.195195      6.772183      6.772183     13.544366
     -0.185185      4.887339      4.887339      9.774677
     -0.175175      3.255390      3.255390      6.510780
     -0.165165      2.001338      2.001338      4.002676
     -0.155155      1.135598      1.135598      2.271197
     -0.145145      0.594725      0.594725      1.189449
     -0.135135      0.287471      0.287471      0.574942
     -0.125125      0.128250      0.128250      0.256501
     -0.115115      0.052809      0.052809      0.105619
     -0.105105      0.020070      0.020070      0.040140
     -0.095095      0.007040      0.007040      0.014080
     -0.085085      0.002279      0.002279      0.004558
     -0.075075      0.000681      0.000681      0.001362
     -0.065065      0.000188      0.000188      0.000376
     -0.055055      0.000048      0.000048      0.000096
     -0.045045      0.000011      0.000011      0.000022
     -0.035035      0.000002      0.000002      0.000005
     -0.025025      0.000000      0.000000      0.000001
     -0.015015      0.000000      0.000000      0.000000
     -0.005005      0.000000      0.000000      0.000000
      0.005005      0.000000      0.000000      0.000000
      0.015015      0.000000      0.000000      0.000000
      0.025025      0.000000      0.000000      0.000001
      0.035035      0.000002      0.000002      0.000005
      0.045045      0.000011      0.000011      0.000022
      0.055055      0.000048      0.000048      0.000096
      0.065065      0.000188      0.000188      0.000376
      0.075075      0.000681      0.000681      0.001362
      0.085085      0.002279      0.002279      0.004558
      0.095095      0.007040      0.007040      0.014080
      0.105105      0.020070      0.020070      0.040140
      0.115115      0.052809      0.052809      0.105618
      0.125125      0.128250      0.128250      0.256500
      0.135135      0.287470      0.287470      0.574941
      0.145145      0.594724      0.594724      1.189447
      0.155155      1.135597      1.135597      2.271194
      0.165165      2.001336      2.001336      4.002672
      0.175175      3.255387      3.255387      6.510774
      0.185185      4.887335      4.887335      9.774670
      0.195195      6.772179      6.772179     13.544358
      0.205205      8.661072      8.661072     17.322143
      0.215215     10.223549     10.223549     20.447097
      0.225225     11.138291     11.138291     22.276582
      0.235235     11.200110     11.200110     22.400221
      0.245245     10.394722     10.394722     20.789444
      0.255255      8.904106      8.904106     17.808212
      0.265265      7.039708      7.039708     14.079415
      0.275275      5.136955      5.136955     10.273910
      0.285285      3.459742      3.459742      6.919484
      0.295295      2.150644      2.150644      4.301289
      0.305305      1.233901      1.233901      2.467802
      0.315315      0.653400      0.653400      1.306799
      0.325325      0.319348      0.319348      0.638696
      0.335335      0.144058      0.144058      0.288115
      0.345345      0.059978      0.059978      0.119957
      0.355355      0.023048      0.023048      0.046097
      0.365365      0.008175      0.008175      0.016350
      0.375375      0.002677      0.002677      0.005354
      0.385385      0.000814      0.000814      0.001627
      0.395395      0.000248      0.000248      0.000497
      0.405405      0.000152      0.000152      0.000303
      0.415415      0.000368      0.000368      0.000736
      0.425425      0.001238      0.001238      0.002476
      0.435435      0.003976      0.003976      0.007952
      0.445445      0.011812      0.011812      0.023624
      0.455455      0.032391      0.032391      0.064782
      0.465465      0.081983      0.081983      0.163966
      0.475475      0.191518      0.191518      0.383036
      0.485485      0.412934      0.412934      0.825868
      0.495495      0.821748      0.821748      1.643496
      0.505506      1.509328      1.509328      3.018656
      0.515516      2.558677      2.558677      5.117354
      0.525526      4.003448      4.003448      8.006896
      0.535536      5.781489      5.781489     11.562979
      0.545546      7.706057      7.706057     15.412114
      0.555556      9.480074      9.480074     18.960148
      0.565566     10.764129     10.764129     21.528258
      0.575576     11.280697     11.280697     22.561395
      0.585586     10.911674     10.911674     21.823349
      0.595596      9.742662      9.742662     19.485323
      0.605606      8.031893      8.031893     16.063786
      0.615616      6.120414      6.120414     12.240827
      0.625626      4.328491      4.328491      8.656982
      0.635636      2.884268      2.884268      5.768536
      0.645646      1.906906      1.906906      3.813811
      0.655656      1.435419      1.435419      2.870838
      0.665666      1.474062      1.474062      2.948124
      0.675676      2.022934      2.022934      4.045867
      0.685686      3.075325      3.075325      6.150650
      0.695696      4.583504      4.583504      9.167008
      0.705706      6.414285      6.414285     12.828571
      0.715716      8.326912      8.326912     16.653824
      0.725726     10.001021     10.001021     20.002043
      0.735736     11.119652     11.119652     22.239303
      0.745746     11.480291     11.480291     22.960582
      0.755756     11.084308     11.084308     22.168617
      0.765766     10.157944     10.157944     20.315888
      0.775776      9.087306      9.087306     18.174612
      0.785786      8.289059      8.289059     16.578118
      0.795796      8.066175      8.066175     16.132349
      0.805806      8.502501      8.502501     17.005001
      0.815816      9.433615      9.433615     18.867231
      0.825826     10.503999     10.503999     21.007998
      0.835836     11.290694     11.290694     22.581389
      0.845846     11.448794     11.448794     22.897588
      0.855856     10.823744     10.823744     21.647487
      0.865866      9.487865      9.487865     18.975729
      0.875876      7.691928      7.691928     15.383856
      0.885886      5.760825      5.760825     11.521650
      0.895896      3.983798      3.983798      7.967596
      0.905906      2.543182      2.543182      5.086363
      0.915916      1.498637      1.498637      2.997273
      0.925926      0.815341      0.815341      1.630681
      0.935936      0.410229      0.410229      0.820457
      0.945946      0.193108      0.193108      0.386215
      0.955956      0.091682      0.091682      0.183365
      0.965966      0.061355      0.061355      0.122710
      0.975976      0.086583      0.086583      0.173165
      0.985986      0.180425      0.180425      0.360850
      0.995996      0.385054      0.385054      0.770107
      1.006006      0.771007      0.771007      1.542014
      1.016016      1.428998      1.428998      2.857996
      1.026026      2.447649      2.447649      4.895298
      1.036036      3.875996      3.875996      7.751991
      1.046046      5.680955      5.680955     11.361909
      1.056056      7.721731      7.721731     15.443461
      1.066066      9.765321      9.765321     19.530642
      1.076076     11.551904     11.551904     23.103808
      1.086086     12.889429     12.889429     25.778857
      1.096096     13.731034     13.731034     27.462068
      1.106106     14.188835     14.188835     28.377669
      1.116116     14.470462     14.470462     28.940924
      1.126126     14.772223     14.772223     29.544446
      1.136136     15.191045     15.191045     30.382090
      1.146146     15.703445     15.703445     31.406889
      1.156156     16.212483     16.212483     32.424967
      1.166166     16.619063     16.619063     33.238126
      1.176176     16.866299     16.866299     33.732598
      1.186186     16.938190     16.938190     33.876381
      1.196196     16.835522     16.835522     33.671043
      1.206206     16.565601     16.565601     33.131202
      1.216216     16.158051     16.158051     32.316103
      1.226226     15.682567     15.682567     31.365134
      1.236236     15.233556     15.233556     30.467113
      1.246246     14.873977     14.873977     29.747955
      1.256256     14.572526     14.572526     29.145052
      1.266266     14.185898     14.185898     28.371796
      1.276276     13.512598     13.512598     27.025195
      1.286286     12.395386     12.395386     24.790772
      1.296296     10.814887     10.814887     21.629773
      1.306306      8.923266      8.923266     17.846531
      1.316316      7.006962      7.006962     14.013923
      1.326326      5.408991      5.408991     10.817982
      1.336336      4.454993      4.454993      8.909987
      1.346346      4.408082      4.408082      8.816165
      1.356356      5.445909      5.445909     10.891818
      1.366366      7.635975      7.635975     15.271950
      1.376376     10.895342     10.895342     21.790685
      1.386386     14.949315     14.949315     29.898631
      1.396396     19.326115     19.326115     38.652231
      1.406406     23.419348     23.419348     46.838695
      1.416416     26.615498     26.615498     53.230995
      1.426426     28.442215     28.442215     56.884429
      1.436436     28.675759     28.675759     57.351518
      1.446446     27.367171     27.367171     54.734342
      1.456456     24.790987     24.790987     49.581974
      1.466466     21.355164     21.355164     42.710327
      1.476476     17.514797     17.514797     35.029594
      1.486486     13.711121     13.711121     27.422242
      1.496496     10.334143     10.334143     20.668285
      1.506507      7.698600      7.698600     15.397199
      1.516517      6.026796      6.026796     12.053593
      1.526527      5.436899      5.436899     10.873798
      1.536537      5.935861      5.935861     11.871721
      1.546547      7.416315      7.416315     14.832629
      1.556557      9.661121      9.661121     19.322243
      1.566567     12.364716     12.364716     24.729433
      1.576577     15.178949     15.178949     30.357898
      1.586587     17.779945     17.779945     35.559889
      1.596597     19.938716     19.938716     39.877431
      1.606607     21.572309     21.572309     43.144617
      1.616617     22.757958     22.757958     45.515917
      1.626627     23.704509     23.704509     47.409017
      1.636637     24.686169     24.686169     49.372339
      1.646647     25.952196     25.952196     51.904392
      1.656657     27.635106     27.635106     55.270212
      1.666667     29.688552     29.688552     59.377104
      1.676677     31.885689     31.885689     63.771379
      1.686687     33.890881     33.890881     67.781762
      1.696697     35.383159     35.383159     70.766318
      1.706707     36.175505     36.175505     72.351009
      1.716717     36.264882     36.264882     72.529765
      1.726727     35.780152     35.780152     71.560304
      1.736737     34.857776     34.857776     69.715552
      1.746747     33.529048     33.529048     67.058096
      1.756757     31.703947     31.703947     63.407893
      1.766767     29.275331     29.275331     58.550661
      1.776777     26.281621     26.281621     52.563241
      1.786787     23.018126     23.018126     46.036252
      1.796797     20.012250     20.012250     40.024501
      1.806807     17.857609     17.857609     35.715218
      1.816817     16.982293     16.982293     33.964586
      1.826827     17.460397     17.460397     34.920795
      1.836837     18.953252     18.953252     37.906505
      1.846847     20.808399     20.808399     41.616799
      1.856857     22.279794     22.279794     44.559588
      1.866867     22.785074     22.785074     45.570147
      1.876877     22.100111     22.100111     44.200222
      1.886887     20.414710     20.414710     40.829419
      1.896897     18.230273     18.230273     36.460546
      1.906907     16.147937     16.147937     32.295873
      1.916917     14.642486     14.642486     29.284973
      1.926927     13.919978     13.919978     27.839957
      1.936937     13.913531     13.913531     27.827061
      1.946947     14.402904     14.402904     28.805809
      1.956957     15.182330     15.182330     30.364659
      1.966967     16.178427     16.178427     32.356853
      1.976977     17.450361     17.450361     34.900722
      1.986987     19.075187     19.075187     38.150374
      1.996997     20.994914     20.994914     41.989828
      2.007007     22.932515     22.932515     45.865030
      2.017017     24.447347     24.447347     48.894694
      2.027027     25.113663     25.113663     50.227326
      2.037037     24.723064     24.723064     49.446129
      2.047047     23.389198     23.389198     46.778397
      2.057057     21.489120     21.489120     42.978240
      2.067067     19.475010     19.475010     38.950019
      2.077077     17.666904     17.666904     35.333807
      2.087087     16.142499     16.142499     32.284998
      2.097097     14.774915     14.774915     29.549830
      2.107107     13.380416     13.380416     26.760831
      2.117117     11.882530     11.882530     23.765061
      2.127127     10.404489     10.404489     20.808979
      2.137137      9.253686      9.253686     18.507371
      2.147147      8.820173      8.820173     17.640347
      2.157157      9.442632      9.442632     18.885264
      2.167167     11.292371     11.292371     22.584741
      2.177177     14.304094     14.304094     28.608188
      2.187187     18.161253     18.161253     36.322505
      2.197197     22.333344     22.333344     44.666688
      2.207207     26.159623     26.159623     52.319245
      2.217217     28.970198     28.970198     57.940396
      2.227227     30.226269     30.226269     60.452538
      2.237237     29.648034     29.648034     59.296069
      2.247247     27.290349     27.290349     54.580697
      2.257257     23.533443     23.533443     47.066887
      2.267267     18.983280     18.983280     37.966559
      2.277277     14.313589     14.313589     28.627178
      2.287287     10.108574     10.108574     20.217149
      2.297297      6.763974      6.763974     13.527948
      2.307307      4.474322      4.474322      8.948643
      2.317317      3.293365      3.293365      6.586730
      2.327327      3.224912      3.224912      6.449824
      2.337337      4.294935      4.294935      8.589870
      2.347347      6.570178      6.570178     13.140355
      2.357357     10.113428     10.113428     20.226856
      2.367367     14.891213     14.891213     29.782425
      2.377377     20.670016     20.670016     41.340032
      2.387387     26.948026     26.948026     53.896051
      2.397397     32.966351     32.966351     65.932701
      2.407407     37.822593     37.822593     75.645185
      2.417417     40.671902     40.671902     81.343805
      2.427427     40.957659     40.957659     81.915318
      2.437437     38.586801     38.586801     77.173603
      2.447447     33.974126     33.974126     67.948251
      2.457457     27.929518     27.929518     55.859035
      2.467467     21.430537     21.430537     42.861074
      2.477477     15.372610     15.372610     30.745219
      2.487487     10.391672     10.391672     20.783344
      2.497497      6.809957      6.809957     13.619914
      2.507508      4.693286      4.693286      9.386572
      2.517518      3.963066      3.963066      7.926131
      2.527528      4.497507      4.497507      8.995014
      2.537538      6.180135      6.180135     12.360270
      2.547548      8.890128      8.890128     17.780257
      2.557558     12.458434     12.458434     24.916868
      2.567568     16.624941     16.624941     33.249881
      2.577578     21.025473     21.025473     42.050947
      2.587588     25.221060     25.221060     50.442119
      2.597598     28.765135     28.765135     57.530270
      2.607608     31.291902     31.291902     62.583804
      2.617618     32.600936     32.600936     65.201872
      2.627628     32.709819     32.709819     65.419638
      2.637638     31.852537     31.852537     63.705074
      2.647648     30.420263     30.420263     60.840526
      2.657658     28.866685     28.866685     57.733369
      2.667668     27.616014     27.616014     55.232029
      2.677678     27.005078     27.005078     54.010157
      2.687688     27.265332     27.265332     54.530664
      2.697698     28.525192     28.525192     57.050384
      2.707708     30.805445     30.805445     61.610890
      2.717718     33.993681     33.993681     67.987362
      2.727728     37.807363     37.807363     75.614727
      2.737738     41.775828     41.775828     83.551657
      2.747748     45.278124     45.278124     90.556249
      2.757758     47.658369     47.658369     95.316739
      2.767768     48.402453     48.402453     96.804907
      2.777778     47.314346     47.314346     94.628692
      2.787788     44.606764     44.606764     89.213529
      2.797798     40.845327     40.845327     81.690654
      2.807808     36.754048     36.754048     73.508096
      2.817818     32.964541     32.964541     65.929082
      2.827828     29.823111     29.823111     59.646223
      2.837838     27.337808     27.337808     54.675616
      2.847848     25.273257     25.273257     50.546514
      2.857858     23.330777     23.330777     46.661555
      2.867868     21.321087     21.321087     42.642174
      2.877878     19.253621     19.253621     38.507243
      2.887888     17.313210     17.313210     34.626420
      2.897898     15.747758     15.747758     31.495516
      2.907908     14.729409     14.729409     29.458818
      2.917918     14.261751     14.261751     28.523502
      2.927928     14.180578     14.180578     28.361156
      2.937938     14.244343     14.244343     28.488686
      2.947948     14.258752     14.258752     28.517504
      2.957958     14.159518     14.159518     28.319036
      2.967968     14.003997     14.003997     28.007994
      2.977978     13.881530     13.881530     27.763060
      2.987988     13.805533     13.805533     27.611065
      2.997998     13.661558     13.661558     27.323116
      3.008008     13.247355     13.247355     26.494711
      3.018018     12.380477     12.380477     24.760954
      3.028028     11.007852     11.007852     22.015704
      3.038038      9.255579      9.255579     18.511159
      3.048048      7.398200      7.398200     14.796400
      3.058058      5.772675      5.772675     11.545351
      3.068068      4.682856      4.682856      9.365712
      3.078078      4.328690      4.328690      8.657381
      3.088088      4.768555      4.768555      9.537110
      3.098098      5.906783      5.906783     11.813567
      3.108108      7.501648      7.501648     15.003295
      3.118118      9.201464      9.201464     18.402927
      3.128128     10.619328     10.619328     21.238656
      3.138138     11.440757     11.440757     22.881515
      3.148148     11.532611     11.532611     23.065223
      3.158158     11.007010     11.007010     22.014019
      3.168168     10.205099     10.205099     20.410198
      3.178178      9.598150      9.598150     19.196301
      3.188188      9.638114      9.638114     19.276228
      3.198198     10.608007     10.608007     21.216015
      3.208208     12.519476     12.519476     25.038953
      3.218218     15.088016     15.088016     30.176032
      3.228228     17.794580     17.794580     35.589161
      3.238238     20.019467     20.019467     40.038933
      3.248248     21.212060     21.212060     42.424121
      3.258258     21.044283     21.044283     42.088565
      3.268268     19.496124     19.496124     38.992248
      3.278278     16.843991     16.843991     33.687982
      3.288288     13.559921     13.559921     27.119842
      3.298298     10.164487     10.164487     20.328973
      3.308308      7.090501      7.090501     14.181002
      3.318318      4.602313      4.602313      9.204626
      3.328328      2.785544      2.785544      5.571088
      3.338338      1.592228      1.592228      3.184456
      3.348348      0.910600      0.910600      1.821200
      3.358358      0.630279      0.630279      1.260558
      3.368368      0.685050      0.685050      1.370100
      3.378378      1.067050      1.067050      2.134099
      3.388388      1.812748      1.812748      3.625496
      3.398398      2.964572      2.964572      5.929144
      3.408408      4.517413      4.517413      9.034826
      3.418418      6.368452      6.368452     12.736904
      3.428428      8.296540      8.296540     16.593079
      3.438438      9.993920      9.993920     19.987840
      3.448448     11.152883     11.152883     22.305767
      3.458458     11.579566     11.579566     23.159133
      3.468468     11.284674     11.284674     22.569349
      3.478478     10.503578     10.503578     21.007156
      3.488488      9.628344      9.628344     19.256688
      3.498498      9.075858      9.075858     18.151715
      3.508509      9.146175      9.146175     18.292350
      3.518519      9.928674      9.928674     19.857349
      3.528529     11.290773     11.290773     22.581546
      3.538539     12.946762     12.946762     25.893524
      3.548549     14.569325     14.569325     29.138650
      3.558559     15.889618     15.889618     31.779237
      3.568569     16.743387     16.743387     33.486773
      3.578579     17.056066     17.056066     34.112133
      3.588589     16.797917     16.797917     33.595834
      3.598599     15.954334     15.954334     31.908669
      3.608609     14.536145     14.536145     29.072289
      3.618619     12.616530     12.616530     25.233060
      3.628629     10.356620     10.356620     20.713240
      3.638639      7.989710      7.989710     15.979420
      3.648649      5.765688      5.765688     11.531376
      3.658659      3.885720      3.885720      7.771440
      3.668669      2.462050      2.462050      4.924100
      3.678679      1.519510      1.519510      3.039020
      3.688689      1.030663      1.030663      2.061325
      3.698699      0.961249      0.961249      1.922498
      3.708709      1.301730      1.301730      2.603460
      3.718719      2.069535      2.069535      4.139071
      3.728729      3.279393      3.279393      6.558787
      3.738739      4.892861      4.892861      9.785722
      3.748749      6.770721      6.770721     13.541442
      3.758759      8.657707      8.657707     17.315414
      3.768769     10.220680     10.220680     20.441360
      3.778779     11.137118     11.137118     22.274235
      3.788789     11.201074     11.201074     22.402148
      3.798799     10.397647     10.397647     20.795293
      3.808809      8.908359      8.908359     17.816718
      3.818819      7.044454      7.044454     14.088907
      3.828829      5.141430      5.141430     10.282860
      3.838839      3.463445      3.463445      6.926890
      3.848849      2.153405      2.153405      4.306809
      3.858859      1.235868      1.235868      2.471736
      3.868869      0.655085      0.655085      1.310170
      3.878879      0.321973      0.321973      0.643945
      3.888889      0.150682      0.150682      0.301364
      3.898899      0.078307      0.078307      0.156615
      3.908909      0.071391      0.071391      0.142782
      3.918919      0.126519      0.126519      0.253039
      3.928929      0.270459      0.270459      0.540918
      3.938939      0.560664      0.560664      1.121327
      3.948949      1.082191      1.082191      2.164382
      3.958959      1.934492      1.934492      3.868984
      3.968969      3.203819      3.203819      6.407638
      3.978979      4.925294      4.925294      9.850589
      3.988989      7.050172      7.050172     14.100344
      3.998999      9.440236      9.440236     18.880472
      4.009009     11.903479     11.903479     23.806959
      4.019019     14.261790     14.261790     28.523581
      4.029029     16.415072     16.415072     32.830145
      4.039039     18.358388     18.358388     36.716775
      4.049049     20.132411     20.132411     40.264821
      4.059059     21.732402     21.732402     43.464804
      4.069069     23.036305     23.036305     46.072610
      4.079079     23.809542     23.809542     47.619085
      4.089089     23.799833     23.799833     47.599665
      4.099099     22.877469     22.877469     45.754939
      4.109109     21.143130     21.143130     42.286260
      4.119119     18.938153     18.938153     37.876307
      4.129129     16.743207     16.743207     33.486413
      4.139139     15.010526     15.010526     30.021052
      4.149149     14.010190     14.010190     28.020380
      4.159159     13.764463     13.764463     27.528926
      4.169169     14.099556     14.099556     28.199112
      4.179179     14.783246     14.783246     29.566493
      4.189189     15.670813     15.670813     31.341626
      4.199199     16.776800     16.776800     33.553600
      4.209209     18.232043     18.232043     36.464085
      4.219219     20.152498     20.152498     40.304996
      4.229229     22.499190     22.499190     44.998379
      4.239239     25.013814     25.013814     50.027628
      4.249249     27.269173     27.269173     54.538347
      4.259259     28.807853     28.807853     57.615705
      4.269269     29.298603     29.298603     58.597205
      4.279279     28.641303     28.641303     57.282606
      4.289289     26.988029     26.988029     53.976058
      4.299299     24.688808     24.688808     49.377615
      4.309309     22.192198     22.192198     44.384397
      4.319319     19.932511     19.932511     39.865021
      4.329329     18.231917     18.231917     36.463835
      4.339339     17.244661     17.244661     34.489322
      4.349349     16.963480     16.963480     33.926960
      4.359359     17.283999     17.283999     34.567999
      4.369369     18.087927     18.087927     36.175853
      4.379379     19.287532     19.287532     38.575063
      4.389389     20.796013     20.796013     41.592027
      4.399399     22.444445     22.444445     44.888890
      4.409409     23.916284     23.916284     47.832568
      4.419419     24.771820     24.771820     49.543641
      4.429429     24.578848     24.578848     49.157697
      4.439439     23.090064     23.090064     46.180129
      4.449449     20.368322     20.368322     40.736644
      4.459459     16.787818     16.787818     33.575637
      4.469469     12.912513     12.912513     25.825025
      4.479479      9.320295      9.320295     18.640591
      4.489489      6.459597      6.459597     12.919194
      4.499499      4.590387      4.590387      9.180774
      4.509510      3.805334      3.805334      7.610668
      4.519520      4.087783      4.087783      8.175565
      4.529530      5.359952      5.359952     10.719903
      4.539540      7.499667      7.499667     14.999335
      4.549550     10.334048     10.334048     20.668096
      4.559560     13.633248     13.633248     27.266497
      4.569570     17.120482     17.120482     34.240965
      4.579580     20.496591     20.496591     40.993183
      4.589590     23.466304     23.466304     46.932608
      4.599600     25.759446     25.759446     51.518893
      4.609610     27.156285     27.156285     54.312570
      4.619620     27.532626     27.532626     55.065251
      4.629630     26.924341     26.924341     53.848682
      4.639640     25.581586     25.581586     51.163172
      4.649650     23.965652     23.965652     47.931303
      4.659660     22.656915     22.656915     45.313829
      4.669670     22.186657     22.186657     44.373315
      4.679680     22.851654     22.851654     45.703308
      4.689690     24.588467     24.588467     49.176934
      4.699700     26.963434     26.963434     53.926867
      4.709710     29.287419     29.287419     58.574839
      4.719720     30.816630     30.816630     61.633260
      4.729730     30.972206     30.972206     61.944412
      4.739740     29.508855     29.508855     59.017710
      4.749750     26.582609     26.582609     53.165219
      4.759760     22.701523     22.701523     45.403046
      4.769770     18.580341     18.580341     37.160682
      4.779780     14.949215     14.949215     29.898429
      4.789790     12.377354     12.377354     24.754708
      4.799800     11.162161     11.162161     22.324323
      4.809810     11.308831     11.308831     22.617662
      4.819820     12.594642     12.594642     25.189284
      4.829830     14.684799     14.684799     29.369597
      4.839840     17.249645     17.249645     34.499291
      4.849850     20.034711     20.034711     40.069421
      4.859860     22.861035     22.861035     45.722070
      4.869870     25.575746     25.575746     51.151493
      4.879880     28.005700     28.005700     56.011401
      4.889890     29.961926     29.961926     59.923851
      4.899900     31.297082     31.297082     62.594164
      4.909910     31.966500     31.966500     63.933000
      4.919920     32.031808     32.031808     64.063616
      4.929930     31.589983     31.589983     63.179965
      4.939940     30.675576     30.675576     61.351152
      4.949950     29.213596     29.213596     58.427191
      4.959960     27.067284     27.067284     54.134569
      4.969970     24.154686     24.154686     48.309372
      4.979980     20.556646     20.556646     41.113293
      4.989990     16.544864     16.544864     33.089729
      5.000000     12.512831     12.512831     25.025661
