# EIG2DOS: Utility for SIESTA to obtain the electronic density of states
#  E. Artacho, Apr 1999, A. Garcia, Apr 2012
#  Nick R. Papior, Feb 2017
# ------------------------------------------
# Eigenvalues calculated from a non-polarized calculation
# Eigenvalues read from siesta.EIG
# Kpoint weights read from siesta.KP
# Using smearing parameter:   0.0500
# Using 1000 points in the energy range
# Selected bands: 1 to: 2981
# Emin, Emax in file for selected band(s):    -27.3361498    218.4037130
# Nbands, Nspin, Nk   =   2981     1     1
# E_F                 =    -4.1885 eV --> (shifted to ZERO)
# Broadening          =     0.0500 eV
#
#        E            N(up)  (=)   N(down)         Ntot
     -5.000000     30.639347     30.639347     61.278695
     -4.989990     36.007581     36.007581     72.015163
     -4.979980     41.258069     41.258069     82.516139
     -4.969970     45.473973     45.473973     90.947947
     -4.959960     47.838756     47.838756     95.677513
     -4.949950     47.908540     47.908540     95.817080
     -4.939940     45.765794     45.765794     91.531587
     -4.929930     42.004807     42.004807     84.009615
     -4.919920     37.577260     37.577260     75.154519
     -4.909910     33.571011     33.571011     67.142022
     -4.899900     30.987776     30.987776     61.975552
     -4.889890     30.549396     30.549396     61.098793
     -4.879880     32.540591     32.540591     65.081181
     -4.869870     36.708525     36.708525     73.417050
     -4.859860     42.265399     42.265399     84.530799
     -4.849850     48.038451     48.038451     96.076902
     -4.839840     52.762253     52.762253    105.524506
     -4.829830     55.433841     55.433841    110.867683
     -4.819820     55.601853     55.601853    111.203706
     -4.809810     53.474353     53.474353    106.948707
     -4.799800     49.803766     49.803766     99.607531
     -4.789790     45.601136     45.601136     91.202272
     -4.779780     41.796738     41.796738     83.593477
     -4.769770     38.972149     38.972149     77.944299
     -4.759760     37.245879     37.245879     74.491758
     -4.749750     36.327989     36.327989     72.655977
     -4.739740     35.698171     35.698171     71.396341
     -4.729730     34.825325     34.825325     69.650650
     -4.719720     33.343061     33.343061     66.686122
     -4.709710     31.125333     31.125333     62.250667
     -4.699700     28.258940     28.258940     56.517880
     -4.689690     24.959878     24.959878     49.919757
     -4.679680     21.499655     21.499655     42.999311
     -4.669670     18.184059     18.184059     36.368118
     -4.659660     15.378543     15.378543     30.757087
     -4.649650     13.535194     13.535194     27.070389
     -4.639640     13.169484     13.169484     26.338968
     -4.629630     14.759633     14.759633     29.519265
     -4.619620     18.581218     18.581218     37.162437
     -4.609610     24.529198     24.529198     49.058396
     -4.599600     32.006826     32.006826     64.013651
     -4.589590     39.961073     39.961073     79.922146
     -4.579580     47.101999     47.101999     94.203997
     -4.569570     52.262466     52.262466    104.524933
     -4.559560     54.770589     54.770589    109.541179
     -4.549550     54.674008     54.674008    109.348016
     -4.539540     52.705066     52.705066    105.410132
     -4.529530     49.990403     49.990403     99.980806
     -4.519520     47.625871     47.625871     95.251742
     -4.509510     46.294789     46.294789     92.589577
     -4.499499     46.078585     46.078585     92.157169
     -4.489489     46.515533     46.515533     93.031066
     -4.479479     46.855418     46.855418     93.710836
     -4.469469     46.384816     46.384816     92.769632
     -4.459459     44.686383     44.686383     89.372767
     -4.449449     41.743469     41.743469     83.486938
     -4.439439     37.880874     37.880874     75.761748
     -4.429429     33.604387     33.604387     67.208774
     -4.419419     29.432682     29.432682     58.865363
     -4.409409     25.793678     25.793678     51.587357
     -4.399399     23.000865     23.000865     46.001730
     -4.389389     21.271200     21.271200     42.542401
     -4.379379     20.730398     20.730398     41.460796
     -4.369369     21.381438     21.381438     42.762877
     -4.359359     23.061395     23.061395     46.122790
     -4.349349     25.439112     25.439112     50.878224
     -4.339339     28.088803     28.088803     56.177606
     -4.329329     30.624945     30.624945     61.249890
     -4.319319     32.838317     32.838317     65.676634
     -4.309309     34.762892     34.762892     69.525785
     -4.299299     36.632950     36.632950     73.265901
     -4.289289     38.739651     38.739651     77.479302
     -4.279279     41.241323     41.241323     82.482646
     -4.269269     44.006123     44.006123     88.012246
     -4.259259     46.563102     46.563102     93.126205
     -4.249249     48.205205     48.205205     96.410409
     -4.239239     48.227947     48.227947     96.455895
     -4.229229     46.219061     46.219061     92.438123
     -4.219219     42.272772     42.272772     84.545543
     -4.209209     37.020818     37.020818     74.041635
     -4.199199     31.452204     31.452204     62.904408
     -4.189189     26.595100     26.595100     53.190201
     -4.179179     23.199377     23.199377     46.398754
     -4.169169     21.551164     21.551164     43.102327
     -4.159159     21.480631     21.480631     42.961262
     -4.149149     22.533711     22.533711     45.067422
     -4.139139     24.212884     24.212884     48.425768
     -4.129129     26.174686     26.174686     52.349373
     -4.119119     28.300811     28.300811     56.601623
     -4.109109     30.620269     30.620269     61.240539
     -4.099099     33.130976     33.130976     66.261952
     -4.089089     35.624040     35.624040     71.248079
     -4.079079     37.623683     37.623683     75.247366
     -4.069069     38.503551     38.503551     77.007103
     -4.059059     37.743103     37.743103     75.486205
     -4.049049     35.199212     35.199212     70.398424
     -4.039039     31.247078     31.247078     62.494157
     -4.029029     26.710370     26.710370     53.420740
     -4.019019     22.613169     22.613169     45.226338
     -4.009009     19.873912     19.873912     39.747823
     -3.998999     19.073937     19.073937     38.147875
     -3.988989     20.374616     20.374616     40.749232
     -3.978979     23.574612     23.574612     47.149224
     -3.968969     28.243662     28.243662     56.487323
     -3.958959     33.863300     33.863300     67.726600
     -3.948949     39.934914     39.934914     79.869828
     -3.938939     46.049586     46.049586     92.099172
     -3.928929     51.927226     51.927226    103.854452
     -3.918919     57.422822     57.422822    114.845644
     -3.908909     62.485850     62.485850    124.971700
     -3.898899     67.067900     67.067900    134.135801
     -3.888889     71.005971     71.005971    142.011942
     -3.878879     73.941333     73.941333    147.882666
     -3.868869     75.335802     75.335802    150.671604
     -3.858859     74.607435     74.607435    149.214869
     -3.848849     71.345665     71.345665    142.691331
     -3.838839     65.518354     65.518354    131.036708
     -3.828829     57.578524     57.578524    115.157048
     -3.818819     48.418752     48.418752     96.837504
     -3.808809     39.183529     39.183529     78.367059
     -3.798799     31.003248     31.003248     62.006496
     -3.788789     24.736015     24.736015     49.472029
     -3.778779     20.792077     20.792077     41.584155
     -3.768769     19.082076     19.082076     38.164151
     -3.758759     19.091528     19.091528     38.183057
     -3.748749     20.052606     20.052606     40.105212
     -3.738739     21.165469     21.165469     42.330938
     -3.728729     21.814925     21.814925     43.629850
     -3.718719     21.731510     21.731510     43.463020
     -3.708709     21.057384     21.057384     42.114768
     -3.698699     20.295861     20.295861     40.591722
     -3.688689     20.148906     20.148906     40.297812
     -3.678679     21.278202     21.278202     42.556404
     -3.668669     24.056279     24.056279     48.112558
     -3.658659     28.391827     28.391827     56.783654
     -3.648649     33.701837     33.701837     67.403673
     -3.638639     39.055417     39.055417     78.110833
     -3.628629     43.443819     43.443819     86.887639
     -3.618619     46.073076     46.073076     92.146151
     -3.608609     46.565932     46.565932     93.131863
     -3.598599     45.007740     45.007740     90.015480
     -3.588589     41.847273     41.847273     83.694547
     -3.578579     37.720127     37.720127     75.440254
     -3.568569     33.270398     33.270398     66.540795
     -3.558559     29.016255     29.016255     58.032510
     -3.548549     25.271576     25.271576     50.543152
     -3.538539     22.123128     22.123128     44.246257
     -3.528529     19.465142     19.465142     38.930284
     -3.518519     17.088908     17.088908     34.177815
     -3.508509     14.805003     14.805003     29.610007
     -3.498498     12.554211     12.554211     25.108422
     -3.488488     10.461934     10.461934     20.923869
     -3.478478      8.815112      8.815112     17.630224
     -3.468468      7.973359      7.973359     15.946718
     -3.458458      8.246291      8.246291     16.492582
     -3.448448      9.771619      9.771619     19.543237
     -3.438438     12.425045     12.425045     24.850090
     -3.428428     15.793375     15.793375     31.586749
     -3.418418     19.239827     19.239827     38.479653
     -3.408408     22.068536     22.068536     44.137073
     -3.398398     23.749431     23.749431     47.498863
     -3.388388     24.118578     24.118578     48.237157
     -3.378378     23.460062     23.460062     46.920123
     -3.368368     22.421690     22.421690     44.843379
     -3.358358     21.795427     21.795427     43.590855
     -3.348348     22.254365     22.254365     44.508730
     -3.338338     24.144103     24.144103     48.288206
     -3.328328     27.383401     27.383401     54.766803
     -3.318318     31.477216     31.477216     62.954432
     -3.308308     35.620999     35.620999     71.241999
     -3.298298     38.878224     38.878224     77.756447
     -3.288288     40.413091     40.413091     80.826181
     -3.278278     39.734393     39.734393     79.468786
     -3.268268     36.869478     36.869478     73.738957
     -3.258258     32.381793     32.381793     64.763586
     -3.248248     27.198185     27.198185     54.396371
     -3.238238     22.301845     22.301845     44.603690
     -3.228228     18.417015     18.417015     36.834029
     -3.218218     15.816256     15.816256     31.632513
     -3.208208     14.318823     14.318823     28.637645
     -3.198198     13.459199     13.459199     26.918399
     -3.188188     12.736648     12.736648     25.473297
     -3.178178     11.837803     11.837803     23.675605
     -3.168168     10.753755     10.753755     21.507509
     -3.158158      9.767718      9.767718     19.535436
     -3.148148      9.339776      9.339776     18.679551
     -3.138138      9.941005      9.941005     19.882009
     -3.128128     11.888492     11.888492     23.776984
     -3.118118     15.219504     15.219504     30.439007
     -3.108108     19.632533     19.632533     39.265065
     -3.098098     24.516932     24.516932     49.033864
     -3.088088     29.079426     29.079426     58.158852
     -3.078078     32.545065     32.545065     65.090130
     -3.068068     34.370625     34.370625     68.741250
     -3.058058     34.386768     34.386768     68.773537
     -3.048048     32.806088     32.806088     65.612176
     -3.038038     30.095892     30.095892     60.191785
     -3.028028     26.783642     26.783642     53.567284
     -3.018018     23.294917     23.294917     46.589835
     -3.008008     19.896719     19.896719     39.793438
     -2.997998     16.751286     16.751286     33.502571
     -2.987988     14.022876     14.022876     28.045752
     -2.977978     11.959941     11.959941     23.919881
     -2.967968     10.901845     10.901845     21.803690
     -2.957958     11.206411     11.206411     22.412822
     -2.947948     13.130992     13.130992     26.261984
     -2.937938     16.712820     16.712820     33.425640
     -2.927928     21.690436     21.690436     43.380872
     -2.917918     27.497654     27.497654     54.995307
     -2.907908     33.346482     33.346482     66.692964
     -2.897898     38.391438     38.391438     76.782875
     -2.887888     41.935473     41.935473     83.870946
     -2.877878     43.610132     43.610132     87.220265
     -2.867868     43.458540     43.458540     86.917081
     -2.857858     41.880614     41.880614     83.761228
     -2.847848     39.457405     39.457405     78.914811
     -2.837838     36.728762     36.728762     73.457523
     -2.827828     34.023118     34.023118     68.046235
     -2.817818     31.412660     31.412660     62.825320
     -2.807808     28.801920     28.801920     57.603839
     -2.797798     26.088356     26.088356     52.176711
     -2.787788     23.299219     23.299219     46.598439
     -2.777778     20.629278     20.629278     41.258555
     -2.767768     18.366109     18.366109     36.732218
     -2.757758     16.756434     16.756434     33.512868
     -2.747748     15.899000     15.899000     31.797999
     -2.737738     15.728229     15.728229     31.456457
     -2.727728     16.091671     16.091671     32.183342
     -2.717718     16.861731     16.861731     33.723462
     -2.707708     17.999707     17.999707     35.999414
     -2.697698     19.525054     19.525054     39.050109
     -2.687688     21.413680     21.413680     42.827360
     -2.677678     23.506753     23.506753     47.013506
     -2.667668     25.511746     25.511746     51.023492
     -2.657658     27.115159     27.115159     54.230319
     -2.647648     28.143595     28.143595     56.287191
     -2.637638     28.667543     28.667543     57.335087
     -2.627628     28.974176     28.974176     57.948352
     -2.617618     29.420257     29.420257     58.840513
     -2.607608     30.252288     30.252288     60.504576
     -2.597598     31.494154     31.494154     62.988308
     -2.587588     32.948550     32.948550     65.897099
     -2.577578     34.283914     34.283914     68.567828
     -2.567568     35.140402     35.140402     70.280803
     -2.557558     35.207106     35.207106     70.414212
     -2.547548     34.269727     34.269727     68.539455
     -2.537538     32.255543     32.255543     64.511086
     -2.527528     29.288029     29.288029     58.576058
     -2.517518     25.726192     25.726192     51.452384
     -2.507508     22.143326     22.143326     44.286652
     -2.497497     19.219012     19.219012     38.438024
     -2.487487     17.564641     17.564641     35.129281
     -2.477477     17.543973     17.543973     35.087946
     -2.467467     19.160956     19.160956     38.321912
     -2.457457     22.063409     22.063409     44.126818
     -2.447447     25.666337     25.666337     51.332674
     -2.437437     29.350804     29.350804     58.701608
     -2.427427     32.660798     32.660798     65.321596
     -2.417417     35.415882     35.415882     70.831765
     -2.407407     37.688618     37.688618     75.377235
     -2.397397     39.655261     39.655261     79.310521
     -2.387387     41.392087     41.392087     82.784174
     -2.377377     42.725400     42.725400     85.450800
     -2.367367     43.226285     43.226285     86.452569
     -2.357357     42.371536     42.371536     84.743072
     -2.347347     39.801928     39.801928     79.603856
     -2.337337     35.549492     35.549492     71.098983
     -2.327327     30.116221     30.116221     60.232442
     -2.317317     24.364300     24.364300     48.728599
     -2.307307     19.274407     19.274407     38.548814
     -2.297297     15.684456     15.684456     31.368913
     -2.287287     14.109184     14.109184     28.218369
     -2.277277     14.681953     14.681953     29.363907
     -2.267267     17.199103     17.199103     34.398205
     -2.257257     21.217165     21.217165     42.434330
     -2.247247     26.157163     26.157163     52.314325
     -2.237237     31.390764     31.390764     62.781528
     -2.227227     36.302760     36.302760     72.605519
     -2.217217     40.336118     40.336118     80.672236
     -2.207207     43.030739     43.030739     86.061477
     -2.197197     44.066586     44.066586     88.133172
     -2.187187     43.314722     43.314722     86.629444
     -2.177177     40.884878     40.884878     81.769756
     -2.167167     37.141320     37.141320     74.282640
     -2.157157     32.654001     32.654001     65.308002
     -2.147147     28.072616     28.072616     56.145231
     -2.137137     23.953970     23.953970     47.907940
     -2.127127     20.612524     20.612524     41.225048
     -2.117117     18.067717     18.067717     36.135435
     -2.107107     16.117784     16.117784     32.235568
     -2.097097     14.501355     14.501355     29.002710
     -2.087087     13.059016     13.059016     26.118032
     -2.077077     11.809441     11.809441     23.618882
     -2.067067     10.906283     10.906283     21.812566
     -2.057057     10.509430     10.509430     21.018861
     -2.047047     10.648101     10.648101     21.296202
     -2.037037     11.152385     11.152385     22.304770
     -2.027027     11.689485     11.689485     23.378969
     -2.017017     11.885295     11.885295     23.770589
     -2.007007     11.470062     11.470062     22.940123
     -1.996997     10.378950     10.378950     20.757899
     -1.986987      8.766456      8.766456     17.532912
     -1.976977      6.940204      6.940204     13.880409
     -1.966967      5.257050      5.257050     10.514101
     -1.956957      4.032313      4.032313      8.064626
     -1.946947      3.491307      3.491307      6.982613
     -1.936937      3.759895      3.759895      7.519790
     -1.926927      4.870383      4.870383      9.740766
     -1.916917      6.761473      6.761473     13.522946
     -1.906907      9.269677      9.269677     18.539355
     -1.896897     12.127617     12.127617     24.255235
     -1.886887     14.988164     14.988164     29.976328
     -1.876877     17.480945     17.480945     34.961891
     -1.866867     19.289530     19.289530     38.579061
     -1.856857     20.225785     20.225785     40.451569
     -1.846847     20.277108     20.277108     40.554216
     -1.836837     19.608907     19.608907     39.217814
     -1.826827     18.514801     18.514801     37.029603
     -1.816817     17.321576     17.321576     34.643151
     -1.806807     16.275836     16.275836     32.551673
     -1.796797     15.456725     15.456725     30.913451
     -1.786787     14.758103     14.758103     29.516206
     -1.776777     13.955161     13.955161     27.910322
     -1.766767     12.826079     12.826079     25.652158
     -1.756757     11.267591     11.267591     22.535182
     -1.746747      9.347624      9.347624     18.695247
     -1.736737      7.276587      7.276587     14.553173
     -1.726727      5.324772      5.324772     10.649544
     -1.716717      3.736490      3.736490      7.472980
     -1.706707      2.680813      2.680813      5.361626
     -1.696697      2.246901      2.246901      4.493803
     -1.686687      2.462771      2.462771      4.925543
     -1.676677      3.307379      3.307379      6.614759
     -1.666667      4.699347      4.699347      9.398694
     -1.656657      6.470623      6.470623     12.941247
     -1.646647      8.353469      8.353469     16.706939
     -1.636637     10.010648     10.010648     20.021296
     -1.626627     11.118083     11.118083     22.236165
     -1.616617     11.477084     11.477084     22.954169
     -1.606607     11.109533     11.109533     22.219065
     -1.596597     10.290476     10.290476     20.580953
     -1.586587      9.498186      9.498186     18.996371
     -1.576577      9.294889      9.294889     18.589778
     -1.566567     10.173157     10.173157     20.346314
     -1.556557     12.407319     12.407319     24.814638
     -1.546547     15.944938     15.944938     31.889877
     -1.536537     20.369278     20.369278     40.738557
     -1.526527     24.956929     24.956929     49.913857
     -1.516517     28.834366     28.834366     57.668733
     -1.506507     31.200680     31.200680     62.401361
     -1.496496     31.547422     31.547422     63.094844
     -1.486486     29.796285     29.796285     59.592569
     -1.476476     26.304298     26.304298     52.608596
     -1.466466     21.741656     21.741656     43.483312
     -1.456456     16.898364     16.898364     33.796728
     -1.446446     12.495439     12.495439     24.990877
     -1.436436      9.058229      9.058229     18.116457
     -1.426426      6.869358      6.869358     13.738715
     -1.416416      5.982191      5.982191     11.964382
     -1.406406      6.261628      6.261628     12.523255
     -1.396396      7.429971      7.429971     14.859942
     -1.386386      9.117475      9.117475     18.234950
     -1.376376     10.929069     10.929069     21.858138
     -1.366366     12.528747     12.528747     25.057495
     -1.356356     13.718660     13.718660     27.437321
     -1.346346     14.474351     14.474351     28.948702
     -1.336336     14.910726     14.910726     29.821452
     -1.326326     15.192392     15.192392     30.384783
     -1.316316     15.439028     15.439028     30.878056
     -1.306306     15.680163     15.680163     31.360327
     -1.296296     15.877293     15.877293     31.754586
     -1.286286     15.981693     15.981693     31.963387
     -1.276276     15.973446     15.973446     31.946891
     -1.266266     15.849773     15.849773     31.699546
     -1.256256     15.579197     15.579197     31.158395
     -1.246246     15.070658     15.070658     30.141315
     -1.236236     14.196112     14.196112     28.392223
     -1.226226     12.861085     12.861085     25.722170
     -1.216216     11.077649     11.077649     22.155298
     -1.206206      8.990388      8.990388     17.980776
     -1.196196      6.838745      6.838745     13.677489
     -1.186186      4.880812      4.880812      9.761624
     -1.176176      3.323435      3.323435      6.646870
     -1.166166      2.291432      2.291432      4.582864
     -1.156156      1.838623      1.838623      3.677246
     -1.146146      1.977526      1.977526      3.955051
     -1.136136      2.697594      2.697594      5.395189
     -1.126126      3.954471      3.954471      7.908941
     -1.116116      5.635808      5.635808     11.271615
     -1.106106      7.529974      7.529974     15.059947
     -1.096096      9.330323      9.330323     18.660645
     -1.086086     10.693545     10.693545     21.387090
     -1.076076     11.340682     11.340682     22.681365
     -1.066066     11.160319     11.160319     22.320638
     -1.056056     10.264621     10.264621     20.529241
     -1.046046      8.968033      8.968033     17.936066
     -1.036036      7.694199      7.694199     15.388398
     -1.026026      6.846903      6.846903     13.693805
     -1.016016      6.690160      6.690160     13.380320
     -1.006006      7.272462      7.272462     14.544923
     -0.995996      8.413119      8.413119     16.826237
     -0.985986      9.753550      9.753550     19.507099
     -0.975976     10.862183     10.862183     21.724365
     -0.965966     11.364877     11.364877     22.729754
     -0.955956     11.058120     11.058120     22.116240
     -0.945946      9.962323      9.962323     19.924647
     -0.935936      8.294932      8.294932     16.589864
     -0.925926      6.379118      6.379118     12.758235
     -0.915916      4.532269      4.532269      9.064538
     -0.905906      2.982101      2.982101      5.964201
     -0.895896      1.837152      1.837152      3.674303
     -0.885886      1.108771      1.108771      2.217542
     -0.875876      0.761094      0.761094      1.522187
     -0.865866      0.761218      0.761218      1.522436
     -0.855856      1.109155      1.109155      2.218310
     -0.845846      1.837806      1.837806      3.675613
     -0.835836      2.982966      2.982966      5.965932
     -0.825826      4.533041      4.533041      9.066082
     -0.815816      6.378828      6.378828     12.757655
     -0.805806      8.290900      8.290900     16.581801
     -0.795796      9.947693      9.947693     19.895387
     -0.785786     11.016572     11.016572     22.033144
     -0.775776     11.260592     11.260592     22.521184
     -0.765766     10.623412     10.623412     21.246824
     -0.755756      9.250297      9.250297     18.500593
     -0.745746      7.434346      7.434346     14.868692
     -0.735736      5.515161      5.515161     11.030321
     -0.725726      3.777985      3.777985      7.555969
     -0.715716      2.393925      2.393925      4.787850
     -0.705706      1.414949      1.414949      2.829897
     -0.695696      0.810433      0.810433      1.620866
     -0.685686      0.519558      0.519558      1.039117
     -0.675676      0.496845      0.496845      0.993691
     -0.665666      0.738192      0.738192      1.476385
     -0.655656      1.283029      1.283029      2.566058
     -0.645646      2.192329      2.192329      4.384658
     -0.635636      3.505876      3.505876      7.011752
     -0.625626      5.189692      5.189692     10.379383
     -0.615616      7.094746      7.094746     14.189493
     -0.605606      8.953105      8.953105     17.906210
     -0.595596     10.428184     10.428184     20.856367
     -0.585586     11.210703     11.210703     22.421406
     -0.575576     11.123575     11.123575     22.247150
     -0.565566     10.186919     10.186919     20.373838
     -0.555556      8.610497      8.610497     17.220993
     -0.545546      6.717388      6.717388     13.434775
     -0.535536      4.836815      4.836815      9.673630
     -0.525526      3.214440      3.214440      6.428881
     -0.515516      1.971688      1.971688      3.943375
     -0.505506      1.116240      1.116240      2.232481
     -0.495495      0.583263      0.583263      1.166525
     -0.485485      0.281292      0.281292      0.562584
     -0.475475      0.125210      0.125210      0.250419
     -0.465465      0.051440      0.051440      0.102881
     -0.455455      0.019506      0.019506      0.039011
     -0.445445      0.006827      0.006827      0.013653
     -0.435435      0.002206      0.002206      0.004411
     -0.425425      0.000661      0.000661      0.001321
     -0.415415      0.000195      0.000195      0.000390
     -0.405405      0.000105      0.000105      0.000211
     -0.395395      0.000241      0.000241      0.000483
     -0.385385      0.000828      0.000828      0.001656
     -0.375375      0.002730      0.002730      0.005460
     -0.365365      0.008327      0.008327      0.016654
     -0.355355      0.023445      0.023445      0.046890
     -0.345345      0.060927      0.060927      0.121854
     -0.335335      0.146135      0.146135      0.292270
     -0.325325      0.323508      0.323508      0.647016
     -0.315315      0.661003      0.661003      1.322005
     -0.305305      1.246545      1.246545      2.493091
     -0.295295      2.169701      2.169701      4.339402
     -0.285285      3.485608      3.485608      6.971215
     -0.275275      5.168255      5.168255     10.336510
     -0.265265      7.072879      7.072879     14.145759
     -0.255255      8.933783      8.933783     17.867566
     -0.245245     10.415051     10.415051     20.830103
     -0.235235     11.206610     11.206610     22.413221
     -0.225225     11.129457     11.129457     22.258914
     -0.215215     10.201418     10.201418     20.402836
     -0.205205      8.630460      8.630460     17.260920
     -0.195195      6.738981      6.738981     13.477961
     -0.185185      4.856700      4.856700      9.713401
     -0.175175      3.230541      3.230541      6.461082
     -0.165165      1.983335      1.983335      3.966670
     -0.155155      1.123838      1.123838      2.247676
     -0.145145      0.587758      0.587758      1.175515
     -0.135135      0.283713      0.283713      0.567426
     -0.125125      0.126400      0.126400      0.252800
     -0.115115      0.051976      0.051976      0.103952
     -0.105105      0.019726      0.019726      0.039453
     -0.095095      0.006910      0.006910      0.013820
     -0.085085      0.002234      0.002234      0.004468
     -0.075075      0.000667      0.000667      0.001333
     -0.065065      0.000184      0.000184      0.000367
     -0.055055      0.000047      0.000047      0.000093
     -0.045045      0.000011      0.000011      0.000022
     -0.035035      0.000002      0.000002      0.000005
     -0.025025      0.000000      0.000000      0.000001
     -0.015015      0.000000      0.000000      0.000000
     -0.005005      0.000000      0.000000      0.000000
      0.005005      0.000000      0.000000      0.000000
      0.015015      0.000000      0.000000      0.000000
      0.025025      0.000000      0.000000      0.000001
      0.035035      0.000002      0.000002      0.000005
      0.045045      0.000011      0.000011      0.000022
      0.055055      0.000047      0.000047      0.000093
      0.065065      0.000184      0.000184      0.000367
      0.075075      0.000667      0.000667      0.001333
      0.085085      0.002234      0.002234      0.004468
      0.095095      0.006910      0.006910      0.013820
      0.105105      0.019726      0.019726      0.039453
      0.115115      0.051976      0.051976      0.103952
      0.125125      0.126400      0.126400      0.252801
      0.135135      0.283713      0.283713      0.567427
      0.145145      0.587758      0.587758      1.175516
      0.155155      1.123839      1.123839      2.247678
      0.165165      1.983336      1.983336      3.966672
      0.175175      3.230543      3.230543      6.461085
      0.185185      4.856702      4.856702      9.713404
      0.195195      6.738983      6.738983     13.477965
      0.205205      8.630462      8.630462     17.260924
      0.215215     10.201419     10.201419     20.402839
      0.225225     11.129458     11.129458     22.258915
      0.235235     11.206610     11.206610     22.413220
      0.245245     10.415050     10.415050     20.830100
      0.255255      8.933781      8.933781     17.867563
      0.265265      7.072877      7.072877     14.145755
      0.275275      5.168253      5.168253     10.336507
      0.285285      3.485606      3.485606      6.971212
      0.295295      2.169700      2.169700      4.339400
      0.305305      1.246545      1.246545      2.493089
      0.315315      0.661002      0.661002      1.322004
      0.325325      0.323508      0.323508      0.647016
      0.335335      0.146135      0.146135      0.292270
      0.345345      0.060927      0.060927      0.121854
      0.355355      0.023445      0.023445      0.046890
      0.365365      0.008327      0.008327      0.016654
      0.375375      0.002730      0.002730      0.005460
      0.385385      0.000827      0.000827      0.001655
      0.395395      0.000238      0.000238      0.000477
      0.405405      0.000093      0.000093      0.000186
      0.415415      0.000149      0.000149      0.000297
      0.425425      0.000501      0.000501      0.001002
      0.435435      0.001700      0.001700      0.003401
      0.445445      0.005356      0.005356      0.010712
      0.455455      0.015577      0.015577      0.031154
      0.465465      0.041814      0.041814      0.083627
      0.475475      0.103594      0.103594      0.207189
      0.485485      0.236887      0.236887      0.473775
      0.495495      0.499960      0.499960      0.999919
      0.505506      0.973901      0.973901      1.947802
      0.515516      1.750981      1.750981      3.501961
      0.525526      2.905593      2.905593      5.811186
      0.535536      4.450154      4.450154      8.900308
      0.545546      6.290747      6.290747     12.581494
      0.555556      8.207602      8.207602     16.415204
      0.565566      9.883653      9.883653     19.767306
      0.575576     10.985166     10.985166     21.970332
      0.585586     11.269034     11.269034     22.538069
      0.595596     10.670119     10.670119     21.340237
      0.605606      9.326063      9.326063     18.652126
      0.615616      7.527353      7.527353     15.054707
      0.625626      5.618786      5.618786     11.237573
      0.635636      3.900540      3.900540      7.801080
      0.645646      2.570412      2.570412      5.140824
      0.655656      1.721130      1.721130      3.442260
      0.665666      1.377049      1.377049      2.754098
      0.675676      1.538830      1.538830      3.077660
      0.685686      2.207006      2.207006      4.414011
      0.695696      3.370678      3.370678      6.741355
      0.705706      4.968160      4.968160      9.936319
      0.715716      6.844577      6.844577     13.689154
      0.725726      8.739490      8.739490     17.478979
      0.735736     10.328555     10.328555     20.657111
      0.745746     11.317008     11.317008     22.634016
      0.755756     11.550668     11.550668     23.101336
      0.765766     11.091815     11.091815     22.183629
      0.775776     10.216669     10.216669     20.433337
      0.785786      9.325883      9.325883     18.651766
      0.795796      8.800246      8.800246     17.600492
      0.805806      8.859118      8.859118     17.718236
      0.815816      9.478067      9.478067     18.956134
      0.825826     10.398057     10.398057     20.796114
      0.835836     11.222601     11.222601     22.445202
      0.845846     11.564592     11.564592     23.129185
      0.855856     11.184068     11.184068     22.368137
      0.865866     10.062222     10.062222     20.124444
      0.875876      8.386419      8.386419     16.772839
      0.885886      6.462285      6.462285     12.924571
      0.895896      4.599634      4.599634      9.199269
      0.905906      3.022773      3.022773      6.045545
      0.915916      1.833826      1.833826      3.667651
      0.925926      1.027097      1.027097      2.054194
      0.935936      0.531647      0.531647      1.063294
      0.945946      0.256230      0.256230      0.512460
      0.955956      0.120727      0.120727      0.241453
      0.965966      0.071157      0.071157      0.142314
      0.975976      0.083665      0.083665      0.167331
      0.985986      0.164572      0.164572      0.329145
      0.995996      0.350529      0.350529      0.701058
      1.006006      0.707722      0.707722      1.415443
      1.016016      1.324582      1.324582      2.649164
      1.026026      2.291176      2.291176      4.582351
      1.036036      3.662968      3.662968      7.325937
      1.046046      5.417472      5.417472     10.834944
      1.056056      7.424658      7.424658     14.849316
      1.066066      9.456273      9.456273     18.912546
      1.076076     11.246369     11.246369     22.492738
      1.086086     12.586804     12.586804     25.173608
      1.096096     13.413204     13.413204     26.826409
      1.106106     13.831404     13.831404     27.662807
      1.116116     14.062630     14.062630     28.125259
      1.126126     14.333772     14.333772     28.667543
      1.136136     14.774276     14.774276     29.548552
      1.146146     15.376337     15.376337     30.752675
      1.156156     16.031813     16.031813     32.063627
      1.166166     16.609532     16.609532     33.219064
      1.176176     17.017741     17.017741     34.035483
      1.186186     17.220248     17.220248     34.440497
      1.196196     17.217501     17.217501     34.435002
      1.206206     17.027402     17.027402     34.054804
      1.216216     16.686686     16.686686     33.373372
      1.226226     16.260176     16.260176     32.520352
      1.236236     15.828130     15.828130     31.656261
      1.246246     15.440371     15.440371     30.880742
      1.256256     15.063210     15.063210     30.126421
      1.266266     14.564797     14.564797     29.129595
      1.276276     13.764768     13.764768     27.529536
      1.286286     12.528902     12.528902     25.057805
      1.296296     10.855774     10.855774     21.711548
      1.306306      8.907044      8.907044     17.814089
      1.316316      6.970722      6.970722     13.941444
      1.326326      5.386498      5.386498     10.772996
      1.336336      4.475089      4.475089      8.950179
      1.346346      4.494612      4.494612      8.989223
      1.356356      5.616468      5.616468     11.232936
      1.366366      7.897661      7.897661     15.795323
      1.376376     11.238195     11.238195     22.476390
      1.386386     15.341064     15.341064     30.682127
      1.396396     19.713124     19.713124     39.426247
      1.406406     23.736692     23.736692     47.473385
      1.416416     26.804349     26.804349     53.608698
      1.426426     28.467862     28.467862     56.935724
      1.436436     28.538197     28.538197     57.076395
      1.446446     27.099585     27.099585     54.199169
      1.456456     24.447710     24.447710     48.895420
      1.466466     20.995703     20.995703     41.991406
      1.476476     17.191251     17.191251     34.382501
      1.486486     13.462997     13.462997     26.925994
      1.496496     10.189801     10.189801     20.379601
      1.506507      7.679123      7.679123     15.358246
      1.516517      6.147402      6.147402     12.294803
      1.526527      5.702892      5.702892     11.405783
      1.536537      6.333781      6.333781     12.667562
      1.546547      7.904835      7.904835     15.809670
      1.556557     10.168398     10.168398     20.336795
      1.566567     12.797268     12.797268     25.594537
      1.576577     15.441718     15.441718     30.883436
      1.586587     17.800842     17.800842     35.601684
      1.596597     19.688161     19.688161     39.376322
      1.606607     21.071089     21.071089     42.142178
      1.616617     22.072880     22.072880     44.145761
      1.626627     22.935663     22.935663     45.871326
      1.636637     23.949423     23.949423     47.898847
      1.646647     25.358107     25.358107     50.716214
      1.656657     27.265723     27.265723     54.531446
      1.666667     29.577970     29.577970     59.155940
      1.676677     32.013983     32.013983     64.027965
      1.686687     34.197641     34.197641     68.395282
      1.696697     35.795701     35.795701     71.591402
      1.706707     36.635940     36.635940     73.271881
      1.716717     36.739820     36.739820     73.479640
      1.726727     36.249106     36.249106     72.498213
      1.736737     35.292378     35.292378     70.584756
      1.746747     33.881903     33.881903     67.763805
      1.756757     31.918104     31.918104     63.836207
      1.766767     29.309399     29.309399     58.618797
      1.776777     26.134201     26.134201     52.268401
      1.786787     22.736118     22.736118     45.472236
      1.796797     19.678335     19.678335     39.356671
      1.806807     17.563875     17.563875     35.127749
      1.816817     16.802153     16.802153     33.604306
      1.826827     17.428878     17.428878     34.857755
      1.836837     19.060474     19.060474     38.120948
      1.846847     21.006741     21.006741     42.013482
      1.856857     22.502340     22.502340     45.004681
      1.866867     22.970055     22.970055     45.940109
      1.876877     22.212853     22.212853     44.425707
      1.886887     20.457558     20.457558     40.915116
      1.896897     18.234723     18.234723     36.469446
      1.906907     16.151421     16.151421     32.302842
      1.916917     14.660549     14.660549     29.321097
      1.926927     13.927708     13.927708     27.855415
      1.936937     13.845903     13.845903     27.691805
      1.946947     14.174670     14.174670     28.349339
      1.956957     14.719580     14.719580     29.439160
      1.966967     15.450124     15.450124     30.900247
      1.976977     16.489340     16.489340     32.978680
      1.986987     17.982010     17.982010     35.964019
      1.996997     19.922025     19.922025     39.844051
      2.007007     22.050541     22.050541     44.101083
      2.017017     23.901068     23.901068     47.802136
      2.027027     24.981202     24.981202     49.962403
      2.037037     24.993876     24.993876     49.987752
      2.047047     23.970664     23.970664     47.941328
      2.057057     22.239197     22.239197     44.478394
      2.067067     20.246492     20.246492     40.492984
      2.077077     18.344881     18.344881     36.689762
      2.087087     16.662563     16.662563     33.325126
      2.097097     15.120621     15.120621     30.241242
      2.107107     13.567449     13.567449     27.134898
      2.117117     11.939828     11.939828     23.879656
      2.127127     10.360134     10.360134     20.720268
      2.137137      9.128819      9.128819     18.257638
      2.147147      8.630143      8.630143     17.260286
      2.157157      9.201947      9.201947     18.403895
      2.167167     11.019033     11.019033     22.038067
      2.177177     14.019900     14.019900     28.039800
      2.187187     17.887758     17.887758     35.775517
      2.197197     22.086878     22.086878     44.173756
      2.207207     25.950111     25.950111     51.900223
      2.217217     28.805744     28.805744     57.611488
      2.227227     30.119982     30.119982     60.239965
      2.237237     29.620312     29.620312     59.240624
      2.247247     27.362298     27.362298     54.724596
      2.257257     23.714163     23.714163     47.428325
      2.267267     19.259391     19.259391     38.518781
      2.277277     14.648694     14.648694     29.297389
      2.287287     10.453663     10.453663     20.907325
      2.297297      7.072668      7.072668     14.145337
      2.307307      4.714607      4.714607      9.429214
      2.317317      3.450807      3.450807      6.901614
      2.327327      3.297966      3.297966      6.595931
      2.337337      4.286694      4.286694      8.573389
      2.347347      6.481351      6.481351     12.962703
      2.357357      9.939588      9.939588     19.879176
      2.367367     14.625351     14.625351     29.250702
      2.377377     20.309872     20.309872     40.619745
      2.387387     26.506132     26.506132     53.012263
      2.397397     32.478833     32.478833     64.957665
      2.407407     37.351339     37.351339     74.702679
      2.417417     40.295637     40.295637     80.591274
      2.427427     40.751936     40.751936     81.503871
      2.437437     38.599413     38.599413     77.198827
      2.447447     34.206728     34.206728     68.413456
      2.457457     28.334612     28.334612     56.669224
      2.467467     21.925453     21.925453     43.850906
      2.477477     15.863376     15.863376     31.726753
      2.487487     10.795579     10.795579     21.591159
      2.497497      7.068737      7.068737     14.137474
      2.507508      4.776527      4.776527      9.553054
      2.517518      3.868011      3.868011      7.736021
      2.527528      4.252047      4.252047      8.504093
      2.537538      5.849910      5.849910     11.699820
      2.547548      8.582110      8.582110     17.164220
      2.557558     12.308841     12.308841     24.617682
      2.567568     16.764278     16.764278     33.528557
      2.577578     21.527604     21.527604     43.055208
      2.587588     26.058549     26.058549     52.117099
      2.597598     29.797849     29.797849     59.595699
      2.607608     32.303098     32.303098     64.606195
      2.617618     33.370212     33.370212     66.740425
      2.627628     33.090835     33.090835     66.181669
      2.637638     31.820129     31.820129     63.640258
      2.647648     30.068930     30.068930     60.137860
      2.657658     28.368460     28.368460     56.736920
      2.667668     27.163753     27.163753     54.327505
      2.677678     26.767596     26.767596     53.535193
      2.687688     27.366643     27.366643     54.733287
      2.697698     29.042437     29.042437     58.084874
      2.707708     31.770070     31.770070     63.540140
      2.717718     35.382757     35.382757     70.765514
      2.727728     39.524219     39.524219     79.048437
      2.737738     43.633718     43.633718     87.267436
      2.747748     47.008065     47.008065     94.016130
      2.757758     48.955631     48.955631     97.911262
      2.767768     49.006275     49.006275     98.012550
      2.777778     47.092543     47.092543     94.185085
      2.787788     43.606315     43.606315     87.212630
      2.797798     39.281483     39.281483     78.562967
      2.807808     34.939374     34.939374     69.878748
      2.817818     31.208337     31.208337     62.416674
      2.827828     28.343346     28.343346     56.686693
      2.837838     26.216685     26.216685     52.433369
      2.847848     24.463514     24.463514     48.927028
      2.857858     22.698603     22.698603     45.397205
      2.867868     20.703438     20.703438     41.406875
      2.877878     18.512540     18.512540     37.025079
      2.887888     16.379502     16.379502     32.759004
      2.897898     14.652800     14.652800     29.305601
      2.907908     13.623855     13.623855     27.247709
      2.917918     13.416805     13.416805     26.833610
      2.927928     13.967108     13.967108     27.934217
      2.937938     15.089734     15.089734     30.179467
      2.947948     16.587512     16.587512     33.175024
      2.957958     18.325673     18.325673     36.651345
      2.967968     20.220753     20.220753     40.441507
      2.977978     22.153208     22.153208     44.306416
      2.987988     23.874330     23.874330     47.748660
      2.997998     24.993282     24.993282     49.986565
      3.008008     25.081612     25.081612     50.163224
      3.018018     23.850864     23.850864     47.701728
      3.028028     21.302509     21.302509     42.605018
      3.038038     17.760335     17.760335     35.520670
      3.048048     13.765537     13.765537     27.531074
      3.058058      9.893014      9.893014     19.786027
      3.068068      6.581980      6.581980     13.163959
      3.078078      4.050001      4.050001      8.100002
      3.088088      2.303688      2.303688      4.607375
      3.098098      1.212012      1.212012      2.424025
      3.108108      0.593245      0.593245      1.186491
      3.118118      0.280552      0.280552      0.561104
      3.128128      0.155754      0.155754      0.311509
      3.138138      0.158871      0.158871      0.317741
      3.148148      0.286689      0.286689      0.573378
      3.158158      0.589428      0.589428      1.178855
      3.168168      1.166208      1.166208      2.332415
      3.178178      2.152639      2.152639      4.305278
      3.188188      3.691169      3.691169      7.382339
      3.198198      5.879665      5.879665     11.759331
      3.208208      8.706033      8.706033     17.412065
      3.218218     11.991793     11.991793     23.983586
      3.228228     15.375992     15.375992     30.751984
      3.238238     18.363510     18.363510     36.727020
      3.248248     20.437215     20.437215     40.874431
      3.258258     21.201593     21.201593     42.403186
      3.268268     20.504115     20.504115     41.008230
      3.278278     18.484124     18.484124     36.968248
      3.288288     15.528186     15.528186     31.056373
      3.298298     12.151234     12.151234     24.302468
      3.308308      8.853001      8.853001     17.706002
      3.318318      6.004197      6.004197     12.008395
      3.328328      3.796591      3.796591      7.593182
      3.338338      2.259563      2.259563      4.519127
      3.348348      1.320194      1.320194      2.640388
      3.358358      0.874682      0.874682      1.749363
      3.368368      0.844505      0.844505      1.689011
      3.378378      1.202625      1.202625      2.405250
      3.388388      1.965768      1.965768      3.931535
      3.398398      3.156954      3.156954      6.313907
      3.408408      4.750734      4.750734      9.501468
      3.418418      6.623256      6.623256     13.246511
      3.428428      8.535255      8.535255     17.070510
      3.438438     10.169664     10.169664     20.339329
      3.448448     11.222827     11.222827     22.445655
      3.458458     11.517904     11.517904     23.035807
      3.468468     11.089343     11.089343     22.178686
      3.478478     10.193854     10.193854     20.387707
      3.488488      9.235442      9.235442     18.470884
      3.498498      8.632147      8.632147     17.264294
      3.508509      8.678114      8.678114     17.356227
      3.518519      9.454943      9.454943     18.909886
      3.528529     10.823615     10.823615     21.647229
      3.538539     12.494078     12.494078     24.988156
      3.548549     14.137275     14.137275     28.274551
      3.558559     15.487210     15.487210     30.974420
      3.568569     16.389078     16.389078     32.778155
      3.578579     16.782574     16.782574     33.565148
      3.588589     16.649307     16.649307     33.298615
      3.598599     15.972641     15.972641     31.945282
      3.608609     14.742066     14.742066     29.484131
      3.618619     12.994599     12.994599     25.989199
      3.628629     10.854281     10.854281     21.708562
      3.638639      8.531959      8.531959     17.063919
      3.648649      6.277920      6.277920     12.555840
      3.658659      4.313479      4.313479      8.626958
      3.668669      2.779560      2.779560      5.559120
      3.678679      1.725955      1.725955      3.451910
      3.688689      1.139115      1.139115      2.278231
      3.698699      0.987069      0.987069      1.974137
      3.708709      1.255538      1.255538      2.511077
      3.718719      1.956732      1.956732      3.913464
      3.728729      3.105238      3.105238      6.210475
      3.738739      4.670026      4.670026      9.340052
      3.748749      6.525029      6.525029     13.050058
      3.758759      8.428051      8.428051     16.856102
      3.768769     10.051412     10.051412     20.102824
      3.778779     11.065082     11.065082     22.130163
      3.788789     11.242914     11.242914     22.485828
      3.798799     10.543685     10.543685     21.087369
      3.808809      9.126271      9.126271     18.252541
      3.818819      7.290902      7.290902     14.581805
      3.828829      5.375961      5.375961     10.751923
      3.838839      3.658627      3.658627      7.317254
      3.848849      2.298101      2.298101      4.596202
      3.858859      1.332361      1.332361      2.664723
      3.868869      0.713134      0.713134      1.426268
      3.878879      0.352937      0.352937      0.705874
      3.888889      0.163332      0.163332      0.326663
      3.898899      0.076188      0.076188      0.152376
      3.908909      0.050588      0.050588      0.101175
      3.918919      0.072645      0.072645      0.145290
      3.928929      0.154730      0.154730      0.309460
      3.938939      0.336802      0.336802      0.673604
      3.948949      0.688069      0.688069      1.376138
      3.958959      1.303444      1.303444      2.606888
      3.968969      2.288316      2.288316      4.576632
      3.978979      3.729073      3.729073      7.458145
      3.988989      5.655986      5.655986     11.311971
      3.998999      8.015217      8.015217     16.030433
      4.009009     10.669253     10.669253     21.338506
      4.019019     13.433171     13.433171     26.866343
      4.029029     16.130898     16.130898     32.261796
      4.039039     18.636892     18.636892     37.273784
      4.049049     20.872801     20.872801     41.745601
      4.059059     22.759240     22.759240     45.518479
      4.069069     24.160705     24.160705     48.321410
      4.079079     24.876146     24.876146     49.752293
      4.089089     24.702749     24.702749     49.405499
      4.099099     23.549860     23.549860     47.099720
      4.109109     21.539031     21.539031     43.078061
      4.119119     19.024549     19.024549     38.049099
      4.129129     16.508766     16.508766     33.017532
      4.139139     14.483172     14.483172     28.966344
      4.149149     13.266392     13.266392     26.532784
      4.159159     12.913049     12.913049     25.826099
      4.169169     13.233075     13.233075     26.466149
      4.179179     13.907426     13.907426     27.814851
      4.189189     14.640071     14.640071     29.280141
      4.199199     15.271489     15.271489     30.542979
      4.209209     15.804997     15.804997     31.609994
      4.219219     16.349645     16.349645     32.699290
      4.229229     17.029534     17.029534     34.059068
      4.239239     17.918741     17.918741     35.837482
      4.249249     19.029577     19.029577     38.059153
      4.259259     20.336719     20.336719     40.673437
      4.269269     21.797579     21.797579     43.595159
      4.279279     23.345129     23.345129     46.690258
      4.289289     24.864524     24.864524     49.729048
      4.299299     26.185641     26.185641     52.371283
      4.309309     27.112565     27.112565     54.225131
      4.319319     27.481277     27.481277     54.962554
      4.329329     27.216429     27.216429     54.432859
      4.339339     26.362821     26.362821     52.725642
      4.349349     25.086981     25.086981     50.173963
      4.359359     23.656648     23.656648     47.313296
      4.369369     22.400217     22.400217     44.800434
      4.379379     21.637104     21.637104     43.274208
      4.389389     21.575729     21.575729     43.151458
      4.399399     22.204875     22.204875     44.409750
      4.409409     23.235018     23.235018     46.470037
      4.419419     24.145272     24.145272     48.290545
      4.429429     24.344946     24.344946     48.689892
      4.439439     23.390616     23.390616     46.781233
      4.449449     21.157571     21.157571     42.315141
      4.459459     17.882109     17.882109     35.764218
      4.469469     14.059741     14.059741     28.119482
      4.479479     10.258627     10.258627     20.517255
      4.489489      6.941405      6.941405     13.882809
      4.499499      4.367462      4.367462      8.734924
      4.509510      2.594800      2.594800      5.189600
      4.519520      1.552760      1.552760      3.105520
      4.529530      1.137302      1.137302      2.274604
      4.539540      1.287742      1.287742      2.575485
      4.549550      2.022074      2.022074      4.044149
      4.559560      3.423564      3.423564      6.847128
      4.569570      5.582183      5.582183     11.164366
      4.579580      8.506370      8.506370     17.012739
      4.589590     12.036735     12.036735     24.073469
      4.599600     15.806361     15.806361     31.612723
      4.609610     19.287179     19.287179     38.574357
      4.619620     21.929037     21.929037     43.858074
      4.629630     23.347249     23.347249     46.694497
      4.639640     23.474934     23.474934     46.949868
      4.649650     22.599418     22.599418     45.198836
      4.659660     21.254209     21.254209     42.508417
      4.669670     20.012216     20.012216     40.024433
      4.679680     19.276233     19.276233     38.552467
      4.689690     19.158097     19.158097     38.316193
      4.699700     19.484645     19.484645     38.969290
      4.709710     19.904127     19.904127     39.808254
      4.719720     20.030555     20.030555     40.061110
      4.729730     19.568872     19.568872     39.137745
      4.739740     18.393323     18.393323     36.786645
      4.749750     16.577530     16.577530     33.155060
      4.759760     14.383639     14.383639     28.767279
      4.769770     12.215805     12.215805     24.431609
      4.779780     10.543791     10.543791     21.087582
      4.789790      9.809983      9.809983     19.619965
      4.799800     10.340920     10.340920     20.681839
      4.809810     12.283930     12.283930     24.567860
      4.819820     15.579359     15.579359     31.158719
      4.829830     19.965777     19.965777     39.931554
      4.839840     25.007978     25.007978     50.015956
      4.849850     30.140340     30.140340     60.280679
      4.859860     34.728329     34.728329     69.456659
      4.869870     38.157873     38.157873     76.315747
      4.879880     39.953194     39.953194     79.906389
      4.889890     39.897108     39.897108     79.794216
      4.899900     38.101513     38.101513     76.203026
      4.909910     34.977882     34.977882     69.955764
      4.919920     31.100282     31.100282     62.200564
      4.929930     27.015156     27.015156     54.030313
      4.939940     23.088332     23.088332     46.176664
      4.949950     19.459600     19.459600     38.919201
      4.959960     16.110061     16.110061     32.220123
      4.969970     12.983641     12.983641     25.967283
      4.979980     10.085301     10.085301     20.170602
      4.989990      7.510974      7.510974     15.021949
      5.000000      5.416904      5.416904     10.833809
