# EIG2DOS: Utility for SIESTA to obtain the electronic density of states
#  E. Artacho, Apr 1999, A. Garcia, Apr 2012
#  Nick R. Papior, Feb 2017
# ------------------------------------------
# Eigenvalues calculated from a non-polarized calculation
# Eigenvalues read from siesta.EIG
# Kpoint weights read from siesta.KP
# Using smearing parameter:   0.0500
# Using 1000 points in the energy range
# Selected bands: 1 to: 2981
# Emin, Emax in file for selected band(s):    -27.3250451    218.3867770
# Nbands, Nspin, Nk   =   2981     1     1
# E_F                 =    -4.2173 eV --> (shifted to ZERO)
# Broadening          =     0.0500 eV
#
#        E            N(up)  (=)   N(down)         Ntot
     -5.000000     31.880903     31.880903     63.761805
     -4.989990     36.586791     36.586791     73.173583
     -4.979980     40.995586     40.995586     81.991172
     -4.969970     44.381519     44.381519     88.763037
     -4.959960     46.120289     46.120289     92.240578
     -4.949950     45.895908     45.895908     91.791817
     -4.939940     43.814161     43.814161     87.628323
     -4.929930     40.388646     40.388646     80.777291
     -4.919920     36.424652     36.424652     72.849305
     -4.909910     32.856445     32.856445     65.712891
     -4.899900     30.581075     30.581075     61.162150
     -4.889890     30.298874     30.298874     60.597748
     -4.879880     32.356013     32.356013     64.712027
     -4.869870     36.607524     36.607524     73.215048
     -4.859860     42.359360     42.359360     84.718719
     -4.849850     48.459939     48.459939     96.919879
     -4.839840     53.565305     53.565305    107.130610
     -4.829830     56.513837     56.513837    113.027673
     -4.819820     56.672000     56.672000    113.344001
     -4.809810     54.106968     54.106968    108.213935
     -4.799800     49.517144     49.517144     99.034288
     -4.789790     43.965133     43.965133     87.930265
     -4.779780     38.540969     38.540969     77.081938
     -4.769770     34.090566     34.090566     68.181132
     -4.759760     31.082182     31.082182     62.164364
     -4.749750     29.602651     29.602651     59.205303
     -4.739740     29.427423     29.427423     58.854846
     -4.729730     30.111719     30.111719     60.223438
     -4.719720     31.082496     31.082496     62.164992
     -4.709710     31.737417     31.737417     63.474833
     -4.699700     31.558450     31.558450     63.116900
     -4.689690     30.229720     30.229720     60.459441
     -4.679680     27.730663     27.730663     55.461325
     -4.669670     24.371979     24.371979     48.743958
     -4.659660     20.756290     20.756290     41.512581
     -4.649650     17.668677     17.668677     35.337353
     -4.639640     15.920954     15.920954     31.841908
     -4.629630     16.179531     16.179531     32.359063
     -4.619620     18.803942     18.803942     37.607885
     -4.609610     23.722928     23.722928     47.445855
     -4.599600     30.382478     30.382478     60.764957
     -4.589590     37.805063     37.805063     75.610126
     -4.579580     44.781950     44.781950     89.563899
     -4.569570     50.172976     50.172976    100.345951
     -4.559560     53.228585     53.228585    106.457171
     -4.549550     53.814429     53.814429    107.628857
     -4.539540     52.439088     52.439088    104.878176
     -4.529530     50.059350     50.059350    100.118699
     -4.519520     47.731074     47.731074     95.462148
     -4.509510     46.240769     46.240769     92.481538
     -4.499499     45.860466     45.860466     91.720932
     -4.489489     46.313167     46.313167     92.626334
     -4.479479     46.944669     46.944669     93.889338
     -4.469469     47.013017     47.013017     94.026033
     -4.459459     45.967907     45.967907     91.935814
     -4.449449     43.614058     43.614058     87.228116
     -4.439439     40.119352     40.119352     80.238704
     -4.429429     35.903224     35.903224     71.806448
     -4.419419     31.484757     31.484757     62.969514
     -4.409409     27.364021     27.364021     54.728041
     -4.399399     23.964994     23.964994     47.929989
     -4.389389     21.618041     21.618041     43.236082
     -4.379379     20.539690     20.539690     41.079379
     -4.369369     20.789104     20.789104     41.578209
     -4.359359     22.222920     22.222920     44.445841
     -4.349349     24.495735     24.495735     48.991471
     -4.339339     27.138845     27.138845     54.277690
     -4.329329     29.703662     29.703662     59.407325
     -4.319319     31.911856     31.911856     63.823713
     -4.309309     33.742134     33.742134     67.484268
     -4.299299     35.409821     35.409821     70.819642
     -4.289289     37.241769     37.241769     74.483538
     -4.279279     39.491466     39.491466     78.982932
     -4.269269     42.163766     42.163766     84.327532
     -4.259259     44.922481     44.922481     89.844962
     -4.249249     47.135158     47.135158     94.270317
     -4.239239     48.064028     48.064028     96.128056
     -4.229229     47.146688     47.146688     94.293377
     -4.219219     44.252536     44.252536     88.505072
     -4.209209     39.791048     39.791048     79.582097
     -4.199199     34.606449     34.606449     69.212897
     -4.189189     29.696507     29.696507     59.393014
     -4.179179     25.882196     25.882196     51.764393
     -4.169169     23.575685     23.575685     47.151369
     -4.159159     22.736710     22.736710     45.473420
     -4.149149     23.010236     23.010236     46.020471
     -4.139139     23.957260     23.957260     47.914519
     -4.129129     25.261966     25.261966     50.523932
     -4.119119     26.823985     26.823985     53.647969
     -4.109109     28.703916     28.703916     57.407833
     -4.099099     30.958561     30.958561     61.917122
     -4.089089     33.456934     33.456934     66.913868
     -4.079079     35.786597     35.786597     71.573193
     -4.069069     37.324678     37.324678     74.649357
     -4.059059     37.464474     37.464474     74.928948
     -4.049049     35.896206     35.896206     71.792412
     -4.039039     32.797082     32.797082     65.594165
     -4.029029     28.825726     28.825726     57.651451
     -4.019019     24.919516     24.919516     49.839032
     -4.009009     21.995863     21.995863     43.991726
     -3.998999     20.697027     20.697027     41.394053
     -3.988989     21.275920     21.275920     42.551839
     -3.978979     23.633577     23.633577     47.267155
     -3.968969     27.446110     27.446110     54.892219
     -3.958959     32.299280     32.299280     64.598561
     -3.948949     37.780410     37.780410     75.560820
     -3.938939     43.525212     43.525212     87.050424
     -3.928929     49.242910     49.242910     98.485821
     -3.918919     54.733172     54.733172    109.466344
     -3.908909     59.882208     59.882208    119.764416
     -3.898899     64.615327     64.615327    129.230654
     -3.888889     68.805326     68.805326    137.610653
     -3.878879     72.175885     72.175885    144.351770
     -3.868869     74.263794     74.263794    148.527589
     -3.858859     74.489487     74.489487    148.978973
     -3.848849     72.334669     72.334669    144.669337
     -3.838839     67.566114     67.566114    135.132227
     -3.828829     60.409749     60.409749    120.819497
     -3.818819     51.590051     51.590051    103.180101
     -3.808809     42.202994     42.202994     84.405988
     -3.798799     33.460156     33.460156     66.920313
     -3.788789     26.392760     26.392760     52.785519
     -3.778779     21.614575     21.614575     43.229150
     -3.768769     19.212494     19.212494     38.424988
     -3.758759     18.783747     18.783747     37.567493
     -3.748749     19.593667     19.593667     39.187333
     -3.738739     20.801536     20.801536     41.603072
     -3.728729     21.694731     21.694731     43.389462
     -3.718719     21.876406     21.876406     43.752813
     -3.708709     21.363639     21.363639     42.727278
     -3.698699     20.569862     20.569862     41.139723
     -3.688689     20.168851     20.168851     40.337702
     -3.678679     20.867793     20.867793     41.735585
     -3.668669     23.149488     23.149488     46.298975
     -3.658659     27.066738     27.066738     54.133475
     -3.648649     32.169077     32.169077     64.338155
     -3.638639     37.602454     37.602454     75.204908
     -3.628629     42.354309     42.354309     84.708618
     -3.618619     45.551019     45.551019     91.102038
     -3.608609     46.690842     46.690842     93.381684
     -3.598599     45.731373     45.731373     91.462747
     -3.588589     43.024539     43.024539     86.049077
     -3.578579     39.156786     39.156786     78.313571
     -3.568569     34.770988     34.770988     69.541976
     -3.558559     30.422154     30.422154     60.844307
     -3.548549     26.484397     26.484397     52.968794
     -3.538539     23.110555     23.110555     46.221111
     -3.528529     20.247712     20.247712     40.495424
     -3.518519     17.710159     17.710159     35.420318
     -3.508509     15.292611     15.292611     30.585222
     -3.498498     12.882260     12.882260     25.764520
     -3.488488     10.522370     10.522370     21.044740
     -3.478478      8.402693      8.402693     16.805386
     -3.468468      6.788310      6.788310     13.576620
     -3.458458      5.923670      5.923670     11.847340
     -3.448448      5.950095      5.950095     11.900190
     -3.438438      6.860610      6.860610     13.721220
     -3.428428      8.500980      8.500980     17.001961
     -3.418418     10.616350     10.616350     21.232699
     -3.408408     12.933034     12.933034     25.866067
     -3.398398     15.249873     15.249873     30.499747
     -3.388388     17.500880     17.500880     35.001761
     -3.378378     19.756834     19.756834     39.513669
     -3.368368     22.163740     22.163740     44.327480
     -3.358358     24.853336     24.853336     49.706671
     -3.348348     27.875151     27.875151     55.750303
     -3.338338     31.175992     31.175992     62.351983
     -3.328328     34.610137     34.610137     69.220275
     -3.318318     37.942034     37.942034     75.884067
     -3.308308     40.826767     40.826767     81.653534
     -3.298298     42.802842     42.802842     85.605683
     -3.288288     43.356193     43.356193     86.712387
     -3.278278     42.078980     42.078980     84.157961
     -3.268268     38.869647     38.869647     77.739293
     -3.258258     34.063878     34.063878     68.127756
     -3.248248     28.402025     28.402025     56.804050
     -3.238238     22.823225     22.823225     45.646450
     -3.228228     18.171881     18.171881     36.343763
     -3.218218     14.945649     14.945649     29.891297
     -3.208208     13.185750     13.185750     26.371500
     -3.198198     12.538481     12.538481     25.076962
     -3.188188     12.445936     12.445936     24.891872
     -3.178178     12.383598     12.383598     24.767196
     -3.168168     12.058201     12.058201     24.116402
     -3.158158     11.503367     11.503367     23.006735
     -3.148148     11.050568     11.050568     22.101136
     -3.138138     11.194709     11.194709     22.389418
     -3.128128     12.403525     12.403525     24.807050
     -3.118118     14.931228     14.931228     29.862456
     -3.108108     18.691973     18.691973     37.383946
     -3.098098     23.233622     23.233622     46.467243
     -3.088088     27.828492     27.828492     55.656984
     -3.078078     31.663294     31.663294     63.326587
     -3.068068     34.070211     34.070211     68.140422
     -3.058058     34.713692     34.713692     69.427383
     -3.048048     33.656231     33.656231     67.312463
     -3.038038     31.278191     31.278191     62.556383
     -3.028028     28.098335     28.098335     56.196670
     -3.018018     24.590406     24.590406     49.180811
     -3.008008     21.084286     21.084286     42.168571
     -2.997998     17.782522     17.782522     35.565044
     -2.987988     14.853537     14.853537     29.707074
     -2.977978     12.525943     12.525943     25.051886
     -2.967968     11.120729     11.120729     22.241458
     -2.957958     11.001505     11.001505     22.003010
     -2.947948     12.465160     12.465160     24.930321
     -2.937938     15.616606     15.616606     31.233211
     -2.927928     20.272988     20.272988     40.545976
     -2.917918     25.934794     25.934794     51.869588
     -2.907908     31.847281     31.847281     63.694562
     -2.897898     37.151844     37.151844     74.303688
     -2.887888     41.092983     41.092983     82.185965
     -2.877878     43.214614     43.214614     86.429227
     -2.867868     43.469861     43.469861     86.939721
     -2.857858     42.194556     42.194556     84.389111
     -2.847848     39.950511     39.950511     79.901022
     -2.837838     37.304272     37.304272     74.608544
     -2.827828     34.638441     34.638441     69.276882
     -2.817818     32.076330     32.076330     64.152660
     -2.807808     29.542806     29.542806     59.085612
     -2.797798     26.914790     26.914790     53.829580
     -2.787788     24.171601     24.171601     48.343202
     -2.777778     21.461933     21.461933     42.923867
     -2.767768     19.056461     19.056461     38.112922
     -2.757758     17.222673     17.222673     34.445346
     -2.747748     16.102529     16.102529     32.205059
     -2.737738     15.668041     15.668041     31.336083
     -2.727728     15.777981     15.777981     31.555962
     -2.717718     16.292198     16.292198     32.584397
     -2.707708     17.161302     17.161302     34.322603
     -2.697698     18.426161     18.426161     36.852322
     -2.687688     20.125739     20.125739     40.251478
     -2.677678     22.180967     22.180967     44.361934
     -2.667668     24.346979     24.346979     48.693959
     -2.657658     26.284169     26.284169     52.568338
     -2.647648     27.715738     27.715738     55.431476
     -2.637638     28.573890     28.573890     57.147779
     -2.627628     29.037699     29.037699     58.075398
     -2.617618     29.434829     29.434829     58.869659
     -2.607608     30.067208     30.067208     60.134415
     -2.597598     31.064011     31.064011     62.128021
     -2.587588     32.335666     32.335666     64.671332
     -2.577578     33.628736     33.628736     67.257472
     -2.567568     34.623414     34.623414     69.246828
     -2.557558     35.013533     35.013533     70.027065
     -2.547548     34.552937     34.552937     69.105875
     -2.537538     33.093982     33.093982     66.187965
     -2.527528     30.644254     30.644254     61.288507
     -2.517518     27.429729     27.429729     54.859458
     -2.507508     23.916046     23.916046     47.832093
     -2.497497     20.741848     20.741848     41.483695
     -2.487487     18.561926     18.561926     37.123853
     -2.477477     17.852279     17.852279     35.704557
     -2.467467     18.757854     18.757854     37.515707
     -2.457457     21.050849     21.050849     42.101698
     -2.447447     24.221553     24.221553     48.443107
     -2.437437     27.667182     27.667182     55.334364
     -2.427427     30.900660     30.900660     61.801320
     -2.417417     33.689638     33.689638     67.379277
     -2.407407     36.064229     36.064229     72.128457
     -2.397397     38.191228     38.191228     76.382456
     -2.387387     40.177570     40.177570     80.355140
     -2.377377     41.904705     41.904705     83.809411
     -2.367367     42.986671     42.986671     85.973343
     -2.357357     42.887759     42.887759     85.775518
     -2.347347     41.155550     41.155550     82.311100
     -2.337337     37.661990     37.661990     75.323980
     -2.327327     32.735335     32.735335     65.470670
     -2.317317     27.118042     27.118042     54.236085
     -2.307307     21.771050     21.771050     43.542100
     -2.297297     17.613538     17.613538     35.227075
     -2.287287     15.302252     15.302252     30.604504
     -2.277277     15.116854     15.116854     30.233708
     -2.267267     16.960032     16.960032     33.920063
     -2.257257     20.438761     20.438761     40.877523
     -2.247247     24.980391     24.980391     49.960783
     -2.237237     29.946110     29.946110     59.892220
     -2.227227     34.719946     34.719946     69.439893
     -2.217217     38.765581     38.765581     77.531162
     -2.207207     41.655451     41.655451     83.310901
     -2.197197     43.086893     43.086893     86.173786
     -2.187187     42.903359     42.903359     85.806717
     -2.177177     41.128459     41.128459     82.256918
     -2.167167     37.997835     37.997835     75.995669
     -2.157157     33.953411     33.953411     67.906821
     -2.147147     29.567507     29.567507     59.135013
     -2.137137     25.399044     25.399044     50.798087
     -2.127127     21.832596     21.832596     43.665192
     -2.117117     18.977163     18.977163     37.954325
     -2.107107     16.679577     16.679577     33.359153
     -2.097097     14.646546     14.646546     29.293091
     -2.087087     12.609506     12.609506     25.219012
     -2.077077     10.448203     10.448203     20.896406
     -2.067067      8.221888      8.221888     16.443776
     -2.057057      6.114763      6.114763     12.229526
     -2.047047      4.345077      4.345077      8.690153
     -2.037037      3.091757      3.091757      6.183514
     -2.027027      2.464560      2.464560      4.929119
     -2.017017      2.508472      2.508472      5.016945
     -2.007007      3.214335      3.214335      6.428669
     -1.996997      4.513833      4.513833      9.027666
     -1.986987      6.260142      6.260142     12.520283
     -1.976977      8.218007      8.218007     16.436014
     -1.966967     10.092229     10.092229     20.184457
     -1.956957     11.604512     11.604512     23.209024
     -1.946947     12.594690     12.594690     25.189380
     -1.936937     13.095496     13.095496     26.190993
     -1.926927     13.332141     13.332141     26.664281
     -1.916917     13.633150     13.633150     27.266300
     -1.906907     14.287849     14.287849     28.575698
     -1.896897     15.417249     15.417249     30.834499
     -1.886887     16.918670     16.918670     33.837339
     -1.876877     18.505465     18.505465     37.010931
     -1.866867     19.817633     19.817633     39.635265
     -1.856857     20.552624     20.552624     41.105249
     -1.846847     20.566652     20.566652     41.133304
     -1.836837     19.915064     19.915064     39.830127
     -1.826827     18.822140     18.822140     37.644280
     -1.816817     17.590581     17.590581     35.181161
     -1.806807     16.480771     16.480771     32.961543
     -1.796797     15.606582     15.606582     31.213163
     -1.786787     14.895598     14.895598     29.791197
     -1.776777     14.136764     14.136764     28.273529
     -1.766767     13.094455     13.094455     26.188910
     -1.756757     11.631072     11.631072     23.262144
     -1.746747      9.776404      9.776404     19.552807
     -1.736737      7.715159      7.715159     15.430319
     -1.726727      5.711489      5.711489     11.422978
     -1.716717      4.019259      4.019259      8.038518
     -1.706707      2.823079      2.823079      5.646158
     -1.696697      2.225808      2.225808      4.451615
     -1.686687      2.266436      2.266436      4.532871
     -1.676677      2.937739      2.937739      5.875479
     -1.666667      4.181594      4.181594      8.363188
     -1.656657      5.863267      5.863267     11.726534
     -1.646647      7.749049      7.749049     15.498099
     -1.636637      9.519408      9.519408     19.038816
     -1.626627     10.835458     10.835458     21.670916
     -1.616617     11.446034     11.446034     22.892069
     -1.606607     11.294006     11.294006     22.588013
     -1.596597     10.572757     10.572757     21.145514
     -1.586587      9.702837      9.702837     19.405673
     -1.576577      9.232084      9.232084     18.464169
     -1.566567      9.689551      9.689551     19.379101
     -1.556557     11.432968     11.432968     22.865936
     -1.546547     14.526133     14.526133     29.052267
     -1.536537     18.677191     18.677191     37.354381
     -1.526527     23.263508     23.263508     46.527016
     -1.516517     27.454372     27.454372     54.908744
     -1.506507     30.412182     30.412182     60.824364
     -1.496496     31.515755     31.515755     63.031511
     -1.486486     30.529153     30.529153     61.058306
     -1.476476     27.654659     27.654659     55.309317
     -1.466466     23.455335     23.455335     46.910670
     -1.456456     18.685722     18.685722     37.371444
     -1.446446     14.099927     14.099927     28.199855
     -1.436436     10.301265     10.301265     20.602529
     -1.426426      7.665144      7.665144     15.330288
     -1.416416      6.329119      6.329119     12.658238
     -1.406406      6.222119      6.222119     12.444239
     -1.396396      7.107415      7.107415     14.214829
     -1.386386      8.632420      8.632420     17.264839
     -1.376376     10.393915     10.393915     20.787830
     -1.366366     12.023655     12.023655     24.047310
     -1.356356     13.277513     13.277513     26.555026
     -1.346346     14.090619     14.090619     28.181239
     -1.336336     14.564528     14.564528     29.129056
     -1.326326     14.885915     14.885915     29.771830
     -1.316316     15.218564     15.218564     30.437129
     -1.306306     15.628208     15.628208     31.256416
     -1.296296     16.076123     16.076123     32.152247
     -1.286286     16.468604     16.468604     32.937209
     -1.276276     16.713848     16.713848     33.427697
     -1.266266     16.743345     16.743345     33.486690
     -1.256256     16.494455     16.494455     32.988909
     -1.246246     15.888461     15.888461     31.776922
     -1.236236     14.841253     14.841253     29.682506
     -1.226226     13.311381     13.311381     26.622761
     -1.216216     11.352988     11.352988     22.705976
     -1.206206      9.131917      9.131917     18.263833
     -1.196196      6.888431      6.888431     13.776862
     -1.186186      4.866981      4.866981      9.733962
     -1.176176      3.253001      3.253001      6.506002
     -1.166166      2.147419      2.147419      4.294838
     -1.156156      1.582451      1.582451      3.164901
     -1.146146      1.557733      1.557733      3.115466
     -1.136136      2.067447      2.067447      4.134893
     -1.126126      3.097990      3.097990      6.195979
     -1.116116      4.595248      4.595248      9.190497
     -1.106106      6.421227      6.421227     12.842454
     -1.096096      8.332244      8.332244     16.664487
     -1.086086     10.006760     10.006760     20.013520
     -1.076076     11.128128     11.128128     22.256256
     -1.066066     11.495335     11.495335     22.990670
     -1.056056     11.111928     11.111928     22.223856
     -1.046046     10.206063     10.206063     20.412127
     -1.036036      9.164058      9.164058     18.328115
     -1.026026      8.399488      8.399488     16.798975
     -1.016016      8.208083      8.208083     16.416166
     -1.006006      8.663228      8.663228     17.326456
     -0.995996      9.590029      9.590029     19.180058
     -0.985986     10.627122     10.627122     21.254245
     -0.975976     11.354169     11.354169     22.708338
     -0.965966     11.437933     11.437933     22.875867
     -0.955956     10.740960     10.740960     21.481920
     -0.945946      9.351775      9.351775     18.703550
     -0.935936      7.530692      7.530692     15.061384
     -0.925926      5.603272      5.603272     11.206545
     -0.915916      3.852920      3.852920      7.705839
     -0.905906      2.455411      2.455411      4.910822
     -0.895896      1.470358      1.470358      2.940715
     -0.885886      0.876629      0.876629      1.753259
     -0.875876      0.625074      0.625074      1.250149
     -0.865866      0.683797      0.683797      1.367594
     -0.855856      1.060913      1.060913      2.121826
     -0.845846      1.799001      1.799001      3.598002
     -0.835836      2.942499      2.942499      5.884998
     -0.825826      4.486963      4.486963      8.973927
     -0.815816      6.329041      6.329041     12.658082
     -0.805806      8.243672      8.243672     16.487344
     -0.795796      9.911432      9.911432     19.822864
     -0.785786     10.998893     10.998893     21.997787
     -0.775776     11.265505     11.265505     22.531010
     -0.765766     10.649762     10.649762     21.299523
     -0.755756      9.292169      9.292169     18.584338
     -0.745746      7.483183      7.483183     14.966365
     -0.735736      5.562475      5.562475     11.124951
     -0.725726      3.817368      3.817368      7.634737
     -0.715716      2.421467      2.421467      4.842934
     -0.705706      1.427894      1.427894      2.855789
     -0.695696      0.804437      0.804437      1.608875
     -0.685686      0.485163      0.485163      0.970325
     -0.675676      0.416159      0.416159      0.832317
     -0.665666      0.583436      0.583436      1.166873
     -0.655656      1.019376      1.019376      2.038752
     -0.645646      1.787355      1.787355      3.574710
     -0.635636      2.945738      2.945738      5.891477
     -0.625626      4.497654      4.497654      8.995307
     -0.615616      6.342965      6.342965     12.685930
     -0.605606      8.257555      8.257555     16.515111
     -0.595596      9.922265      9.922265     19.844531
     -0.585586     11.004231     11.004231     22.008462
     -0.575576     11.264086     11.264086     22.528172
     -0.565566     10.641900     10.641900     21.283800
     -0.555556      9.279600      9.279600     18.559200
     -0.545546      7.468376      7.468376     14.936753
     -0.535536      5.547662      5.547662     11.095324
     -0.525526      3.803476      3.803476      7.606951
     -0.515516      2.406790      2.406790      4.813579
     -0.505506      1.405667      1.405667      2.811334
     -0.495495      0.757729      0.757729      1.515457
     -0.485485      0.376992      0.376992      0.753983
     -0.475475      0.173116      0.173116      0.346232
     -0.465465      0.073372      0.073372      0.146743
     -0.455455      0.028702      0.028702      0.057403
     -0.445445      0.010363      0.010363      0.020726
     -0.435435      0.003454      0.003454      0.006908
     -0.425425      0.001065      0.001065      0.002130
     -0.415415      0.000315      0.000315      0.000630
     -0.405405      0.000136      0.000136      0.000271
     -0.395395      0.000239      0.000239      0.000478
     -0.385385      0.000794      0.000794      0.001588
     -0.375375      0.002619      0.002619      0.005238
     -0.365365      0.008010      0.008010      0.016021
     -0.355355      0.022619      0.022619      0.045238
     -0.345345      0.058950      0.058950      0.117900
     -0.335335      0.141802      0.141802      0.283604
     -0.325325      0.314823      0.314823      0.629646
     -0.315315      0.645116      0.645116      1.290231
     -0.305305      1.220100      1.220100      2.440201
     -0.295295      2.129808      2.129808      4.259615
     -0.285285      3.431406      3.431406      6.862811
     -0.275275      5.102589      5.102589     10.205178
     -0.265265      7.003191      7.003191     14.006382
     -0.255255      8.871319      8.871319     17.742638
     -0.245245     10.372114     10.372114     20.744227
     -0.235235     11.192657     11.192657     22.385313
     -0.225225     11.147718     11.147718     22.295435
     -0.215215     10.247681     10.247681     20.495361
     -0.205205      8.694649      8.694649     17.389298
     -0.195195      6.808718      6.808718     13.617437
     -0.185185      4.921138      4.921138      9.842276
     -0.175175      3.282862      3.282862      6.565723
     -0.165165      2.021280      2.021280      4.042560
     -0.155155      1.148649      1.148649      2.297297
     -0.145145      0.602469      0.602469      1.204938
     -0.135135      0.291655      0.291655      0.583310
     -0.125125      0.130314      0.130314      0.260628
     -0.115115      0.053740      0.053740      0.107480
     -0.105105      0.020455      0.020455      0.040909
     -0.095095      0.007186      0.007186      0.014372
     -0.085085      0.002330      0.002330      0.004660
     -0.075075      0.000697      0.000697      0.001395
     -0.065065      0.000193      0.000193      0.000385
     -0.055055      0.000049      0.000049      0.000098
     -0.045045      0.000012      0.000012      0.000023
     -0.035035      0.000003      0.000003      0.000005
     -0.025025      0.000001      0.000001      0.000001
     -0.015015      0.000000      0.000000      0.000000
     -0.005005      0.000000      0.000000      0.000000
      0.005005      0.000000      0.000000      0.000000
      0.015015      0.000000      0.000000      0.000000
      0.025025      0.000001      0.000001      0.000001
      0.035035      0.000003      0.000003      0.000005
      0.045045      0.000012      0.000012      0.000023
      0.055055      0.000049      0.000049      0.000098
      0.065065      0.000193      0.000193      0.000385
      0.075075      0.000697      0.000697      0.001395
      0.085085      0.002330      0.002330      0.004660
      0.095095      0.007186      0.007186      0.014372
      0.105105      0.020455      0.020455      0.040909
      0.115115      0.053740      0.053740      0.107480
      0.125125      0.130314      0.130314      0.260628
      0.135135      0.291655      0.291655      0.583310
      0.145145      0.602469      0.602469      1.204938
      0.155155      1.148649      1.148649      2.297297
      0.165165      2.021280      2.021280      4.042560
      0.175175      3.282862      3.282862      6.565723
      0.185185      4.921138      4.921138      9.842276
      0.195195      6.808718      6.808718     13.617437
      0.205205      8.694649      8.694649     17.389298
      0.215215     10.247681     10.247681     20.495361
      0.225225     11.147718     11.147718     22.295435
      0.235235     11.192657     11.192657     22.385313
      0.245245     10.372114     10.372114     20.744227
      0.255255      8.871319      8.871319     17.742638
      0.265265      7.003191      7.003191     14.006382
      0.275275      5.102589      5.102589     10.205178
      0.285285      3.431406      3.431406      6.862811
      0.295295      2.129808      2.129808      4.259615
      0.305305      1.220100      1.220100      2.440201
      0.315315      0.645116      0.645116      1.290231
      0.325325      0.314823      0.314823      0.629646
      0.335335      0.141802      0.141802      0.283604
      0.345345      0.058950      0.058950      0.117900
      0.355355      0.022619      0.022619      0.045238
      0.365365      0.008010      0.008010      0.016021
      0.375375      0.002619      0.002619      0.005237
      0.385385      0.000792      0.000792      0.001584
      0.395395      0.000229      0.000229      0.000458
      0.405405      0.000095      0.000095      0.000190
      0.415415      0.000166      0.000166      0.000333
      0.425425      0.000564      0.000564      0.001129
      0.435435      0.001903      0.001903      0.003806
      0.445445      0.005950      0.005950      0.011900
      0.455455      0.017172      0.017172      0.034344
      0.465465      0.045745      0.045745      0.091490
      0.475475      0.112472      0.112472      0.224945
      0.485485      0.255233      0.255233      0.510466
      0.495495      0.534581      0.534581      1.069163
      0.505506      1.033423      1.033423      2.066845
      0.515516      1.843865      1.843865      3.687729
      0.525526      3.036456      3.036456      6.072912
      0.535536      4.615213      4.615213      9.230426
      0.545546      6.474458      6.474458     12.948915
      0.555556      8.383049      8.383049     16.766098
      0.565566     10.018158     10.018158     20.036316
      0.575576     11.049998     11.049998     22.099997
      0.585586     11.249400     11.249400     22.498800
      0.595596     10.570751     10.570751     21.141503
      0.605606      9.169670      9.169670     18.339340
      0.615616      7.346931      7.346931     14.693861
      0.625626      5.447979      5.447979     10.895958
      0.635636      3.766847      3.766847      7.533695
      0.645646      2.493901      2.493901      4.987803
      0.655656      1.717901      1.717901      3.435801
      0.665666      1.463882      1.463882      2.927763
      0.675676      1.734488      1.734488      3.468975
      0.685686      2.526936      2.526936      5.053873
      0.695696      3.815220      3.815220      7.630439
      0.705706      5.508821      5.508821     11.017642
      0.715716      7.416481      7.416481     14.832961
      0.725726      9.247757      9.247757     18.495513
      0.735736     10.670740     10.670740     21.341480
      0.745746     11.414667     11.414667     22.829333
      0.755756     11.376255     11.376255     22.752509
      0.765766     10.677715     10.677715     21.355429
      0.775776      9.642031      9.642031     19.284062
      0.785786      8.688549      8.688549     17.377097
      0.795796      8.187891      8.187891     16.375783
      0.805806      8.331672      8.331672     16.663344
      0.815816      9.065025      9.065025     18.130050
      0.825826     10.105916     10.105916     20.211831
      0.835836     11.044437     11.044437     22.088874
      0.845846     11.486311     11.486311     22.972623
      0.855856     11.186677     11.186677     22.373353
      0.865866     10.122696     10.122696     20.245392
      0.875876      8.479735      8.479735     16.959470
      0.885886      6.565080      6.565080     13.130161
      0.895896      4.694035      4.694035      9.388069
      0.905906      3.098541      3.098541      6.197082
      0.915916      1.888056      1.888056      3.776113
      0.925926      1.062033      1.062033      2.124066
      0.935936      0.551879      0.551879      1.103757
      0.945946      0.266333      0.266333      0.532665
      0.955956      0.123700      0.123700      0.247399
      0.965966      0.067398      0.067398      0.134795
      0.975976      0.069950      0.069950      0.139899
      0.985986      0.132714      0.132714      0.265427
      0.995996      0.285987      0.285987      0.571974
      1.006006      0.589313      0.589313      1.178626
      1.016016      1.127155      1.127155      2.254311
      1.026026      1.992915      1.992915      3.985830
      1.036036      3.257158      3.257158      6.514316
      1.046046      4.925190      4.925190      9.850380
      1.056056      6.901705      6.901705     13.803411
      1.066066      8.987416      8.987416     17.974833
      1.076076     10.924558     10.924558     21.849116
      1.086086     12.482938     12.482938     24.965877
      1.096096     13.548570     13.548570     27.097140
      1.106106     14.165114     14.165114     28.330229
      1.116116     14.499427     14.499427     28.998853
      1.126126     14.747906     14.747906     29.495812
      1.136136     15.039433     15.039433     30.078866
      1.146146     15.392707     15.392707     30.785413
      1.156156     15.746586     15.746586     31.493172
      1.166166     16.030490     16.030490     32.060980
      1.176176     16.218109     16.218109     32.436217
      1.186186     16.329447     16.329447     32.658894
      1.196196     16.393195     16.393195     32.786390
      1.206206     16.412505     16.412505     32.825009
      1.216216     16.366622     16.366622     32.733244
      1.226226     16.240942     16.240942     32.481883
      1.236236     16.047626     16.047626     32.095252
      1.246246     15.807145     15.807145     31.614290
      1.256256     15.500487     15.500487     31.000975
      1.266266     15.035518     15.035518     30.071035
      1.276276     14.266994     14.266994     28.533987
      1.286286     13.070073     13.070073     26.140145
      1.296296     11.425163     11.425163     22.850327
      1.306306      9.462243      9.462243     18.924485
      1.316316      7.441237      7.441237     14.882474
      1.326326      5.686709      5.686709     11.373418
      1.336336      4.517238      4.517238      9.034476
      1.346346      4.199246      4.199246      8.398492
      1.356356      4.925192      4.925192      9.850384
      1.366366      6.793713      6.793713     13.587427
      1.376376      9.772570      9.772570     19.545141
      1.386386     13.651156     13.651156     27.302312
      1.396396     18.016564     18.016564     36.033128
      1.406406     22.291443     22.291443     44.582885
      1.416416     25.844285     25.844285     51.688570
      1.426426     28.139351     28.139351     56.278702
      1.436436     28.865225     28.865225     57.730450
      1.446446     27.990223     27.990223     55.980445
      1.456456     25.733307     25.733307     51.466615
      1.466466     22.480744     22.480744     44.961489
      1.476476     18.693555     18.693555     37.387110
      1.486486     14.835788     14.835788     29.671576
      1.496496     11.328511     11.328511     22.657023
      1.506507      8.520020      8.520020     17.040040
      1.516517      6.663339      6.663339     13.326677
      1.526527      5.898415      5.898415     11.796829
      1.536537      6.240127      6.240127     12.480255
      1.546547      7.574709      7.574709     15.149417
      1.556557      9.669769      9.669769     19.339537
      1.566567     12.205140     12.205140     24.410279
      1.576577     14.827597     14.827597     29.655194
      1.586587     17.221218     17.221218     34.442437
      1.596597     19.174303     19.174303     38.348606
      1.606607     20.622488     20.622488     41.244977
      1.616617     21.656544     21.656544     43.313087
      1.626627     22.493795     22.493795     44.987589
      1.636637     23.417359     23.417359     46.834717
      1.646647     24.690307     24.690307     49.380614
      1.656657     26.460668     26.460668     52.921337
      1.666667     28.687823     28.687823     57.375646
      1.676677     31.128356     31.128356     62.256712
      1.686687     33.404384     33.404384     66.808767
      1.696697     35.138546     35.138546     70.277091
      1.706707     36.096840     36.096840     72.193679
      1.716717     36.263501     36.263501     72.527002
      1.726727     35.801067     35.801067     71.602133
      1.736737     34.914966     34.914966     69.829932
      1.746747     33.706541     33.706541     67.413082
      1.756757     32.114373     32.114373     64.228746
      1.766767     29.991906     29.991906     59.983813
      1.776777     27.278965     27.278965     54.557930
      1.786787     24.157282     24.157282     48.314565
      1.796797     21.083144     21.083144     42.166287
      1.806807     18.660871     18.660871     37.321742
      1.816817     17.411073     17.411073     34.822146
      1.826827     17.543165     17.543165     35.086330
      1.836837     18.838511     18.838511     37.677022
      1.846847     20.699792     20.699792     41.399584
      1.856857     22.351746     22.351746     44.703492
      1.866867     23.115893     23.115893     46.231786
      1.876877     22.649364     22.649364     45.298728
      1.886887     21.050224     21.050224     42.100448
      1.896897     18.787977     18.787977     37.575955
      1.906907     16.495298     16.495298     32.990597
      1.916917     14.718096     14.718096     29.436192
      1.926927     13.735024     13.735024     27.470048
      1.936937     13.518723     13.518723     27.037447
      1.946947     13.840130     13.840130     27.680260
      1.956957     14.448614     14.448614     28.897229
      1.966967     15.226246     15.226246     30.452492
      1.976977     16.231204     16.231204     32.462407
      1.986987     17.607549     17.607549     35.215098
      1.996997     19.416897     19.416897     38.833795
      2.007007     21.498790     21.498790     42.997580
      2.017017     23.456728     23.456728     46.913457
      2.027027     24.795012     24.795012     49.590025
      2.037037     25.137615     25.137615     50.275230
      2.047047     24.403934     24.403934     48.807868
      2.057057     22.837401     22.837401     45.674802
      2.067067     20.871073     20.871073     41.742146
      2.077077     18.912430     18.912430     37.824859
      2.087087     17.173437     17.173437     34.346875
      2.097097     15.635701     15.635701     31.271401
      2.107107     14.153345     14.153345     28.306689
      2.117117     12.617975     12.617975     25.235949
      2.127127     11.086858     11.086858     22.173716
      2.137137      9.811208      9.811208     19.622416
      2.147147      9.162732      9.162732     18.325463
      2.157157      9.502987      9.502987     19.005974
      2.167167     11.052122     11.052122     22.104243
      2.177177     13.798546     13.798546     27.597093
      2.187187     17.468486     17.468486     34.936972
      2.197197     21.557495     21.557495     43.114990
      2.207207     25.416266     25.416266     50.832531
      2.217217     28.375389     28.375389     56.750778
      2.227227     29.885025     29.885025     59.770051
      2.237237     29.637591     29.637591     59.275183
      2.247247     27.639573     27.639573     55.279145
      2.257257     24.207585     24.207585     48.415171
      2.267267     19.885279     19.885279     39.770558
      2.277277     15.305843     15.305843     30.611686
      2.287287     11.046994     11.046994     22.093988
      2.297297      7.528376      7.528376     15.056752
      2.307307      4.981708      4.981708      9.963415
      2.317317      3.491332      3.491332      6.982664
      2.327327      3.073889      3.073889      6.147779
      2.337337      3.753342      3.753342      7.506684
      2.347347      5.594117      5.594117     11.188234
      2.357357      8.674744      8.674744     17.349489
      2.367367     13.008806     13.008806     26.017611
      2.377377     18.442355     18.442355     36.884710
      2.387387     24.571720     24.571720     49.143441
      2.397397     30.727182     30.727182     61.454364
      2.407407     36.052267     36.052267     72.104535
      2.417417     39.675689     39.675689     79.351379
      2.427427     40.932199     40.932199     81.864398
      2.437437     39.557299     39.557299     79.114598
      2.447447     35.778187     35.778187     71.556373
      2.457457     30.258149     30.258149     60.516298
      2.467467     23.911883     23.911883     47.823767
      2.477477     17.664691     17.664691     35.329383
      2.487487     12.248614     12.248614     24.497227
      2.497497      8.102862      8.102862     16.205724
      2.507508      5.391304      5.391304     10.782608
      2.517518      4.097683      4.097683      8.195365
      2.527528      4.134926      4.134926      8.269852
      2.537538      5.413948      5.413948     10.827896
      2.547548      7.848372      7.848372     15.696745
      2.557558     11.306747     11.306747     22.613493
      2.567568     15.548510     15.548510     31.097021
      2.577578     20.186708     20.186708     40.373416
      2.587588     24.708691     24.708691     49.417382
      2.597598     28.561137     28.561137     57.122275
      2.607608     31.276994     31.276994     62.553988
      2.617618     32.600258     32.600258     65.200516
      2.627628     32.559596     32.559596     65.119191
      2.637638     31.458594     31.458594     62.917189
      2.647648     29.784900     29.784900     59.569799
      2.657658     28.077002     28.077002     56.154003
      2.667668     26.804800     26.804800     53.609599
      2.677678     26.305732     26.305732     52.611464
      2.687688     26.780543     26.780543     53.561086
      2.697698     28.317259     28.317259     56.634518
      2.707708     30.902322     30.902322     61.804645
      2.717718     34.397995     34.397995     68.795991
      2.727728     38.499078     38.499078     76.998157
      2.737738     42.708205     42.708205     85.416410
      2.747748     46.373387     46.373387     92.746775
      2.757758     48.810075     48.810075     97.620151
      2.767768     49.487895     49.487895     98.975790
      2.777778     48.215988     48.215988     96.431976
      2.787788     45.238243     45.238243     90.476486
      2.797798     41.174627     41.174627     82.349254
      2.807808     36.814855     36.814855     73.629709
      2.817818     32.848633     32.848633     65.697266
      2.827828     29.653035     29.653035     59.306071
      2.837838     27.227490     27.227490     54.454979
      2.847848     25.290063     25.290063     50.580126
      2.857858     23.472660     23.472660     46.945321
      2.867868     21.517373     21.517373     43.034746
      2.877878     19.390490     19.390490     38.780981
      2.887888     17.277189     17.277189     34.554379
      2.897898     15.473541     15.473541     30.947082
      2.907908     14.233633     14.233633     28.467267
      2.917918     13.645824     13.645824     27.291648
      2.927928     13.596802     13.596802     27.193604
      2.937938     13.838558     13.838558     27.677117
      2.947948     14.119777     14.119777     28.239554
      2.957958     14.308118     14.308118     28.616237
      2.967968     14.436151     14.436151     28.872302
      2.977978     14.650015     14.650015     29.300029
      2.987988     15.097927     15.097927     30.195855
      2.997998     15.827430     15.827430     31.654859
      3.008008     16.746060     16.746060     33.492119
      3.018018     17.653799     17.653799     35.307599
      3.028028     18.313228     18.313228     36.626456
      3.038038     18.513841     18.513841     37.027682
      3.048048     18.109436     18.109436     36.218872
      3.058058     17.035346     17.035346     34.070692
      3.068068     15.320112     15.320112     30.640225
      3.078078     13.092628     13.092628     26.185256
      3.088088     10.570917     10.570917     21.141833
      3.098098      8.021565      8.021565     16.043131
      3.108108      5.697995      5.697995     11.395989
      3.118118      3.783246      3.783246      7.566493
      3.128128      2.363178      2.363178      4.726356
      3.138138      1.439407      1.439407      2.878813
      3.148148      0.971352      0.971352      1.942704
      3.158158      0.925757      0.925757      1.851513
      3.168168      1.312684      1.312684      2.625368
      3.178178      2.194194      2.194194      4.388389
      3.188188      3.660428      3.660428      7.320856
      3.198198      5.776833      5.776833     11.553665
      3.208208      8.516910      8.516910     17.033820
      3.218218     11.705397     11.705397     23.410794
      3.228228     15.000985     15.000985     30.001969
      3.238238     17.938815     17.938815     35.877629
      3.248248     20.030700     20.030700     40.061401
      3.258258     20.894134     20.894134     41.788269
      3.268268     20.363743     20.363743     40.727487
      3.278278     18.541602     18.541602     37.083203
      3.288288     15.766028     15.766028     31.532056
      3.298298     12.511531     12.511531     25.023063
      3.308308      9.259469      9.259469     18.518937
      3.318318      6.387128      6.387128     12.774255
      3.328328      4.109738      4.109738      8.219476
      3.338338      2.484046      2.484046      4.968091
      3.348348      1.457584      1.457584      2.915168
      3.358358      0.935448      0.935448      1.870896
      3.368368      0.837933      0.837933      1.675866
      3.378378      1.131943      1.131943      2.263887
      3.388388      1.829495      1.829495      3.658990
      3.398398      2.955310      2.955310      5.910620
      3.408408      4.494267      4.494267      8.988534
      3.418418      6.339535      6.339535     12.679070
      3.428428      8.269463      8.269463     16.538926
      3.438438      9.977066      9.977066     19.954132
      3.448448     11.155191     11.155191     22.310381
      3.458458     11.609647     11.609647     23.219294
      3.468468     11.349663     11.349663     22.699326
      3.478478     10.607286     10.607286     21.214571
      3.488488      9.767633      9.767633     19.535265
      3.498498      9.234500      9.234500     18.468999
      3.508509      9.287333      9.287333     18.574665
      3.518519      9.989958      9.989958     19.979916
      3.528529     11.187857     11.187857     22.375715
      3.538539     12.590619     12.590619     25.181238
      3.548549     13.897053     13.897053     27.794107
      3.558559     14.900738     14.900738     29.801475
      3.568569     15.526094     15.526094     31.052189
      3.578579     15.786575     15.786575     31.573150
      3.588589     15.704181     15.704181     31.408363
      3.598599     15.251707     15.251707     30.503413
      3.608609     14.358840     14.358840     28.717679
      3.618619     12.974657     12.974657     25.949314
      3.628629     11.138255     11.138255     22.276510
      3.638639      9.005699      9.005699     18.011398
      3.648649      6.814565      6.814565     13.629130
      3.658659      4.809407      4.809407      9.618815
      3.668669      3.172301      3.172301      6.344601
      3.678679      1.992534      1.992534      3.985067
      3.688689      1.281758      1.281758      2.563515
      3.698699      1.016238      1.016238      2.032476
      3.708709      1.178411      1.178411      2.356823
      3.718719      1.775011      1.775011      3.550023
      3.728729      2.821879      2.821879      5.643759
      3.738739      4.300820      4.300820      8.601640
      3.748749      6.108466      6.108466     12.216932
      3.758759      8.026558      8.026558     16.053116
      3.768769      9.740135      9.740135     19.480270
      3.778779     10.910605     10.910605     21.821209
      3.788789     11.280659     11.280659     22.561319
      3.798799     10.764916     10.764916     21.529832
      3.808809      9.481446      9.481446     18.962891
      3.818819      7.707713      7.707713     15.415427
      3.828829      5.783138      5.783138     11.566276
      3.838839      4.004877      4.004877      8.009755
      3.848849      2.559806      2.559806      5.119612
      3.858859      1.510243      1.510243      3.020487
      3.868869      0.822830      0.822830      1.645661
      3.878879      0.415280      0.415280      0.830561
      3.888889      0.198134      0.198134      0.396268
      3.898899      0.100647      0.100647      0.201293
      3.908909      0.081696      0.081696      0.163393
      3.918919      0.132367      0.132367      0.264734
      3.928929      0.276307      0.276307      0.552614
      3.938939      0.569612      0.569612      1.139223
      3.948949      1.096850      1.096850      2.193700
      3.958959      1.956969      1.956969      3.913937
      3.968969      3.234899      3.234899      6.469799
      3.978979      4.963029      4.963029      9.926059
      3.988989      7.088182      7.088182     14.176364
      3.998999      9.466202      9.466202     18.932403
      4.009009     11.898461     11.898461     23.796922
      4.019019     14.201497     14.201497     28.402993
      4.029029     16.275093     16.275093     32.550185
      4.039039     18.126227     18.126227     36.252454
      4.049049     19.828611     19.828611     39.657222
      4.059059     21.439593     21.439593     42.879185
      4.069069     22.928646     22.928646     45.857292
      4.079079     24.168212     24.168212     48.336423
      4.089089     24.997605     24.997605     49.995209
      4.099099     25.321217     25.321217     50.642434
      4.109109     25.178146     25.178146     50.356292
      4.119119     24.737982     24.737982     49.475963
      4.129129     24.223825     24.223825     48.447651
      4.139139     23.807257     23.807257     47.614513
      4.149149     23.533936     23.533936     47.067872
      4.159159     23.317590     23.317590     46.635180
      4.169169     23.000951     23.000951     46.001903
      4.179179     22.448972     22.448972     44.897944
      4.189189     21.627477     21.627477     43.254953
      4.199199     20.630686     20.630686     41.261373
      4.209209     19.646086     19.646086     39.292171
      4.219219     18.874597     18.874597     37.749194
      4.229229     18.445696     18.445696     36.891393
      4.239239     18.368921     18.368921     36.737842
      4.249249     18.541612     18.541612     37.083224
      4.259259     18.800361     18.800361     37.600721
      4.269269     18.983201     18.983201     37.966402
      4.279279     18.974531     18.974531     37.949063
      4.289289     18.725838     18.725838     37.451677
      4.299299     18.260062     18.260062     36.520124
      4.309309     17.664216     17.664216     35.328431
      4.319319     17.065032     17.065032     34.130063
      4.329329     16.585771     16.585771     33.171543
      4.339339     16.301646     16.301646     32.603293
      4.349349     16.225639     16.225639     32.451279
      4.359359     16.342683     16.342683     32.685366
      4.369369     16.670698     16.670698     33.341396
      4.379379     17.293888     17.293888     34.587775
      4.389389     18.321306     18.321306     36.642613
      4.399399     19.775801     19.775801     39.551602
      4.409409     21.479571     21.479571     42.959143
      4.419419     23.024117     23.024117     46.048234
      4.429429     23.871251     23.871251     47.742503
      4.439439     23.551491     23.551491     47.102982
      4.449449     21.860910     21.860910     43.721821
      4.459459     18.953020     18.953020     37.906040
      4.469469     15.281353     15.281353     30.562706
      4.479479     11.430436     11.430436     22.860873
      4.489489      7.924878      7.924878     15.849755
      4.499499      5.101695      5.101695     10.203390
      4.509510      3.083404      3.083404      6.166808
      4.519520      1.835504      1.835504      3.671009
      4.529530      1.261991      1.261991      2.523982
      4.539540      1.292338      1.292338      2.584676
      4.549550      1.929850      1.929850      3.859700
      4.559560      3.248813      3.248813      6.497627
      4.569570      5.341168      5.341168     10.682336
      4.579580      8.226929      8.226929     16.453858
      4.589590     11.760199     11.760199     23.520397
      4.599600     15.578157     15.578157     31.156313
      4.609610     19.138159     19.138159     38.276318
      4.619620     21.856118     21.856118     43.712235
      4.629630     23.305409     23.305409     46.610817
      4.639640     23.390000     23.390000     46.779999
      4.649650     22.402905     22.402905     44.805810
      4.659660     20.932205     20.932205     41.864410
      4.669670     19.654578     19.654578     39.309156
      4.679680     19.111744     19.111744     38.223487
      4.689690     19.563334     19.563334     39.126669
      4.699700     20.956049     20.956049     41.912097
      4.709710     22.984727     22.984727     45.969453
      4.719720     25.190403     25.190403     50.380805
      4.729730     27.056296     27.056296     54.112593
      4.739740     28.099013     28.099013     56.198026
      4.749750     27.969203     27.969203     55.938405
      4.759760     26.556826     26.556826     53.113653
      4.769770     24.062114     24.062114     48.124228
      4.779780     20.982573     20.982573     41.965145
      4.789790     17.997776     17.997776     35.995551
      4.799800     15.788283     15.788283     31.576565
      4.809810     14.862889     14.862889     29.725778
      4.819820     15.461605     15.461605     30.923211
      4.829830     17.555275     17.555275     35.110549
      4.839840     20.908592     20.908592     41.817184
      4.849850     25.147745     25.147745     50.295489
      4.859860     29.793552     29.793552     59.587104
      4.869870     34.270618     34.270618     68.541236
      4.879880     37.942550     37.942550     75.885101
      4.889890     40.215424     40.215424     80.430848
      4.899900     40.695139     40.695139     81.390279
      4.909910     39.322636     39.322636     78.645271
      4.919920     36.400492     36.400492     72.800984
      4.929930     32.483118     32.483118     64.966235
      4.939940     28.188485     28.188485     56.376971
      4.949950     24.033865     24.033865     48.067731
      4.959960     20.367122     20.367122     40.734245
      4.969970     17.388319     17.388319     34.776638
      4.979980     15.198159     15.198159     30.396318
      4.989990     13.812758     13.812758     27.625516
      5.000000     13.136325     13.136325     26.272649
