# EIG2DOS: Utility for SIESTA to obtain the electronic density of states
#  E. Artacho, Apr 1999, A. Garcia, Apr 2012
#  Nick R. Papior, Feb 2017
# ------------------------------------------
# Eigenvalues calculated from a non-polarized calculation
# Eigenvalues read from siesta.EIG
# Kpoint weights read from siesta.KP
# Using smearing parameter:   0.0500
# Using 1000 points in the energy range
# Selected bands: 1 to: 2981
# Emin, Emax in file for selected band(s):    -27.3855142    218.4062440
# Nbands, Nspin, Nk   =   2981     1     1
# E_F                 =    -4.1950 eV --> (shifted to ZERO)
# Broadening          =     0.0500 eV
#
#        E            N(up)  (=)   N(down)         Ntot
     -5.000000     36.541721     36.541721     73.083442
     -4.989990     40.928921     40.928921     81.857843
     -4.979980     44.269812     44.269812     88.539623
     -4.969970     45.974144     45.974144     91.948288
     -4.959960     45.758308     45.758308     91.516616
     -4.949950     43.738940     43.738940     87.477880
     -4.939940     40.402437     40.402437     80.804874
     -4.929930     36.487271     36.487271     72.974542
     -4.919920     32.840954     32.840954     65.681907
     -4.909910     30.291798     30.291798     60.583595
     -4.899900     29.533685     29.533685     59.067370
     -4.889890     31.001364     31.001364     62.002729
     -4.879880     34.736769     34.736769     69.473538
     -4.869870     40.295488     40.295488     80.590976
     -4.859860     46.770102     46.770102     93.540203
     -4.849850     52.976337     52.976337    105.952675
     -4.839840     57.765874     57.765874    115.531748
     -4.829830     60.348060     60.348060    120.696121
     -4.819820     60.481636     60.481636    120.963272
     -4.809810     58.458002     58.458002    116.916003
     -4.799800     54.904106     54.904106    109.808212
     -4.789790     50.517951     50.517951    101.035902
     -4.779780     45.862691     45.862691     91.725382
     -4.769770     41.287735     41.287735     82.575470
     -4.759760     36.964233     36.964233     73.928465
     -4.749750     32.970886     32.970886     65.941771
     -4.739740     29.365096     29.365096     58.730192
     -4.729730     26.207083     26.207083     52.414166
     -4.719720     23.540463     23.540463     47.080927
     -4.709710     21.354673     21.354673     42.709346
     -4.699700     19.561864     19.561864     39.123728
     -4.689690     18.016308     18.016308     36.032615
     -4.679680     16.586354     16.586354     33.172709
     -4.669670     15.259273     15.259273     30.518547
     -4.659660     14.230878     14.230878     28.461755
     -4.649650     13.923427     13.923427     27.846853
     -4.639640     14.896237     14.896237     29.792474
     -4.629630     17.656276     17.656276     35.312553
     -4.619620     22.423439     22.423439     44.846878
     -4.609610     28.939425     28.939425     57.878849
     -4.599600     36.414618     36.414618     72.829237
     -4.589590     43.671581     43.671581     87.343162
     -4.579580     49.467593     49.467593     98.935187
     -4.569570     52.889443     52.889443    105.778887
     -4.559560     53.660600     53.660600    107.321200
     -4.549550     52.224232     52.224232    104.448464
     -4.539540     49.561878     49.561878     99.123755
     -4.529530     46.825948     46.825948     93.651896
     -4.519520     44.940393     44.940393     89.880785
     -4.509510     44.323058     44.323058     88.646116
     -4.499499     44.816888     44.816888     89.633776
     -4.489489     45.825930     45.825930     91.651861
     -4.479479     46.577713     46.577713     93.155426
     -4.469469     46.400819     46.400819     92.801639
     -4.459459     44.919986     44.919986     89.839971
     -4.449449     42.119173     42.119173     84.238345
     -4.439439     38.283102     38.283102     76.566204
     -4.429429     33.873229     33.873229     67.746458
     -4.419419     29.405238     29.405238     58.810476
     -4.409409     25.369615     25.369615     50.739230
     -4.399399     22.193814     22.193814     44.387628
     -4.389389     20.214531     20.214531     40.429063
     -4.379379     19.632753     19.632753     39.265507
     -4.369369     20.457040     20.457040     40.914079
     -4.359359     22.473039     22.473039     44.946078
     -4.349349     25.279761     25.279761     50.559521
     -4.339339     28.399769     28.399769     56.799539
     -4.329329     31.424220     31.424220     62.848440
     -4.319319     34.127778     34.127778     68.255557
     -4.309309     36.500741     36.500741     73.001483
     -4.299299     38.686205     38.686205     77.372411
     -4.289289     40.852548     40.852548     81.705096
     -4.279279     43.054669     43.054669     86.109339
     -4.269269     45.138292     45.138292     90.276584
     -4.259259     46.728394     46.728394     93.456788
     -4.249249     47.320341     47.320341     94.640682
     -4.239239     46.458206     46.458206     92.916413
     -4.229229     43.942108     43.942108     87.884215
     -4.219219     39.975039     39.975039     79.950077
     -4.209209     35.167629     35.167629     70.335258
     -4.199199     30.376660     30.376660     60.753320
     -4.189189     26.435031     26.435031     52.870061
     -4.179179     23.889579     23.889579     47.779157
     -4.169169     22.862193     22.862193     45.724386
     -4.159159     23.089315     23.089315     46.178631
     -4.149149     24.109476     24.109476     48.218952
     -4.139139     25.501470     25.501470     51.002941
     -4.129129     27.056198     27.056198     54.112396
     -4.119119     28.799202     28.799202     57.598404
     -4.109109     30.854860     30.854860     61.709719
     -4.099099     33.227603     33.227603     66.455206
     -4.089089     35.630244     35.630244     71.260487
     -4.079079     37.478132     37.478132     74.956264
     -4.069069     38.083317     38.083317     76.166635
     -4.059059     36.965238     36.965238     73.930476
     -4.049049     34.115685     34.115685     68.231371
     -4.039039     30.071765     30.071765     60.143531
     -4.029029     25.755648     25.755648     51.511296
     -4.019019     22.166662     22.166662     44.333323
     -4.009009     20.079465     20.079465     40.158929
     -3.998999     19.876368     19.876368     39.752735
     -3.988989     21.551410     21.551410     43.102821
     -3.978979     24.833127     24.833127     49.666255
     -3.968969     29.334279     29.334279     58.668558
     -3.958959     34.659551     34.659551     69.319103
     -3.948949     40.455381     40.455381     80.910762
     -3.938939     46.425677     46.425677     92.851354
     -3.928929     52.338832     52.338832    104.677665
     -3.918919     58.025570     58.025570    116.051139
     -3.908909     63.347400     63.347400    126.694801
     -3.898899     68.126868     68.126868    136.253737
     -3.888889     72.066903     72.066903    144.133805
     -3.878879     74.715104     74.715104    149.430207
     -3.868869     75.520623     75.520623    151.041246
     -3.858859     73.986117     73.986117    147.972233
     -3.848849     69.863027     69.863027    139.726055
     -3.838839     63.308682     63.308682    126.617364
     -3.828829     54.934206     54.934206    109.868413
     -3.818819     45.714864     45.714864     91.429727
     -3.808809     36.786445     36.786445     73.572890
     -3.798799     29.190552     29.190552     58.381105
     -3.788789     23.645314     23.645314     47.290629
     -3.778779     20.405616     20.405616     40.811231
     -3.768769     19.246408     19.246408     38.492817
     -3.758759     19.566425     19.566425     39.132850
     -3.748749     20.578714     20.578714     41.157427
     -3.738739     21.535699     21.535699     43.071399
     -3.728729     21.931676     21.931676     43.863353
     -3.718719     21.632894     21.632894     43.265788
     -3.708709     20.901802     20.901802     41.803603
     -3.698699     20.305331     20.305331     40.610662
     -3.688689     20.525674     20.525674     41.051348
     -3.678679     22.122053     22.122053     44.244106
     -3.668669     25.314976     25.314976     50.629952
     -3.658659     29.867972     29.867972     59.735943
     -3.648649     35.116319     35.116319     70.232638
     -3.638639     40.140479     40.140479     80.280959
     -3.628629     44.023701     44.023701     88.047402
     -3.618619     46.098374     46.098374     92.196747
     -3.608609     46.095197     46.095197     92.190394
     -3.598599     44.158368     44.158368     88.316736
     -3.588589     40.748556     40.748556     81.497113
     -3.578579     36.489672     36.489672     72.979345
     -3.568569     32.013522     32.013522     64.027043
     -3.558559     27.834782     27.834782     55.669563
     -3.548549     24.272020     24.272020     48.544040
     -3.538539     21.426687     21.426687     42.853374
     -3.528529     19.227670     19.227670     38.455339
     -3.518519     17.529278     17.529278     35.058557
     -3.508509     16.221061     16.221061     32.442122
     -3.498498     15.293520     15.293520     30.587039
     -3.488488     14.824383     14.824383     29.648765
     -3.478478     14.897502     14.897502     29.795003
     -3.468468     15.507938     15.507938     31.015876
     -3.458458     16.511995     16.511995     33.023990
     -3.448448     17.647997     17.647997     35.295994
     -3.438438     18.609886     18.609886     37.219773
     -3.428428     19.133441     19.133441     38.266883
     -3.418418     19.063976     19.063976     38.127951
     -3.408408     18.397476     18.397476     36.794951
     -3.398398     17.299704     17.299704     34.599407
     -3.388388     16.102143     16.102143     32.204287
     -3.378378     15.263541     15.263541     30.527082
     -3.368368     15.288823     15.288823     30.577645
     -3.358358     16.615227     16.615227     33.230454
     -3.348348     19.493689     19.493689     38.987378
     -3.338338     23.897160     23.897160     47.794321
     -3.328328     29.477295     29.477295     58.954590
     -3.318318     35.579681     35.579681     71.159363
     -3.308308     41.323899     41.323899     82.647797
     -3.298298     45.751012     45.751012     91.502024
     -3.288288     48.023910     48.023910     96.047821
     -3.278278     47.634541     47.634541     95.269082
     -3.268268     44.547350     44.547350     89.094701
     -3.258258     39.216328     39.216328     78.432655
     -3.248248     32.459804     32.459804     64.919607
     -3.238238     25.238336     25.238336     50.476671
     -3.228228     18.420056     18.420056     36.840111
     -3.218218     12.613769     12.613769     25.227538
     -3.208208      8.110727      8.110727     16.221455
     -3.198198      4.927924      4.927924      9.855848
     -3.188188      2.913467      2.913467      5.826933
     -3.178178      1.866950      1.866950      3.733901
     -3.168168      1.638202      1.638202      3.276405
     -3.158158      2.183552      2.183552      4.367105
     -3.148148      3.570728      3.570728      7.141456
     -3.138138      5.930965      5.930965     11.861930
     -3.128128      9.365836      9.365836     18.731672
     -3.118118     13.831984     13.831984     27.663969
     -3.108108     19.046169     19.046169     38.092337
     -3.098098     24.462264     24.462264     48.924527
     -3.088088     29.355343     29.355343     58.710687
     -3.078078     33.002576     33.002576     66.005151
     -3.068068     34.895733     34.895733     69.791466
     -3.058058     34.890547     34.890547     69.781094
     -3.048048     33.220517     33.220517     66.441034
     -3.038038     30.371489     30.371489     60.742977
     -3.028028     26.888078     26.888078     53.776157
     -3.018018     23.214944     23.214944     46.429888
     -3.008008     19.644470     19.644470     39.288940
     -2.997998     16.371396     16.371396     32.742792
     -2.987988     13.593708     13.593708     27.187416
     -2.977978     11.584146     11.584146     23.168293
     -2.967968     10.687166     10.687166     21.374332
     -2.957958     11.242465     11.242465     22.484930
     -2.947948     13.468632     13.468632     26.937264
     -2.937938     17.350243     17.350243     34.700487
     -2.927928     22.567695     22.567695     45.135390
     -2.917918     28.500481     28.500481     57.000962
     -2.907908     34.320744     34.320744     68.641489
     -2.897898     39.168775     39.168775     78.337549
     -2.887888     42.367459     42.367459     84.734918
     -2.877878     43.603545     43.603545     87.207090
     -2.867868     43.000844     43.000844     86.001687
     -2.857858     41.045583     41.045583     82.091166
     -2.847848     38.387083     38.387083     76.774167
     -2.837838     35.597337     35.597337     71.194675
     -2.827828     32.996041     32.996041     65.992083
     -2.817818     30.615617     30.615617     61.231234
     -2.807808     28.308098     28.308098     56.616196
     -2.797798     25.922410     25.922410     51.844820
     -2.787788     23.448780     23.448780     46.897560
     -2.777778     21.054547     21.054547     42.109094
     -2.767768     19.004786     19.004786     38.009573
     -2.757758     17.529442     17.529442     35.058885
     -2.747748     16.724978     16.724978     33.449955
     -2.737738     16.547956     16.547956     33.095912
     -2.727728     16.891396     16.891396     33.782792
     -2.717718     17.677010     17.677010     35.354020
     -2.707708     18.887947     18.887947     37.775893
     -2.697698     20.514983     20.514983     41.029966
     -2.687688     22.460751     22.460751     44.921501
     -2.677678     24.487770     24.487770     48.975541
     -2.667668     26.272032     26.272032     52.544064
     -2.657658     27.547589     27.547589     55.095178
     -2.647648     28.254151     28.254151     56.508303
     -2.637638     28.585937     28.585937     57.171874
     -2.627628     28.899983     28.899983     57.799966
     -2.617618     29.533584     29.533584     59.067167
     -2.607608     30.636788     30.636788     61.273575
     -2.597598     32.108078     32.108078     64.216157
     -2.587588     33.648114     33.648114     67.296227
     -2.577578     34.876575     34.876575     69.753150
     -2.567568     35.440235     35.440235     70.880471
     -2.557558     35.077687     35.077687     70.155373
     -2.547548     33.655215     33.655215     67.310431
     -2.537538     31.203921     31.203921     62.407842
     -2.527528     27.961761     27.961761     55.923522
     -2.517518     24.387202     24.387202     48.774403
     -2.507508     21.102446     21.102446     42.204891
     -2.497497     18.755411     18.755411     37.510823
     -2.487487     17.838484     17.838484     35.676968
     -2.477477     18.534526     18.534526     37.069052
     -2.467467     20.657071     20.657071     41.314143
     -2.457457     23.715451     23.715451     47.430902
     -2.447447     27.085024     27.085024     54.170048
     -2.437437     30.218855     30.218855     60.437710
     -2.427427     32.817084     32.817084     65.634168
     -2.417417     34.882962     34.882962     69.765925
     -2.407407     36.638148     36.638148     73.276297
     -2.397397     38.330164     38.330164     76.660327
     -2.387387     40.018586     40.018586     80.037173
     -2.377377     41.447763     41.447763     82.895526
     -2.367367     42.084735     42.084735     84.169470
     -2.357357     41.325081     41.325081     82.650162
     -2.347347     38.779618     38.779618     77.559235
     -2.337337     34.503242     34.503242     69.006485
     -2.327327     29.051093     29.051093     58.102186
     -2.317317     23.336901     23.336901     46.673802
     -2.307307     18.368011     18.368011     36.736023
     -2.297297     14.979398     14.979398     29.958795
     -2.287287     13.663986     13.663986     27.327973
     -2.277277     14.528937     14.528937     29.057875
     -2.267267     17.347566     17.347566     34.695133
     -2.257257     21.654659     21.654659     43.309318
     -2.247247     26.844918     26.844918     53.689837
     -2.237237     32.257314     32.257314     64.514628
     -2.227227     37.244173     37.244173     74.488347
     -2.217217     41.229614     41.229614     82.459228
     -2.207207     43.762794     43.762794     87.525587
     -2.197197     44.570786     44.570786     89.141573
     -2.187187     43.610987     43.610987     87.221974
     -2.177177     41.110277     41.110277     82.220555
     -2.167167     37.562516     37.562516     75.125032
     -2.157157     33.652178     33.652178     67.304355
     -2.147147     30.094601     30.094601     60.189202
     -2.137137     27.429063     27.429063     54.858125
     -2.127127     25.843441     25.843441     51.686882
     -2.117117     25.115003     25.115003     50.230007
     -2.107107     24.707171     24.707171     49.414343
     -2.097097     23.987879     23.987879     47.975758
     -2.087087     22.474578     22.474578     44.949155
     -2.077077     20.000227     20.000227     40.000453
     -2.067067     16.738637     16.738637     33.477275
     -2.057057     13.098390     13.098390     26.196780
     -2.047047      9.551418      9.551418     19.102836
     -2.037037      6.477752      6.477752     12.955503
     -2.027027      4.081847      4.081847      8.163695
     -2.017017      2.391099      2.391099      4.782198
     -2.007007      1.310837      1.310837      2.621674
     -1.996997      0.697468      0.697468      1.394936
     -1.986987      0.420076      0.420076      0.840152
     -1.976977      0.398030      0.398030      0.796061
     -1.966967      0.615363      0.615363      1.230725
     -1.956957      1.116869      1.116869      2.233738
     -1.946947      1.988653      1.988653      3.977307
     -1.936937      3.323734      3.323734      6.647467
     -1.926927      5.176391      5.176391     10.352782
     -1.916917      7.516931      7.516931     15.033862
     -1.906907     10.205252     10.205252     20.410505
     -1.896897     12.999393     12.999393     25.998786
     -1.886887     15.601768     15.601768     31.203536
     -1.876877     17.728325     17.728325     35.456649
     -1.866867     19.175954     19.175954     38.351908
     -1.856857     19.866962     19.866962     39.733924
     -1.846847     19.860632     19.860632     39.721264
     -1.836837     19.330717     19.330717     38.661434
     -1.826827     18.511449     18.511449     37.022897
     -1.816817     17.620558     17.620558     35.241116
     -1.806807     16.781245     16.781245     33.562489
     -1.796797     15.977641     15.977641     31.955283
     -1.786787     15.072997     15.072997     30.145994
     -1.776777     13.890045     13.890045     27.780090
     -1.766767     12.315314     12.315314     24.630627
     -1.756757     10.371911     10.371911     20.743822
     -1.746747      8.223916      8.223916     16.447832
     -1.736737      6.117209      6.117209     12.234417
     -1.726727      4.296507      4.296507      8.593013
     -1.716717      2.943977      2.943977      5.887954
     -1.706707      2.162001      2.162001      4.324002
     -1.696697      1.990956      1.990956      3.981912
     -1.686687      2.433391      2.433391      4.866783
     -1.676677      3.458114      3.458114      6.916229
     -1.666667      4.977200      4.977200      9.954401
     -1.656657      6.813259      6.813259     13.626517
     -1.646647      8.689059      8.689059     17.378118
     -1.636637     10.266702     10.266702     20.533404
     -1.626627     11.238657     11.238657     22.477315
     -1.616617     11.441018     11.441018     22.882037
     -1.606607     10.940065     10.940065     21.880130
     -1.596597     10.050229     10.050229     20.100458
     -1.586587      9.270573      9.270573     18.541147
     -1.576577      9.158987      9.158987     18.317974
     -1.566567     10.180815     10.180815     20.361629
     -1.556557     12.569098     12.569098     25.138196
     -1.546547     16.227808     16.227808     32.455617
     -1.536537     20.705873     20.705873     41.411747
     -1.526527     25.263758     25.263758     50.527516
     -1.516517     29.034147     29.034147     58.068293
     -1.506507     31.242307     31.242307     62.484613
     -1.496496     31.417409     31.417409     62.834818
     -1.486486     29.518499     29.518499     59.036997
     -1.476476     25.929314     25.929314     51.858628
     -1.466466     21.330753     21.330753     42.661506
     -1.456456     16.508230     16.508230     33.016461
     -1.446446     12.168086     12.168086     24.336172
     -1.436436      8.817761      8.817761     17.635522
     -1.426426      6.724729      6.724729     13.449457
     -1.416416      5.933833      5.933833     11.867666
     -1.406406      6.309825      6.309825     12.619650
     -1.396396      7.583234      7.583234     15.166469
     -1.386386      9.398912      9.398912     18.797823
     -1.376376     11.377495     11.377495     22.754989
     -1.366366     13.190310     13.190310     26.380620
     -1.356356     14.626636     14.626636     29.253271
     -1.346346     15.621133     15.621133     31.242267
     -1.336336     16.224730     16.224730     32.449460
     -1.326326     16.536883     16.536883     33.073766
     -1.316316     16.642964     16.642964     33.285928
     -1.306306     16.593006     16.593006     33.186012
     -1.296296     16.421095     16.421095     32.842189
     -1.286286     16.169777     16.169777     32.339554
     -1.276276     15.882855     15.882855     31.765711
     -1.266266     15.564381     15.564381     31.128763
     -1.256256     15.140409     15.140409     30.280818
     -1.246246     14.466963     14.466963     28.933926
     -1.236236     13.394940     13.394940     26.789880
     -1.226226     11.857542     11.857542     23.715085
     -1.216216      9.925909      9.925909     19.851818
     -1.206206      7.799051      7.799051     15.598102
     -1.196196      5.737255      5.737255     11.474510
     -1.186186      3.980623      3.980623      7.961245
     -1.176176      2.695715      2.695715      5.391430
     -1.166166      1.967953      1.967953      3.935907
     -1.156156      1.826535      1.826535      3.653071
     -1.146146      2.271878      2.271878      4.543757
     -1.136136      3.279779      3.279779      6.559558
     -1.126126      4.776223      4.776223      9.552446
     -1.116116      6.600305      6.600305     13.200611
     -1.106106      8.487229      8.487229     16.974458
     -1.096096     10.099220     10.099220     20.198441
     -1.086086     11.108505     11.108505     22.217009
     -1.076076     11.304628     11.304628     22.609256
     -1.066066     10.678250     10.678250     21.356500
     -1.056056      9.439996      9.439996     18.879992
     -1.046046      7.963428      7.963428     15.926857
     -1.036036      6.676033      6.676033     13.352066
     -1.026026      5.939842      5.939842     11.879683
     -1.016016      5.957855      5.957855     11.915711
     -1.006006      6.725140      6.725140     13.450281
     -0.995996      8.029983      8.029983     16.059967
     -0.985986      9.505015      9.505015     19.010030
     -0.975976     10.722500     10.722500     21.445000
     -0.965966     11.314079     11.314079     22.628158
     -0.955956     11.078112     11.078112     22.156224
     -0.945946     10.033107     10.033107     20.066214
     -0.935936      8.394433      8.394433     16.788865
     -0.925926      6.486540      6.486540     12.973079
     -0.915916      4.632781      4.632781      9.265561
     -0.905906      3.070691      3.070691      6.141382
     -0.895896      1.920980      1.920980      3.841961
     -0.885886      1.208569      1.208569      2.417139
     -0.875876      0.912023      0.912023      1.824045
     -0.865866      1.011881      1.011881      2.023763
     -0.855856      1.515469      1.515469      3.030938
     -0.845846      2.448197      2.448197      4.896393
     -0.835836      3.814737      3.814737      7.629475
     -0.825826      5.546588      5.546588     11.093176
     -0.815816      7.463050      7.463050     14.926100
     -0.805806      9.273971      9.273971     18.547943
     -0.795796     10.638164     10.638164     21.276328
     -0.785786     11.263410     11.263410     22.526819
     -0.775776     11.006871     11.006871     22.013742
     -0.765766      9.927661      9.927661     19.855322
     -0.755756      8.264630      8.264630     16.529261
     -0.745746      6.350631      6.350631     12.701262
     -0.735736      4.505454      4.505454      9.010908
     -0.725726      2.954688      2.954688      5.909376
     -0.715716      1.801270      1.801270      3.602539
     -0.705706      1.047159      1.047159      2.094318
     -0.695696      0.642616      0.642616      1.285233
     -0.685686      0.537141      0.537141      1.074282
     -0.675676      0.714052      0.714052      1.428105
     -0.665666      1.200439      1.200439      2.400878
     -0.655656      2.050696      2.050696      4.101392
     -0.645646      3.306749      3.306749      6.613498
     -0.635636      4.945431      4.945431      9.890861
     -0.625626      6.833535      6.833535     13.667070
     -0.615616      8.717052      8.717052     17.434104
     -0.605606     10.263632     10.263632     20.527265
     -0.595596     11.153823     11.153823     22.307645
     -0.585586     11.187528     11.187528     22.375056
     -0.575576     10.356943     10.356943     20.713886
     -0.565566      8.849443      8.849443     17.698886
     -0.555556      6.978903      6.978903     13.957806
     -0.545546      5.079784      5.079784     10.159567
     -0.535536      3.412637      3.412637      6.825274
     -0.525526      2.116030      2.116030      4.232061
     -0.515516      1.210990      1.210990      2.421980
     -0.505506      0.639655      0.639655      1.279310
     -0.495495      0.311845      0.311845      0.623689
     -0.485485      0.140319      0.140319      0.280639
     -0.475475      0.058275      0.058275      0.116550
     -0.465465      0.022338      0.022338      0.044675
     -0.455455      0.007903      0.007903      0.015805
     -0.445445      0.002581      0.002581      0.005161
     -0.435435      0.000778      0.000778      0.001557
     -0.425425      0.000219      0.000219      0.000439
     -0.415415      0.000070      0.000070      0.000139
     -0.405405      0.000072      0.000072      0.000145
     -0.395395      0.000232      0.000232      0.000465
     -0.385385      0.000822      0.000822      0.001645
     -0.375375      0.002717      0.002717      0.005434
     -0.365365      0.008291      0.008291      0.016582
     -0.355355      0.023352      0.023352      0.046704
     -0.345345      0.060704      0.060704      0.121409
     -0.335335      0.145648      0.145648      0.291295
     -0.325325      0.322533      0.322533      0.645065
     -0.315315      0.659221      0.659221      1.318442
     -0.305305      1.243584      1.243584      2.487168
     -0.295295      2.165241      2.165241      4.330482
     -0.285285      3.479558      3.479558      6.959117
     -0.275275      5.160941      5.160941     10.321882
     -0.265265      7.065135      7.065135     14.130270
     -0.255255      8.926864      8.926864     17.853728
     -0.245245     10.410323     10.410323     20.820646
     -0.235235     11.205116     11.205116     22.410232
     -0.225225     11.131543     11.131543     22.263085
     -0.215215     10.206602     10.206602     20.413205
     -0.205205      8.637616      8.637616     17.275232
     -0.195195      6.746732      6.746732     13.493463
     -0.185185      4.863846      4.863846      9.727692
     -0.175175      3.236332      3.236332      6.472664
     -0.165165      1.987528      1.987528      3.975055
     -0.155155      1.126575      1.126575      2.253150
     -0.145145      0.589378      0.589378      1.178756
     -0.135135      0.284587      0.284587      0.569173
     -0.125125      0.126830      0.126830      0.253660
     -0.115115      0.052169      0.052169      0.104339
     -0.105105      0.019806      0.019806      0.039612
     -0.095095      0.006940      0.006940      0.013880
     -0.085085      0.002245      0.002245      0.004489
     -0.075075      0.000670      0.000670      0.001340
     -0.065065      0.000185      0.000185      0.000369
     -0.055055      0.000047      0.000047      0.000094
     -0.045045      0.000011      0.000011      0.000022
     -0.035035      0.000002      0.000002      0.000005
     -0.025025      0.000000      0.000000      0.000001
     -0.015015      0.000000      0.000000      0.000000
     -0.005005      0.000000      0.000000      0.000000
      0.005005      0.000000      0.000000      0.000000
      0.015015      0.000000      0.000000      0.000000
      0.025025      0.000000      0.000000      0.000001
      0.035035      0.000002      0.000002      0.000005
      0.045045      0.000011      0.000011      0.000022
      0.055055      0.000047      0.000047      0.000094
      0.065065      0.000185      0.000185      0.000369
      0.075075      0.000670      0.000670      0.001340
      0.085085      0.002244      0.002244      0.004489
      0.095095      0.006940      0.006940      0.013880
      0.105105      0.019806      0.019806      0.039612
      0.115115      0.052169      0.052169      0.104339
      0.125125      0.126830      0.126830      0.253659
      0.135135      0.284586      0.284586      0.569172
      0.145145      0.589377      0.589377      1.178754
      0.155155      1.126573      1.126573      2.253146
      0.165165      1.987524      1.987524      3.975049
      0.175175      3.236328      3.236328      6.472656
      0.185185      4.863841      4.863841      9.727682
      0.195195      6.746726      6.746726     13.493452
      0.205205      8.637611      8.637611     17.275221
      0.215215     10.206599     10.206599     20.413197
      0.225225     11.131541     11.131541     22.263082
      0.235235     11.205117     11.205117     22.410234
      0.245245     10.410327     10.410327     20.820653
      0.255255      8.926869      8.926869     17.853738
      0.265265      7.065141      7.065141     14.130282
      0.275275      5.160946      5.160946     10.321892
      0.285285      3.479563      3.479563      6.959126
      0.295295      2.165244      2.165244      4.330489
      0.305305      1.243586      1.243586      2.487173
      0.315315      0.659222      0.659222      1.318445
      0.325325      0.322533      0.322533      0.645067
      0.335335      0.145648      0.145648      0.291296
      0.345345      0.060704      0.060704      0.121409
      0.355355      0.023352      0.023352      0.046704
      0.365365      0.008291      0.008291      0.016583
      0.375375      0.002719      0.002719      0.005437
      0.385385      0.000830      0.000830      0.001659
      0.395395      0.000264      0.000264      0.000528
      0.405405      0.000197      0.000197      0.000393
      0.415415      0.000522      0.000522      0.001044
      0.425425      0.001735      0.001735      0.003470
      0.435435      0.005451      0.005451      0.010901
      0.445445      0.015831      0.015831      0.031662
      0.455455      0.042441      0.042441      0.084882
      0.465465      0.105017      0.105017      0.210034
      0.475475      0.239838      0.239838      0.479675
      0.485485      0.505548      0.505548      1.011095
      0.495495      0.983544      0.983544      1.967089
      0.505506      1.766089      1.766089      3.532178
      0.515516      2.926969      2.926969      5.853939
      0.525526      4.477242      4.477242      8.954484
      0.535536      6.321059      6.321059     12.642117
      0.545546      8.236752      8.236752     16.473504
      0.555556      9.906248      9.906248     19.812496
      0.565566     10.996389     10.996389     21.992778
      0.575576     11.266292     11.266292     22.532585
      0.585586     10.653963     10.653963     21.307926
      0.595596      9.299858      9.299858     18.599717
      0.605606      7.495755      7.495755     14.991509
      0.615616      5.585562      5.585562     11.171124
      0.625626      3.866395      3.866395      7.732791
      0.635636      2.531253      2.531253      5.062506
      0.645646      1.667018      1.667018      3.334035
      0.655656      1.292259      1.292259      2.584519
      0.665666      1.403871      1.403871      2.807742
      0.675676      2.003598      2.003598      4.007196
      0.685686      3.089787      3.089787      6.179573
      0.695696      4.618950      4.618950      9.237900
      0.705706      6.459632      6.459632     12.919263
      0.715716      8.370769      8.370769     16.741538
      0.725726     10.031208     10.031208     20.062415
      0.735736     11.124044     11.124044     22.248088
      0.745746     11.447958     11.447958     22.895917
      0.755756     11.005954     11.005954     22.011907
      0.765766     10.025701     10.025701     20.051401
      0.775776      8.895195      8.895195     17.790390
      0.785786      8.035753      8.035753     16.071506
      0.795796      7.760337      7.760337     15.520674
      0.805806      8.168357      8.168357     16.336714
      0.815816      9.112402      9.112402     18.224805
      0.825826     10.247601     10.247601     20.495201
      0.835836     11.147639     11.147639     22.295277
      0.845846     11.447798     11.447798     22.895597
      0.855856     10.962671     10.962671     21.925342
      0.865866      9.733943      9.733943     19.467887
      0.875876      7.993295      7.993295     15.986591
      0.885886      6.063662      6.063662     12.127324
      0.895896      4.247175      4.247175      8.494350
      0.905906      2.746186      2.746186      5.492371
      0.915916      1.639100      1.639100      3.278199
      0.925926      0.903358      0.903358      1.806716
      0.935936      0.460786      0.460786      0.921572
      0.945946      0.220905      0.220905      0.441810
      0.955956      0.109237      0.109237      0.218473
      0.965966      0.079997      0.079997      0.159994
      0.975976      0.119372      0.119372      0.238745
      0.985986      0.245802      0.245802      0.491604
      0.995996      0.509624      0.509624      1.019248
      1.006006      0.989114      0.989114      1.978227
      1.016016      1.776383      1.776383      3.552767
      1.026026      2.947834      2.947834      5.895668
      1.036036      4.521747      4.521747      9.043493
      1.046046      6.418298      6.418298     12.836595
      1.056056      8.447071      8.447071     16.894142
      1.066066     10.343527     10.343527     20.687053
      1.076076     11.853935     11.853935     23.707869
      1.086086     12.836638     12.836638     25.673277
      1.096096     13.327270     13.327270     26.654540
      1.106106     13.525890     13.525890     27.051780
      1.116116     13.705040     13.705040     27.410080
      1.126126     14.085023     14.085023     28.170046
      1.136136     14.743250     14.743250     29.486500
      1.146146     15.601975     15.601975     31.203949
      1.156156     16.488566     16.488566     32.977133
      1.166166     17.221292     17.221292     34.442584
      1.176176     17.670214     17.670214     35.340429
      1.186186     17.774786     17.774786     35.549572
      1.196196     17.535953     17.535953     35.071906
      1.206206     17.009605     17.009605     34.019210
      1.216216     16.306473     16.306473     32.612947
      1.226226     15.577901     15.577901     31.155802
      1.236236     14.967494     14.967494     29.934987
      1.246246     14.539022     14.539022     29.078045
      1.256256     14.223431     14.223431     28.446862
      1.266266     13.829541     13.829541     27.659081
      1.276276     13.126940     13.126940     26.253880
      1.286286     11.961784     11.961784     23.923568
      1.296296     10.343703     10.343703     20.687406
      1.306306      8.461327      8.461327     16.922654
      1.316316      6.628662      6.628662     13.257325
      1.326326      5.200874      5.200874     10.401748
      1.336336      4.502020      4.502020      9.004040
      1.346346      4.782196      4.782196      9.564393
      1.356356      6.191643      6.191643     12.383285
      1.366366      8.749518      8.749518     17.499035
      1.376376     12.302165     12.302165     24.604330
      1.386386     16.494293     16.494293     32.988585
      1.396396     20.790584     20.790584     41.581168
      1.406406     24.568155     24.568155     49.136310
      1.416416     27.259499     27.259499     54.518999
      1.426426     28.489975     28.489975     56.979950
      1.436436     28.151879     28.151879     56.303759
      1.446446     26.392138     26.392138     52.784277
      1.456456     23.536673     23.536673     47.073346
      1.466466     19.998449     19.998449     39.996899
      1.476476     16.205980     16.205980     32.411960
      1.486486     12.561131     12.561131     25.122263
      1.496496      9.415080      9.415080     18.830160
      1.506507      7.049979      7.049979     14.099959
      1.516517      5.662551      5.662551     11.325102
      1.526527      5.351137      5.351137     10.702273
      1.536537      6.106740      6.106740     12.213480
      1.546547      7.808086      7.808086     15.616172
      1.556557     10.225394     10.225394     20.450789
      1.566567     13.042904     13.042904     26.085807
      1.576577     15.907668     15.907668     31.815336
      1.586587     18.499853     18.499853     36.999706
      1.596597     20.605583     20.605583     41.211165
      1.606607     22.167632     22.167632     44.335264
      1.616617     23.295078     23.295078     46.590157
      1.626627     24.225524     24.225524     48.451048
      1.636637     25.246653     25.246653     50.493306
      1.646647     26.595958     26.595958     53.191915
      1.656657     28.368391     28.368391     56.736783
      1.666667     30.467338     30.467338     60.934675
      1.676677     32.626290     32.626290     65.252579
      1.686687     34.502389     34.502389     69.004778
      1.696697     35.805944     35.805944     71.611888
      1.706707     36.402753     36.402753     72.805505
      1.716717     36.331479     36.331479     72.662958
      1.726727     35.723669     35.723669     71.447338
      1.736737     34.677581     34.677581     69.355162
      1.746747     33.175181     33.175181     66.350362
      1.756757     31.109980     31.109980     62.219960
      1.766767     28.418837     28.418837     56.837674
      1.776777     25.233828     25.233828     50.467655
      1.786787     21.947460     21.947460     43.894920
      1.796797     19.132987     19.132987     38.265975
      1.806807     17.346673     17.346673     34.693347
      1.816817     16.904580     16.904580     33.809160
      1.826827     17.737988     17.737988     35.475976
      1.836837     19.392364     19.392364     38.784727
      1.846847     21.172268     21.172268     42.344536
      1.856857     22.376970     22.376970     44.753940
      1.866867     22.537334     22.537334     45.074668
      1.876877     21.563646     21.563646     43.127291
      1.886887     19.748392     19.748392     39.496784
      1.896897     17.627040     17.627040     35.254080
      1.906907     15.759938     15.759938     31.519875
      1.916917     14.531639     14.531639     29.063277
      1.926927     14.052977     14.052977     28.105954
      1.936937     14.199731     14.199731     28.399462
      1.946947     14.753342     14.753342     29.506685
      1.956957     15.557563     15.557563     31.115125
      1.966967     16.598250     16.598250     33.196500
      1.976977     17.959396     17.959396     35.918793
      1.986987     19.685081     19.685081     39.370161
      1.996997     21.640603     21.640603     43.281205
      2.007007     23.474389     23.474389     46.948778
      2.017017     24.724062     24.724062     49.448125
      2.027027     25.017866     25.017866     50.035733
      2.037037     24.255880     24.255880     48.511759
      2.047047     22.660865     22.660865     45.321731
      2.057057     20.665587     20.665587     41.331175
      2.067067     18.702171     18.702171     37.404342
      2.077077     17.014981     17.014981     34.029962
      2.087087     15.597525     15.597525     31.195050
      2.097097     14.274656     14.274656     28.549313
      2.107107     12.868309     12.868309     25.736618
      2.117117     11.348446     11.348446     22.696892
      2.127127      9.894537      9.894537     19.789074
      2.137137      8.851003      8.851003     17.702005
      2.147147      8.611891      8.611891     17.223783
      2.157157      9.489552      9.489552     18.979105
      2.167167     11.610644     11.610644     23.221289
      2.177177     14.859811     14.859811     29.719621
      2.187187     18.874595     18.874595     37.749190
      2.197197     23.089471     23.089471     46.178943
      2.207207     26.825722     26.825722     53.651444
      2.217217     29.418762     29.418762     58.837523
      2.227227     30.362125     30.362125     60.724250
      2.237237     29.432387     29.432387     58.864774
      2.247247     26.752639     26.752639     53.505277
      2.257257     22.764389     22.764389     45.528778
      2.267267     18.110062     18.110062     36.220124
      2.277277     13.466717     13.466717     26.933434
      2.287287      9.394089      9.394089     18.788177
      2.297297      6.251434      6.251434     12.502867
      2.307307      4.202528      4.202528      8.405056
      2.317317      3.287015      3.287015      6.574030
      2.327327      3.510859      3.510859      7.021717
      2.337337      4.907842      4.907842      9.815684
      2.347347      7.542646      7.542646     15.085292
      2.357357     11.452610     11.452610     22.905220
      2.367367     16.550197     16.550197     33.100394
      2.377377     22.526076     22.526076     45.052151
      2.387387     28.799943     28.799943     57.599886
      2.397397     34.558678     34.558678     69.117356
      2.407407     38.896101     38.896101     77.792203
      2.417417     41.028438     41.028438     82.056875
      2.427427     40.518341     40.518341     81.036683
      2.437437     37.420553     37.420553     74.841105
      2.447447     32.282507     32.282507     64.565014
      2.457457     25.991577     25.991577     51.983155
      2.467467     19.529058     19.529058     39.058116
      2.477477     13.730570     13.730570     27.461140
      2.487487      9.140496      9.140496     18.280992
      2.497497      5.994051      5.994051     11.988102
      2.507508      4.298778      4.298778      8.597556
      2.517518      3.951209      3.951209      7.902418
      2.527528      4.826748      4.826748      9.653497
      2.537538      6.810989      6.810989     13.621978
      2.547548      9.777174      9.777174     19.554348
      2.557558     13.539101     13.539101     27.078203
      2.567568     17.814076     17.814076     35.628153
      2.577578     22.220000     22.220000     44.439999
      2.587588     26.313849     26.313849     52.627697
      2.597598     29.663899     29.663899     59.327798
      2.607608     31.937646     31.937646     63.875292
      2.617618     32.980368     32.980368     65.960737
      2.627628     32.857055     32.857055     65.714110
      2.637638     31.838541     31.838541     63.677081
      2.647648     30.333664     30.333664     60.667328
      2.657658     28.793920     28.793920     57.587840
      2.667668     27.628512     27.628512     55.257024
      2.677678     27.155992     27.155992     54.311984
      2.687688     27.591936     27.591936     55.183871
      2.697698     29.049929     29.049929     58.099857
      2.707708     31.530179     31.530179     63.060358
      2.717718     34.886337     34.886337     69.772674
      2.727728     38.786064     38.786064     77.572127
      2.737738     42.701224     42.701224     85.402449
      2.747748     45.966647     45.966647     91.933294
      2.757758     47.923062     47.923062     95.846124
      2.767768     48.113160     48.113160     96.226319
      2.777778     46.452800     46.452800     92.905600
      2.787788     43.287270     43.287270     86.574540
      2.797798     39.285584     39.285584     78.571168
      2.807808     35.207255     35.207255     70.414509
      2.817818     31.646533     31.646533     63.293067
      2.827828     28.872256     28.872256     57.744513
      2.837838     26.828374     26.828374     53.656749
      2.847848     25.275493     25.275493     50.550987
      2.857858     23.987018     23.987018     47.974037
      2.867868     22.896388     22.896388     45.792776
      2.877878     22.124918     22.124918     44.249837
      2.887888     21.882188     21.882188     43.764375
      2.897898     22.295323     22.295323     44.590645
      2.907908     23.263133     23.263133     46.526266
      2.917918     24.424485     24.424485     48.848970
      2.927928     25.273346     25.273346     50.546693
      2.937938     25.369853     25.369853     50.739706
      2.947948     24.535158     24.535158     49.070316
      2.957958     22.920215     22.920215     45.840429
      2.967968     20.909278     20.909278     41.818557
      2.977978     18.915294     18.915294     37.830589
      2.987988     17.184581     17.184581     34.369163
      2.997998     15.714777     15.714777     31.429553
      3.008008     14.315682     14.315682     28.631365
      3.018018     12.758885     12.758885     25.517770
      3.028028     10.921161     10.921161     21.842322
      3.038038      8.847069      8.847069     17.694137
      3.048048      6.714951      6.714951     13.429902
      3.058058      4.745359      4.745359      9.490718
      3.068068      3.110722      3.110722      6.221443
      3.078078      1.887713      1.887713      3.775426
      3.088088      1.060026      1.060026      2.120052
      3.098098      0.553246      0.553246      1.106492
      3.108108      0.276636      0.276636      0.553272
      3.118118      0.155042      0.155042      0.310084
      3.128128      0.146913      0.146913      0.293825
      3.138138      0.252737      0.252737      0.505473
      3.148148      0.519249      0.519249      1.038499
      3.158158      1.040261      1.040261      2.080522
      3.168168      1.948831      1.948831      3.897662
      3.178178      3.392046      3.392046      6.784091
      3.188188      5.482765      5.482765     10.965529
      3.198198      8.233824      8.233824     16.467648
      3.208208     11.495782     11.495782     22.991564
      3.218218     14.930357     14.930357     29.860714
      3.228228     18.047722     18.047722     36.095444
      3.238238     20.312908     20.312908     40.625817
      3.248248     21.292946     21.292946     42.585893
      3.258258     20.790318     20.790318     41.580636
      3.268268     18.907060     18.907060     37.814121
      3.278278     16.011439     16.011439     32.022879
      3.288288     12.621903     12.621903     25.243807
      3.298298      9.257860      9.257860     18.515720
      3.308308      6.315504      6.315504     12.631009
      3.318318      4.007656      4.007656      8.015313
      3.328328      2.373352      2.373352      4.746704
      3.338338      1.335075      1.335075      2.670149
      3.348348      0.770968      0.770968      1.541936
      3.358358      0.575401      0.575401      1.150803
      3.368368      0.694359      0.694359      1.388718
      3.378378      1.132643      1.132643      2.265286
      3.388388      1.934635      1.934635      3.869270
      3.398398      3.142779      3.142779      6.285557
      3.408408      4.743474      4.743474      9.486948
      3.418418      6.619602      6.619602     13.239203
      3.428428      8.536014      8.536014     17.072028
      3.438438     10.179057     10.179057     20.358114
      3.448448     11.249067     11.249067     22.498134
      3.458458     11.574373     11.574373     23.148747
      3.468468     11.195377     11.195377     22.390753
      3.478478     10.373792     10.373792     20.747583
      3.488488      9.514824      9.514824     19.029648
      3.498498      9.031207      9.031207     18.062413
      3.508509      9.204822      9.204822     18.409644
      3.518519     10.101223     10.101223     20.202446
      3.528529     11.567124     11.567124     23.134248
      3.538539     13.303843     13.303843     26.607686
      3.548549     14.977296     14.977296     29.954592
      3.558559     16.312513     16.312513     32.625026
      3.568569     17.135450     17.135450     34.270899
      3.578579     17.360109     17.360109     34.720218
      3.588589     16.952522     16.952522     33.905043
      3.598599     15.911076     15.911076     31.822151
      3.608609     14.279683     14.279683     28.559366
      3.618619     12.175966     12.175966     24.351932
      3.628629      9.800092      9.800092     19.600185
      3.638639      7.403753      7.403753     14.807506
      3.648649      5.229496      5.229496     10.458991
      3.658659      3.452375      3.452375      6.904751
      3.668669      2.153516      2.153516      4.307031
      3.678679      1.334273      1.334273      2.668547
      3.688689      0.957414      0.957414      1.914828
      3.698699      0.990977      0.990977      1.981954
      3.708709      1.432933      1.432933      2.865866
      3.718719      2.304776      2.304776      4.609552
      3.728729      3.614914      3.614914      7.229829
      3.738739      5.306113      5.306113     10.612227
      3.748749      7.212693      7.212693     14.425387
      3.758759      9.056356      9.056356     18.112712
      3.768769     10.497344     10.497344     20.994689
      3.778779     11.230836     11.230836     22.461673
      3.788789     11.090122     11.090122     22.180244
      3.798799     10.107611     10.107611     20.215223
      3.808809      8.502524      8.502524     17.005048
      3.818819      6.601372      6.601372     13.202744
      3.828829      4.730508      4.730508      9.461016
      3.838839      3.128750      3.128750      6.257500
      3.848849      1.910023      1.910023      3.820046
      3.858859      1.076494      1.076494      2.152987
      3.868869      0.560992      0.560992      1.121984
      3.878879      0.273063      0.273063      0.546127
      3.888889      0.132186      0.132186      0.264372
      3.898899      0.084568      0.084568      0.169136
      3.908909      0.108554      0.108554      0.217109
      3.918919      0.215495      0.215495      0.430991
      3.928929      0.449714      0.449714      0.899428
      3.938939      0.885945      0.885945      1.771890
      3.948949      1.618543      1.618543      3.237086
      3.958959      2.736892      2.736892      5.473783
      3.968969      4.287994      4.287994      8.575988
      3.978979      6.238790      6.238790     12.477580
      3.988989      8.460559      8.460559     16.921118
      3.998999     10.755459     10.755459     21.510917
      4.009009     12.925352     12.925352     25.850704
      4.019019     14.853211     14.853211     29.706423
      4.029029     16.548214     16.548214     33.096428
      4.039039     18.117012     18.117012     36.234025
      4.049049     19.666094     19.666094     39.332187
      4.059059     21.188837     21.188837     42.377674
      4.069069     22.510931     22.510931     45.021862
      4.079079     23.341013     23.341013     46.682026
      4.089089     23.413423     23.413423     46.826845
      4.099099     22.653445     22.653445     45.306890
      4.109109     21.276327     21.276327     42.552655
      4.119119     19.759739     19.759739     39.519478
      4.129129     18.688829     18.688829     37.377659
      4.139139     18.533931     18.533931     37.067863
      4.149149     19.455994     19.455994     38.911987
      4.159159     21.228706     21.228706     42.457412
      4.169169     23.318811     23.318811     46.637622
      4.179179     25.094427     25.094427     50.188854
      4.189189     26.067997     26.067997     52.135994
      4.199199     26.061580     26.061580     52.123161
      4.209209     25.223904     25.223904     50.447809
      4.219219     23.909491     23.909491     47.818981
      4.229229     22.500142     22.500142     45.000283
      4.239239     21.263966     21.263966     42.527933
      4.249249     20.303971     20.303971     40.607941
      4.259259     19.586250     19.586250     39.172501
      4.269269     19.003380     19.003380     38.006759
      4.279279     18.435983     18.435983     36.871965
      4.289289     17.801000     17.801000     35.602000
      4.299299     17.087222     17.087222     34.174444
      4.309309     16.370753     16.370753     32.741507
      4.319319     15.795919     15.795919     31.591839
      4.329329     15.520696     15.520696     31.041392
      4.339339     15.653356     15.653356     31.306712
      4.349349     16.220297     16.220297     32.440595
      4.359359     17.184125     17.184125     34.368250
      4.369369     18.488913     18.488913     36.977825
      4.379379     20.083754     20.083754     40.167509
      4.389389     21.894043     21.894043     43.788086
      4.399399     23.761496     23.761496     47.522992
      4.409409     25.414478     25.414478     50.828955
      4.419419     26.519438     26.519438     53.038877
      4.429429     26.804172     26.804172     53.608344
      4.439439     26.180657     26.180657     52.361314
      4.449449     24.783324     24.783324     49.566649
      4.459459     22.891956     22.891956     45.783913
      4.469469     20.787727     20.787727     41.575455
      4.479479     18.635215     18.635215     37.270429
      4.489489     16.460228     16.460228     32.920456
      4.499499     14.224223     14.224223     28.448445
      4.509510     11.934747     11.934747     23.869494
      4.519520      9.719053      9.719053     19.438105
      4.529530      7.823621      7.823621     15.647243
      4.539540      6.551090      6.551090     13.102180
      4.549550      6.172619      6.172619     12.345238
      4.559560      6.849457      6.849457     13.698914
      4.569570      8.579090      8.579090     17.158180
      4.579580     11.170196     11.170196     22.340392
      4.589590     14.252567     14.252567     28.505134
      4.599600     17.332375     17.332375     34.664751
      4.609610     19.895715     19.895715     39.791430
      4.619620     21.541802     21.541802     43.083605
      4.629630     22.103544     22.103544     44.207089
      4.639640     21.704863     21.704863     43.409727
      4.649650     20.721509     20.721509     41.443019
      4.659660     19.650525     19.650525     39.301050
      4.669670     18.934959     18.934959     37.869917
      4.679680     18.812545     18.812545     37.625091
      4.689690     19.246717     19.246717     38.493434
      4.699700     19.960610     19.960610     39.921220
      4.709710     20.551120     20.551120     41.102241
      4.719720     20.633828     20.633828     41.267656
      4.729730     19.970011     19.970011     39.940021
      4.739740     18.545099     18.545099     37.090198
      4.749750     16.587432     16.587432     33.174864
      4.759760     14.527827     14.527827     29.055654
      4.769770     12.906637     12.906637     25.813273
      4.779780     12.242716     12.242716     24.485432
      4.789790     12.891215     12.891215     25.782431
      4.799800     14.930047     14.930047     29.860094
      4.809810     18.118770     18.118770     36.237540
      4.819820     21.958134     21.958134     43.916268
      4.829830     25.840618     25.840618     51.681235
      4.839840     29.235610     29.235610     58.471221
      4.849850     31.827252     31.827252     63.654504
      4.859860     33.544475     33.544475     67.088951
      4.869870     34.486284     34.486284     68.972568
      4.879880     34.807796     34.807796     69.615591
      4.889890     34.644749     34.644749     69.289498
      4.899900     34.106112     34.106112     68.212225
      4.909910     33.299144     33.299144     66.598287
      4.919920     32.327714     32.327714     64.655428
      4.929930     31.242274     31.242274     62.484548
      4.939940     29.980524     29.980524     59.961047
      4.949950     28.362857     28.362857     56.725713
      4.959960     26.171697     26.171697     52.343394
      4.969970     23.279072     23.279072     46.558145
      4.979980     19.746627     19.746627     39.493254
      4.989990     15.837394     15.837394     31.674788
      5.000000     11.934040     11.934040     23.868081
