# EIG2DOS: Utility for SIESTA to obtain the electronic density of states
#  E. Artacho, Apr 1999, A. Garcia, Apr 2012
#  Nick R. Papior, Feb 2017
# ------------------------------------------
# Eigenvalues calculated from a non-polarized calculation
# Eigenvalues read from siesta.EIG
# Kpoint weights read from siesta.KP
# Using smearing parameter:   0.0500
# Using 1000 points in the energy range
# Selected bands: 1 to: 2981
# Emin, Emax in file for selected band(s):    -27.0591783    218.3357010
# Nbands, Nspin, Nk   =   2981     1     1
# E_F                 =    -4.2694 eV --> (shifted to ZERO)
# Broadening          =     0.0500 eV
#
#        E            N(up)  (=)   N(down)         Ntot
     -5.000000     37.102476     37.102476     74.204951
     -4.989990     39.626865     39.626865     79.253731
     -4.979980     41.888815     41.888815     83.777630
     -4.969970     43.393209     43.393209     86.786418
     -4.959960     43.749997     43.749997     87.499995
     -4.949950     42.796900     42.796900     85.593801
     -4.939940     40.650747     40.650747     81.301493
     -4.929930     37.689464     37.689464     75.378927
     -4.919920     34.491104     34.491104     68.982208
     -4.909910     31.755353     31.755353     63.510706
     -4.899900     30.211018     30.211018     60.422036
     -4.889890     30.491440     30.491440     60.982880
     -4.879880     32.965253     32.965253     65.930505
     -4.869870     37.551664     37.551664     75.103328
     -4.859860     43.603134     43.603134     87.206268
     -4.849850     49.955762     49.955762     99.911524
     -4.839840     55.194051     55.194051    110.388103
     -4.829830     58.066656     58.066656    116.133312
     -4.819820     57.888930     57.888930    115.777861
     -4.809810     54.750151     54.750151    109.500302
     -4.799800     49.431898     49.431898     98.863795
     -4.789790     43.088922     43.088922     86.177843
     -4.779780     36.853838     36.853838     73.707675
     -4.769770     31.537587     31.537587     63.075174
     -4.759760     27.516106     27.516106     55.032212
     -4.749750     24.785827     24.785827     49.571654
     -4.739740     23.104600     23.104600     46.209199
     -4.729730     22.133085     22.133085     44.266170
     -4.719720     21.530493     21.530493     43.060986
     -4.709710     21.000368     21.000368     42.000736
     -4.699700     20.306487     20.306487     40.612974
     -4.689690     19.284774     19.284774     38.569548
     -4.679680     17.869547     17.869547     35.739095
     -4.669670     16.135456     16.135456     32.270913
     -4.659660     14.336767     14.336767     28.673534
     -4.649650     12.914086     12.914086     25.828171
     -4.639640     12.442901     12.442901     24.885801
     -4.629630     13.516342     13.516342     27.032684
     -4.619620     16.577823     16.577823     33.155646
     -4.609610     21.741730     21.741730     43.483459
     -4.599600     28.659432     28.659432     57.318865
     -4.589590     36.496286     36.496286     72.992572
     -4.579580     44.068080     44.068080     88.136160
     -4.569570     50.132862     50.132862    100.265724
     -4.559560     53.759831     53.759831    107.519662
     -4.549550     54.640251     54.640251    109.280502
     -4.539540     53.206775     53.206775    106.413549
     -4.529530     50.497753     50.497753    100.995507
     -4.519520     47.810075     47.810075     95.620150
     -4.509510     46.272360     46.272360     92.544720
     -4.499499     46.496382     46.496382     92.992764
     -4.489489     48.421379     48.421379     96.842757
     -4.479479     51.382430     51.382430    102.764861
     -4.469469     54.353024     54.353024    108.706047
     -4.459459     56.264927     56.264927    112.529855
     -4.449449     56.303397     56.303397    112.606795
     -4.439439     54.101866     54.101866    108.203731
     -4.429429     49.801263     49.801263     99.602526
     -4.419419     43.981058     43.981058     87.962115
     -4.409409     37.500820     37.500820     75.001641
     -4.399399     31.304221     31.304221     62.608443
     -4.389389     26.231014     26.231014     52.462029
     -4.379379     22.866698     22.866698     45.733397
     -4.369369     21.447967     21.447967     42.895934
     -4.359359     21.839314     21.839314     43.678628
     -4.349349     23.592873     23.592873     47.185747
     -4.339339     26.087198     26.087198     52.174396
     -4.329329     28.711491     28.711491     57.422981
     -4.319319     31.036750     31.036750     62.073500
     -4.309309     32.914173     32.914173     65.828346
     -4.299299     34.468564     34.468564     68.937128
     -4.289289     35.994923     35.994923     71.989845
     -4.279279     37.798060     37.798060     75.596120
     -4.269269     40.027763     40.027763     80.055526
     -4.259259     42.561238     42.561238     85.122475
     -4.249249     44.977845     44.977845     89.955691
     -4.239239     46.654305     46.654305     93.308610
     -4.229229     46.970429     46.970429     93.940859
     -4.219219     45.559353     45.559353     91.118705
     -4.209209     42.492661     42.492661     84.985322
     -4.199199     38.300077     38.300077     76.600153
     -4.189189     33.797328     33.797328     67.594656
     -4.179179     29.797193     29.797193     59.594386
     -4.169169     26.842529     26.842529     53.685059
     -4.159159     25.084066     25.084066     50.168132
     -4.149149     24.342469     24.342469     48.684938
     -4.139139     24.298567     24.298567     48.597134
     -4.129129     24.701090     24.701090     49.402180
     -4.119119     25.486825     25.486825     50.973650
     -4.109109     26.759259     26.759259     53.518519
     -4.099099     28.641481     28.641481     57.282962
     -4.089089     31.082276     31.082276     62.164551
     -4.079079     33.727101     33.727101     67.454201
     -4.069069     35.946194     35.946194     71.892389
     -4.059059     37.036660     37.036660     74.073319
     -4.049049     36.515607     36.515607     73.031215
     -4.039039     34.357057     34.357057     68.714113
     -4.029029     31.044549     31.044549     62.089099
     -4.019019     27.409833     27.409833     54.819667
     -4.009009     24.344527     24.344527     48.689055
     -3.998999     22.531321     22.531321     45.062643
     -3.988989     22.309903     22.309903     44.619806
     -3.978979     23.699917     23.699917     47.399835
     -3.968969     26.516167     26.516167     53.032334
     -3.958959     30.484209     30.484209     60.968417
     -3.948949     35.302487     35.302487     70.604974
     -3.938939     40.658824     40.658824     81.317648
     -3.928929     46.243044     46.243044     92.486088
     -3.918919     51.782173     51.782173    103.564346
     -3.908909     57.081603     57.081603    114.163207
     -3.898899     62.027669     62.027669    124.055338
     -3.888889     66.522116     66.522116    133.044232
     -3.878879     70.368523     70.368523    140.737045
     -3.868869     73.178803     73.178803    146.357606
     -3.858859     74.377939     74.377939    148.755878
     -3.848849     73.344224     73.344224    146.688448
     -3.838839     69.649383     69.649383    139.298766
     -3.828829     63.298159     63.298159    126.596319
     -3.818819     54.849877     54.849877    109.699754
     -3.808809     45.349634     45.349634     90.699267
     -3.798799     36.082177     36.082177     72.164355
     -3.788789     28.240261     28.240261     56.480522
     -3.778779     22.629889     22.629889     45.259778
     -3.768769     19.507648     19.507648     39.015295
     -3.758759     18.584282     18.584282     37.168565
     -3.748749     19.169913     19.169913     38.339827
     -3.738739     20.402686     20.402686     40.805373
     -3.728729     21.495497     21.495497     42.990994
     -3.718719     21.943374     21.943374     43.886748
     -3.708709     21.646983     21.646983     43.293967
     -3.698699     20.923152     20.923152     41.846303
     -3.688689     20.394203     20.394203     40.788407
     -3.678679     20.776695     20.776695     41.553391
     -3.668669     22.623513     22.623513     45.247027
     -3.658659     26.099999     26.099999     52.199997
     -3.648649     30.877976     30.877976     61.755952
     -3.638639     36.198461     36.198461     72.396923
     -3.628629     41.088896     41.088896     82.177792
     -3.618619     44.652186     44.652186     89.304372
     -3.608609     46.312225     46.312225     92.624450
     -3.598599     45.927026     45.927026     91.854051
     -3.588589     43.750680     43.750680     87.501360
     -3.578579     40.293361     40.293361     80.586722
     -3.568569     36.153924     36.153924     72.307848
     -3.558559     31.879084     31.879084     63.758169
     -3.548549     27.867841     27.867841     55.735681
     -3.538539     24.321924     24.321924     48.643848
     -3.528529     21.245930     21.245930     42.491859
     -3.518519     18.502898     18.502898     37.005795
     -3.508509     15.915063     15.915063     31.830127
     -3.498498     13.373479     13.373479     26.746958
     -3.488488     10.908747     10.908747     21.817493
     -3.478478      8.692517      8.692517     17.385035
     -3.468468      6.974527      6.974527     13.949054
     -3.458458      5.987794      5.987794     11.975589
     -3.448448      5.860054      5.860054     11.720108
     -3.438438      6.557878      6.557878     13.115756
     -3.428428      7.876678      7.876678     15.753355
     -3.418418      9.482149      9.482149     18.964299
     -3.408408     11.000759     11.000759     22.001518
     -3.398398     12.140386     12.140386     24.280772
     -3.388388     12.801406     12.801406     25.602812
     -3.378378     13.130010     13.130010     26.260019
     -3.368368     13.483417     13.483417     26.966835
     -3.358358     14.315646     14.315646     28.631293
     -3.348348     16.028561     16.028561     32.057123
     -3.338338     18.841958     18.841958     37.683916
     -3.328328     22.715440     22.715440     45.430879
     -3.318318     27.325413     27.325413     54.650825
     -3.308308     32.088997     32.088997     64.177994
     -3.298298     36.237846     36.237846     72.475692
     -3.288288     38.955699     38.955699     77.911399
     -3.278278     39.575701     39.575701     79.151402
     -3.268268     37.787256     37.787256     75.574512
     -3.258258     33.764153     33.764153     67.528306
     -3.248248     28.138609     28.138609     56.277218
     -3.238238     21.815476     21.815476     43.630951
     -3.228228     15.703929     15.703929     31.407858
     -3.218218     10.483089     10.483089     20.966178
     -3.208208      6.489147      6.489147     12.978293
     -3.198198      3.740791      3.740791      7.481582
     -3.188188      2.056687      2.056687      4.113374
     -3.178178      1.196586      1.196586      2.393171
     -3.168168      0.974524      0.974524      1.949047
     -3.158158      1.323753      1.323753      2.647506
     -3.148148      2.314883      2.314883      4.629766
     -3.138138      4.133584      4.133584      8.267169
     -3.128128      7.019815      7.019815     14.039630
     -3.118118     11.170051     11.170051     22.340102
     -3.108108     16.615626     16.615626     33.231252
     -3.098098     23.111402     23.111402     46.222804
     -3.088088     30.085980     30.085980     60.171959
     -3.078078     36.700116     36.700116     73.400233
     -3.068068     42.024419     42.024419     84.048838
     -3.058058     45.290626     45.290626     90.581252
     -3.048048     46.122545     46.122545     92.245091
     -3.038038     44.646823     44.646823     89.293646
     -3.028028     41.432751     41.432751     82.865503
     -3.018018     37.290801     37.290801     74.581603
     -3.008008     33.023785     33.023785     66.047570
     -2.997998     29.235081     29.235081     58.470163
     -2.987988     26.255202     26.255202     52.510403
     -2.977978     24.184784     24.184784     48.369569
     -2.967968     23.005663     23.005663     46.011326
     -2.957958     22.696260     22.696260     45.392520
     -2.947948     23.296488     23.296488     46.592975
     -2.937938     24.891193     24.891193     49.782387
     -2.927928     27.516880     27.516880     55.033760
     -2.917918     31.037716     31.037716     62.075431
     -2.907908     35.064645     35.064645     70.129291
     -2.897898     38.982411     38.982411     77.964822
     -2.887888     42.098317     42.098317     84.196635
     -2.877878     43.858270     43.858270     87.716541
     -2.867868     44.031145     44.031145     88.062290
     -2.857858     42.771171     42.771171     85.542341
     -2.847848     40.526891     40.526891     81.053781
     -2.837838     37.841593     37.841593     75.683186
     -2.827828     35.142229     35.142229     70.284457
     -2.817818     32.614831     32.614831     65.229661
     -2.807808     30.215603     30.215603     60.431205
     -2.797798     27.795282     27.795282     55.590564
     -2.787788     25.258114     25.258114     50.516229
     -2.777778     22.664857     22.664857     45.329715
     -2.767768     20.226828     20.226828     40.453655
     -2.757758     18.203446     18.203446     36.406892
     -2.747748     16.771869     16.771869     33.543739
     -2.737738     15.951526     15.951526     31.903051
     -2.727728     15.629672     15.629672     31.259344
     -2.717718     15.667975     15.667975     31.335949
     -2.707708     16.015683     16.015683     32.031366
     -2.697698     16.748486     16.748486     33.496972
     -2.687688     18.000504     18.000504     36.001008
     -2.677678     19.830615     19.830615     39.661230
     -2.667668     22.114307     22.114307     44.228613
     -2.657658     24.542172     24.542172     49.084345
     -2.647648     26.738815     26.738815     53.477630
     -2.637638     28.434778     28.434778     56.869556
     -2.627628     29.585512     29.585512     59.171024
     -2.617618     30.364383     30.364383     60.728766
     -2.607608     31.039315     31.039315     62.078631
     -2.597598     31.815427     31.815427     63.630854
     -2.587588     32.737003     32.737003     65.474006
     -2.577578     33.688110     33.688110     67.376220
     -2.567568     34.459916     34.459916     68.919832
     -2.557558     34.821930     34.821930     69.643861
     -2.547548     34.561810     34.561810     69.123620
     -2.537538     33.509245     33.509245     67.018490
     -2.527528     31.581100     31.581100     63.162200
     -2.517518     28.856644     28.856644     57.713288
     -2.507508     25.642076     25.642076     51.284152
     -2.497497     22.461876     22.461876     44.923752
     -2.487487     19.944837     19.944837     39.889674
     -2.477477     18.635006     18.635006     37.270011
     -2.467467     18.808103     18.808103     37.616206
     -2.457457     20.379793     20.379793     40.759587
     -2.447447     22.951592     22.951592     45.903185
     -2.437437     25.976447     25.976447     51.952894
     -2.427427     28.970338     28.970338     57.940675
     -2.417417     31.673896     31.673896     63.347791
     -2.407407     34.089881     34.089881     68.179761
     -2.397397     36.380241     36.380241     72.760482
     -2.387387     38.674766     38.674766     77.349533
     -2.377377     40.889425     40.889425     81.778850
     -2.367367     42.652811     42.652811     85.305623
     -2.357357     43.391147     43.391147     86.782293
     -2.347347     42.546291     42.546291     85.092583
     -2.337337     39.833052     39.833052     79.666103
     -2.327327     35.417167     35.417167     70.834334
     -2.317317     29.929860     29.929860     59.859720
     -2.307307     24.311897     24.311897     48.623794
     -2.297297     19.556991     19.556991     39.113983
     -2.287287     16.459096     16.459096     32.918191
     -2.277277     15.448283     15.448283     30.896565
     -2.267267     16.547498     16.547498     33.094997
     -2.257257     19.432746     19.432746     38.865492
     -2.247247     23.553641     23.553641     47.107282
     -2.237237     28.268840     28.268840     56.537681
     -2.227227     32.960065     32.960065     65.920130
     -2.217217     37.102256     37.102256     74.204512
     -2.207207     40.285970     40.285970     80.571939
     -2.197197     42.209760     42.209760     84.419520
     -2.187187     42.674956     42.674956     85.349912
     -2.177177     41.609262     41.609262     83.218524
     -2.167167     39.116234     39.116234     78.232467
     -2.157157     35.512031     35.512031     71.024061
     -2.147147     31.298089     31.298089     62.596178
     -2.137137     27.046637     27.046637     54.093275
     -2.127127     23.232516     23.232516     46.465031
     -2.117117     20.090174     20.090174     40.180349
     -2.107107     17.572125     17.572125     35.144250
     -2.097097     15.431121     15.431121     30.862242
     -2.087087     13.378317     13.378317     26.756635
     -2.077077     11.230952     11.230952     22.461904
     -2.067067      8.979055      8.979055     17.958109
     -2.057057      6.755244      6.755244     13.510487
     -2.047047      4.745265      4.745265      9.490530
     -2.037037      3.097585      3.097585      6.195170
     -2.027027      1.874084      1.874084      3.748167
     -2.017017      1.050533      1.050533      2.101067
     -2.007007      0.549364      0.549364      1.098728
     -1.996997      0.279969      0.279969      0.559937
     -1.986987      0.169827      0.169827      0.339654
     -1.976977      0.182055      0.182055      0.364110
     -1.966967      0.322769      0.322769      0.645538
     -1.956957      0.642273      0.642273      1.284546
     -1.946947      1.229974      1.229974      2.459948
     -1.936937      2.198707      2.198707      4.397413
     -1.926927      3.654184      3.654184      7.308369
     -1.916917      5.651515      5.651515     11.303030
     -1.906907      8.150810      8.150810     16.301621
     -1.896897     10.991346     10.991346     21.982692
     -1.886887     13.901559     13.901559     27.803117
     -1.876877     16.549048     16.549048     33.098096
     -1.866867     18.617492     18.617492     37.234985
     -1.856857     19.886104     19.886104     39.772208
     -1.846847     20.286962     20.286962     40.573924
     -1.836837     19.922782     19.922782     39.845563
     -1.826827     19.036854     19.036854     38.073707
     -1.816817     17.937776     17.937776     35.875551
     -1.806807     16.897811     16.897811     33.795622
     -1.796797     16.062303     16.062303     32.124606
     -1.786787     15.414428     15.414428     30.828855
     -1.776777     14.820195     14.820195     29.640391
     -1.766767     14.135922     14.135922     28.271843
     -1.756757     13.319602     13.319602     26.639204
     -1.746747     12.479219     12.479219     24.958437
     -1.736737     11.825564     11.825564     23.651127
     -1.726727     11.554939     11.554939     23.109877
     -1.716717     11.731164     11.731164     23.462328
     -1.706707     12.238453     12.238453     24.476905
     -1.696697     12.835146     12.835146     25.670292
     -1.686687     13.278099     13.278099     26.556198
     -1.676677     13.444640     13.444640     26.889280
     -1.666667     13.379752     13.379752     26.759504
     -1.656657     13.240999     13.240999     26.481998
     -1.646647     13.176282     13.176282     26.352563
     -1.636637     13.211168     13.211168     26.422336
     -1.626627     13.216952     13.216952     26.433904
     -1.616617     12.981558     12.981558     25.963116
     -1.606607     12.344608     12.344608     24.689217
     -1.596597     11.323162     11.323162     22.646324
     -1.586587     10.163945     10.163945     20.327891
     -1.576577      9.299076      9.299076     18.598151
     -1.566567      9.225747      9.225747     18.451494
     -1.556557     10.353099     10.353099     20.706197
     -1.546547     12.860122     12.860122     25.720244
     -1.536537     16.600590     16.600590     33.201181
     -1.526527     21.084409     21.084409     42.168817
     -1.516517     25.554774     25.554774     51.109549
     -1.506507     29.156645     29.156645     58.313289
     -1.496496     31.155471     31.155471     62.310942
     -1.486486     31.135194     31.135194     62.270387
     -1.476476     29.104150     29.104150     58.208299
     -1.466466     25.472995     25.472995     50.945990
     -1.456456     20.921818     20.921818     41.843637
     -1.446446     16.214865     16.214865     32.429731
     -1.436436     12.030523     12.030523     24.061047
     -1.426426      8.851985      8.851985     17.703969
     -1.416416      6.927790      6.927790     13.855580
     -1.406406      6.282989      6.282989     12.565979
     -1.396396      6.754432      6.754432     13.508864
     -1.386386      8.036216      8.036216     16.072433
     -1.376376      9.738662      9.738662     19.477323
     -1.366366     11.468367     11.468367     22.936734
     -1.356356     12.921250     12.921250     25.842499
     -1.346346     13.957215     13.957215     27.914430
     -1.336336     14.617624     14.617624     29.235248
     -1.326326     15.069207     15.069207     30.138415
     -1.316316     15.499641     15.499641     30.999282
     -1.306306     16.020134     16.020134     32.040269
     -1.296296     16.623736     16.623736     33.247471
     -1.286286     17.208436     17.208436     34.416871
     -1.276276     17.632867     17.632867     35.265733
     -1.266266     17.761811     17.761811     35.523621
     -1.256256     17.483157     17.483157     34.966315
     -1.246246     16.710970     16.710970     33.421939
     -1.236236     15.399523     15.399523     30.799047
     -1.226226     13.573782     13.573782     27.147563
     -1.216216     11.354937     11.354937     22.709874
     -1.206206      8.953170      8.953170     17.906340
     -1.196196      6.620182      6.620182     13.240365
     -1.186186      4.582879      4.582879      9.165758
     -1.176176      2.992575      2.992575      5.985151
     -1.166166      1.912937      1.912937      3.825874
     -1.156156      1.345415      1.345415      2.690831
     -1.146146      1.270808      1.270808      2.541615
     -1.136136      1.679893      1.679893      3.359786
     -1.126126      2.574318      2.574318      5.148636
     -1.116116      3.935196      3.935196      7.870392
     -1.106106      5.675013      5.675013     11.350027
     -1.096096      7.602059      7.602059     15.204117
     -1.086086      9.428016      9.428016     18.856032
     -1.076076     10.833117     10.833117     21.666234
     -1.066066     11.572797     11.572797     23.145594
     -1.056056     11.580677     11.580677     23.161353
     -1.046046     11.014301     11.014301     22.028602
     -1.036036     10.211650     10.211650     20.423300
     -1.026026      9.568191      9.568191     19.136381
     -1.016016      9.383422      9.383422     18.766843
     -1.006006      9.741820      9.741820     19.483639
     -0.995996     10.478988     10.478988     20.957976
     -0.985986     11.247432     11.247432     22.494864
     -0.975976     11.653909     11.653909     23.307817
     -0.965966     11.409761     11.409761     22.819522
     -0.955956     10.431241     10.431241     20.862482
     -0.945946      8.851965      8.851965     17.703930
     -0.935936      6.952313      6.952313     13.904625
     -0.925926      5.047664      5.047664     10.095329
     -0.915916      3.389155      3.389155      6.778311
     -0.905906      2.113934      2.113934      4.227869
     -0.895896      1.251218      1.251218      2.502436
     -0.885886      0.765305      0.765305      1.530610
     -0.875876      0.607971      0.607971      1.215942
     -0.865866      0.757970      0.757970      1.515940
     -0.855856      1.235563      1.235563      2.471127
     -0.845846      2.088533      2.088533      4.177066
     -0.835836      3.352915      3.352915      6.705830
     -0.825826      5.000066      5.000066     10.000132
     -0.815816      6.891713      6.891713     13.783426
     -0.805806      8.769989      8.769989     17.539978
     -0.795796     10.301179     10.301179     20.602358
     -0.785786     11.167810     11.167810     22.335620
     -0.775776     11.174739     11.174739     22.349479
     -0.765766     10.320344     10.320344     20.640688
     -0.755756      8.797090      8.797090     17.594180
     -0.745746      6.921127      6.921127     13.842254
     -0.735736      5.026110      5.026110     10.052219
     -0.725726      3.369989      3.369989      6.739977
     -0.715716      2.089260      2.089260      4.178521
     -0.705706      1.206327      1.206327      2.412654
     -0.695696      0.671737      0.671737      1.343473
     -0.685686      0.415518      0.415518      0.831037
     -0.675676      0.388376      0.388376      0.776753
     -0.665666      0.584325      0.584325      1.168649
     -0.655656      1.043196      1.043196      2.086391
     -0.645646      1.833006      1.833006      3.666012
     -0.635636      3.012974      3.012974      6.025948
     -0.625626      4.583346      4.583346      9.166692
     -0.615616      6.438551      6.438551     12.877102
     -0.605606      8.348841      8.348841     16.697683
     -0.595596      9.992178      9.992178     19.984357
     -0.585586     11.037807     11.037807     22.075613
     -0.575576     11.253629     11.253629     22.507258
     -0.565566     10.589838     10.589838     21.179676
     -0.555556      9.197566      9.197566     18.395131
     -0.545546      7.372985      7.372985     14.745969
     -0.535536      5.455074      5.455074     10.910147
     -0.525526      3.725159      3.725159      7.450317
     -0.515516      2.347879      2.347879      4.695758
     -0.505506      1.365820      1.365820      2.731641
     -0.495495      0.733328      0.733328      1.466656
     -0.485485      0.363404      0.363404      0.726808
     -0.475475      0.166214      0.166214      0.332428
     -0.465465      0.070167      0.070167      0.140334
     -0.455455      0.027339      0.027339      0.054678
     -0.445445      0.009832      0.009832      0.019663
     -0.435435      0.003264      0.003264      0.006528
     -0.425425      0.001002      0.001002      0.002005
     -0.415415      0.000295      0.000295      0.000590
     -0.405405      0.000127      0.000127      0.000254
     -0.395395      0.000226      0.000226      0.000451
     -0.385385      0.000753      0.000753      0.001506
     -0.375375      0.002492      0.002492      0.004983
     -0.365365      0.007647      0.007647      0.015294
     -0.355355      0.021667      0.021667      0.043334
     -0.345345      0.056664      0.056664      0.113328
     -0.335335      0.136774      0.136774      0.273548
     -0.325325      0.304709      0.304709      0.609418
     -0.315315      0.626547      0.626547      1.253093
     -0.305305      1.189073      1.189073      2.378147
     -0.295295      2.082816      2.082816      4.165631
     -0.285285      3.367284      3.367284      6.734569
     -0.275275      5.024532      5.024532     10.049065
     -0.265265      6.919876      6.919876     13.839752
     -0.255255      8.796053      8.796053     17.592107
     -0.245245     10.319633     10.319633     20.639266
     -0.235235     11.174484     11.174484     22.348968
     -0.225225     11.168055     11.168055     22.336111
     -0.215215     10.301833     10.301833     20.603665
     -0.205205      8.770781      8.770781     17.541562
     -0.195195      6.892058      6.892058     13.784116
     -0.185185      4.998577      4.998577      9.997154
     -0.175175      3.346037      3.346037      6.692074
     -0.165165      2.067292      2.067292      4.134585
     -0.155155      1.178854      1.178854      2.357708
     -0.145145      0.620447      0.620447      1.240894
     -0.135135      0.301395      0.301395      0.602791
     -0.125125      0.135131      0.135131      0.270262
     -0.115115      0.055919      0.055919      0.111838
     -0.105105      0.021358      0.021358      0.042715
     -0.095095      0.007529      0.007529      0.015058
     -0.085085      0.002450      0.002450      0.004899
     -0.075075      0.000736      0.000736      0.001471
     -0.065065      0.000204      0.000204      0.000408
     -0.055055      0.000052      0.000052      0.000104
     -0.045045      0.000012      0.000012      0.000025
     -0.035035      0.000003      0.000003      0.000005
     -0.025025      0.000001      0.000001      0.000001
     -0.015015      0.000000      0.000000      0.000000
     -0.005005      0.000000      0.000000      0.000000
      0.005005      0.000000      0.000000      0.000000
      0.015015      0.000000      0.000000      0.000000
      0.025025      0.000001      0.000001      0.000001
      0.035035      0.000003      0.000003      0.000005
      0.045045      0.000012      0.000012      0.000025
      0.055055      0.000052      0.000052      0.000104
      0.065065      0.000204      0.000204      0.000408
      0.075075      0.000736      0.000736      0.001471
      0.085085      0.002450      0.002450      0.004899
      0.095095      0.007529      0.007529      0.015058
      0.105105      0.021358      0.021358      0.042715
      0.115115      0.055919      0.055919      0.111838
      0.125125      0.135131      0.135131      0.270262
      0.135135      0.301395      0.301395      0.602791
      0.145145      0.620447      0.620447      1.240894
      0.155155      1.178854      1.178854      2.357708
      0.165165      2.067292      2.067292      4.134585
      0.175175      3.346037      3.346037      6.692074
      0.185185      4.998577      4.998577      9.997154
      0.195195      6.892058      6.892058     13.784116
      0.205205      8.770781      8.770781     17.541562
      0.215215     10.301833     10.301833     20.603665
      0.225225     11.168055     11.168055     22.336111
      0.235235     11.174484     11.174484     22.348968
      0.245245     10.319633     10.319633     20.639266
      0.255255      8.796053      8.796053     17.592107
      0.265265      6.919876      6.919876     13.839752
      0.275275      5.024532      5.024532     10.049065
      0.285285      3.367284      3.367284      6.734569
      0.295295      2.082816      2.082816      4.165631
      0.305305      1.189073      1.189073      2.378147
      0.315315      0.626547      0.626547      1.253093
      0.325325      0.304709      0.304709      0.609418
      0.335335      0.136774      0.136774      0.273548
      0.345345      0.056664      0.056664      0.113328
      0.355355      0.021667      0.021667      0.043334
      0.365365      0.007647      0.007647      0.015294
      0.375375      0.002491      0.002491      0.004982
      0.385385      0.000750      0.000750      0.001501
      0.395395      0.000215      0.000215      0.000431
      0.405405      0.000086      0.000086      0.000173
      0.415415      0.000145      0.000145      0.000290
      0.425425      0.000494      0.000494      0.000987
      0.435435      0.001678      0.001678      0.003355
      0.445445      0.005289      0.005289      0.010579
      0.455455      0.015397      0.015397      0.030794
      0.465465      0.041368      0.041368      0.082735
      0.475475      0.102583      0.102583      0.205165
      0.485485      0.234787      0.234787      0.469574
      0.495495      0.495976      0.495976      0.991952
      0.505506      0.967017      0.967017      1.934034
      0.515516      1.740181      1.740181      3.480362
      0.525526      2.890291      2.890291      5.780582
      0.535536      4.430734      4.430734      8.861468
      0.545546      6.268976      6.268976     12.537952
      0.555556      8.186620      8.186620     16.373240
      0.565566      9.867342      9.867342     19.734684
      0.575576     10.977036     10.977036     21.954072
      0.585586     11.271091     11.271091     22.542182
      0.595596     10.682346     10.682346     21.364693
      0.605606      9.347033      9.347033     18.694066
      0.615616      7.556154      7.556154     15.112307
      0.625626      5.658199      5.658199     11.316397
      0.635636      3.961219      3.961219      7.922439
      0.645646      2.675494      2.675494      5.350988
      0.655656      1.909754      1.909754      3.819508
      0.665666      1.703757      1.703757      3.407514
      0.675676      2.064641      2.064641      4.129283
      0.685686      2.979204      2.979204      5.958408
      0.695696      4.393581      4.393581      8.787162
      0.705706      6.175392      6.175392     12.350783
      0.715716      8.089792      8.089792     16.179584
      0.725726      9.820422      9.820422     19.640844
      0.735736     11.045583     11.045583     22.091167
      0.745746     11.547389     11.547389     23.094778
      0.755756     11.305475     11.305475     22.610950
      0.765766     10.525348     10.525348     21.050696
      0.775776      9.578432      9.578432     19.156864
      0.785786      8.871989      8.871989     17.743978
      0.795796      8.699729      8.699729     17.399458
      0.805806      9.132491      9.132491     18.264981
      0.815816      9.991778      9.991778     19.983557
      0.825826     10.916369     10.916369     21.832739
      0.835836     11.496133     11.496133     22.992265
      0.845846     11.420213     11.420213     22.840427
      0.855856     10.580518     10.580518     21.161035
      0.865866      9.091554      9.091554     18.183108
      0.875876      7.226550      7.226550     14.453100
      0.885886      5.307114      5.307114     10.614228
      0.895896      3.598967      3.598967      7.197934
      0.905906      2.253091      2.253091      4.506182
      0.915916      1.302010      1.302010      2.604020
      0.925926      0.694537      0.694537      1.389074
      0.935936      0.342195      0.342195      0.684389
      0.945946      0.156445      0.156445      0.312889
      0.955956      0.068714      0.068714      0.137429
      0.965966      0.035894      0.035894      0.071789
      0.975976      0.038523      0.038523      0.077047
      0.985986      0.078288      0.078288      0.156577
      0.995996      0.178356      0.178356      0.356712
      1.006006      0.386315      0.386315      0.772631
      1.016016      0.775857      0.775857      1.551715
      1.026026      1.440606      1.440606      2.881211
      1.036036      2.473714      2.473714      4.947428
      1.046046      3.932360      3.932360      7.864720
      1.056056      5.797031      5.797031     11.594063
      1.066066      7.946214      7.946214     15.892428
      1.076076     10.168238     10.168238     20.336475
      1.086086     12.216756     12.216756     24.433512
      1.096096     13.889604     13.889604     27.779208
      1.106106     15.090478     15.090478     30.180955
      1.116116     15.838152     15.838152     31.676305
      1.126126     16.220785     16.220785     32.441571
      1.136136     16.330961     16.330961     32.661922
      1.146146     16.229382     16.229382     32.458765
      1.156156     15.958812     15.958812     31.917624
      1.166166     15.585456     15.585456     31.170913
      1.176176     15.220461     15.220461     30.440922
      1.186186     14.991853     14.991853     29.983707
      1.196196     14.982439     14.982439     29.964878
      1.206206     15.182208     15.182208     30.364416
      1.216216     15.494956     15.494956     30.989912
      1.226226     15.794966     15.794966     31.589933
      1.236236     15.988590     15.988590     31.977180
      1.246246     16.033081     16.033081     32.066161
      1.256256     15.903329     15.903329     31.806659
      1.266266     15.543050     15.543050     31.086100
      1.276276     14.851099     14.851099     29.702198
      1.286286     13.724543     13.724543     27.449086
      1.296296     12.133288     12.133288     24.266575
      1.306306     10.175565     10.175565     20.351130
      1.316316      8.078172      8.078172     16.156344
      1.326326      6.144919      6.144919     12.289837
      1.336336      4.688173      4.688173      9.376346
      1.346346      3.979195      3.979195      7.958390
      1.356356      4.227411      4.227411      8.454822
      1.366366      5.570523      5.570523     11.141046
      1.376376      8.049473      8.049473     16.098946
      1.386386     11.560664     11.560664     23.121328
      1.396396     15.808380     15.808380     31.616760
      1.406406     20.298927     20.298927     40.597854
      1.416416     24.407153     24.407153     48.814305
      1.426426     27.508699     27.508699     55.017399
      1.436436     29.131438     29.131438     58.262876
      1.446446     29.065313     29.065313     58.130626
      1.456456     27.391576     27.391576     54.783153
      1.466466     24.433633     24.433633     48.867266
      1.476476     20.663580     20.663580     41.327159
      1.486486     16.604003     16.604003     33.208007
      1.496496     12.749424     12.749424     25.498848
      1.506507      9.513569      9.513569     19.027138
      1.516517      7.198818      7.198818     14.397636
      1.526527      5.981839      5.981839     11.963679
      1.536537      5.909557      5.909557     11.819114
      1.546547      6.901237      6.901237     13.802475
      1.556557      8.757495      8.757495     17.514989
      1.566567     11.183190     11.183190     22.366380
      1.576577     13.831653     13.831653     27.663306
      1.586587     16.368429     16.368429     32.736858
      1.596597     18.539488     18.539488     37.078976
      1.606607     20.222490     20.222490     40.444980
      1.616617     21.445661     21.445661     42.891322
      1.626627     22.370991     22.370991     44.741981
      1.636637     23.246764     23.246764     46.493527
      1.646647     24.336468     24.336468     48.672937
      1.656657     25.833973     25.833973     51.667945
      1.666667     27.784649     27.784649     55.569297
      1.676677     30.043688     30.043688     60.087377
      1.686687     32.301829     32.301829     64.603659
      1.696697     34.184970     34.184970     68.369939
      1.706707     35.393940     35.393940     70.787880
      1.716717     35.817357     35.817357     71.634715
      1.726727     35.551512     35.551512     71.103023
      1.736737     34.807686     34.807686     69.615372
      1.746747     33.758161     33.758161     67.516322
      1.756757     32.420470     32.420470     64.840939
      1.766767     30.664292     30.664292     61.328583
      1.776777     28.347937     28.347937     56.695873
      1.786787     25.501865     25.501865     51.003730
      1.796797     22.438392     22.438392     44.876785
      1.806807     19.706581     19.706581     39.413163
      1.816817     17.900627     17.900627     35.801254
      1.826827     17.410829     17.410829     34.821659
      1.836837     18.235173     18.235173     36.470346
      1.846847     19.940356     19.940356     39.880712
      1.856857     21.795498     21.795498     43.590995
      1.866867     23.029166     23.029166     46.058332
      1.876877     23.107440     23.107440     46.214880
      1.886887     21.918785     21.918785     43.837571
      1.896897     19.789635     19.789635     39.579270
      1.906907     17.329413     17.329413     34.658826
      1.916917     15.180041     15.180041     30.360081
      1.926927     13.784134     13.784134     27.568268
      1.936937     13.269593     13.269593     26.539187
      1.946947     13.487325     13.487325     26.974650
      1.956957     14.164637     14.164637     28.329274
      1.966967     15.083823     15.083823     30.167647
      1.976977     16.187442     16.187442     32.374885
      1.986987     17.554311     17.554311     35.108622
      1.996997     19.265140     19.265140     38.530279
      2.007007     21.245539     21.245539     42.491077
      2.017017     23.194465     23.194465     46.388930
      2.027027     24.659207     24.659207     49.318414
      2.037037     25.226880     25.226880     50.453760
      2.047047     24.723882     24.723882     49.447764
      2.057057     23.302830     23.302830     46.605661
      2.067067     21.362764     21.362764     42.725529
      2.077077     19.350375     19.350375     38.700750
      2.087087     17.560199     17.560199     35.120397
      2.097097     16.045439     16.045439     32.090877
      2.107107     14.677299     14.677299     29.354599
      2.117117     13.301872     13.301872     26.603744
      2.127127     11.895623     11.895623     23.791245
      2.137137     10.635525     10.635525     21.271050
      2.147147      9.857250      9.857250     19.714499
      2.157157      9.933309      9.933309     19.866618
      2.167167     11.131448     11.131448     22.262897
      2.177177     13.507161     13.507161     27.014322
      2.187187     16.858720     16.858720     33.717440
      2.197197     20.747870     20.747870     41.495739
      2.207207     24.574310     24.574310     49.148620
      2.217217     27.686708     27.686708     55.373416
      2.227227     29.511005     29.511005     59.022010
      2.237237     29.672966     29.672966     59.345932
      2.247247     28.086387     28.086387     56.172773
      2.257257     24.977881     24.977881     49.955761
      2.267267     20.832153     20.832153     41.664306
      2.277277     16.268988     16.268988     32.537976
      2.287287     11.892907     11.892907     23.785814
      2.297297      8.170159      8.170159     16.340319
      2.307307      5.374864      5.374864     10.749727
      2.317317      3.613151      3.613151      7.226302
      2.327327      2.899806      2.899806      5.799611
      2.337337      3.243130      3.243130      6.486259
      2.347347      4.695927      4.695927      9.391854
      2.357357      7.348030      7.348030     14.696060
      2.367367     11.259686     11.259686     22.519372
      2.377377     16.358489     16.358489     32.716979
      2.387387     22.340541     22.340541     44.681082
      2.397397     28.623819     28.623819     57.247639
      2.407407     34.392609     34.392609     68.785218
      2.417417     38.743612     38.743612     77.487224
      2.427427     40.902922     40.902922     81.805844
      2.437437     40.444507     40.444507     80.889015
      2.447447     37.426563     37.426563     74.853126
      2.457457     32.386080     32.386080     64.772159
      2.467467     26.188590     26.188590     52.377180
      2.477477     19.792286     19.792286     39.584572
      2.487487     14.019791     14.019791     28.039583
      2.497497      9.418424      9.418424     18.836847
      2.507508      6.240224      6.240224     12.480449
      2.517518      4.516281      4.516281      9.032562
      2.527528      4.165561      4.165561      8.331122
      2.537538      5.078888      5.078888     10.157776
      2.547548      7.145912      7.145912     14.291825
      2.557558     10.228435     10.228435     20.456870
      2.567568     14.109790     14.109790     28.219580
      2.577578     18.458164     18.458164     36.916327
      2.587588     22.832229     22.832229     45.664457
      2.597598     26.737774     26.737774     53.475547
      2.607608     29.723050     29.723050     59.446100
      2.617618     31.484683     31.484683     62.969366
      2.627628     31.948490     31.948490     63.896980
      2.637638     31.293534     31.293534     62.587068
      2.647648     29.905859     29.905859     59.811718
      2.657658     28.277152     28.277152     56.554305
      2.667668     26.888987     26.888987     53.777974
      2.677678     26.127475     26.127475     52.254950
      2.687688     26.250317     26.250317     52.500633
      2.697698     27.393479     27.393479     54.786959
      2.707708     29.583671     29.583671     59.167342
      2.717718     32.729748     32.729748     65.459495
      2.727728     36.593236     36.593236     73.186471
      2.737738     40.764374     40.764374     81.528748
      2.747748     44.679250     44.679250     89.358501
      2.757758     47.701956     47.701956     95.403911
      2.767768     49.267829     49.267829     98.535658
      2.777778     49.048746     49.048746     98.097493
      2.787788     47.074385     47.074385     94.148771
      2.797798     43.744458     43.744458     87.488917
      2.807808     39.707057     39.707057     79.414114
      2.817818     35.643107     35.643107     71.286214
      2.827828     32.048866     32.048866     64.097732
      2.837838     29.112307     29.112307     58.224615
      2.847848     26.730564     26.730564     53.461127
      2.857858     24.644602     24.644602     49.289204
      2.867868     22.615000     22.615000     45.230000
      2.877878     20.553227     20.553227     41.106454
      2.887888     18.553536     18.553536     37.107073
      2.897898     16.821978     16.821978     33.643957
      2.907908     15.547890     15.547890     31.095780
      2.917918     14.789627     14.789627     29.579253
      2.927928     14.437360     14.437360     28.874719
      2.937938     14.272823     14.272823     28.545645
      2.947948     14.089383     14.089383     28.178766
      2.957958     13.798644     13.798644     27.597287
      2.967968     13.457159     13.457159     26.914319
      2.977978     13.196853     13.196853     26.393706
      2.987988     13.104349     13.104349     26.208699
      2.997998     13.127322     13.127322     26.254645
      3.008008     13.068415     13.068415     26.136829
      3.018018     12.671542     12.671542     25.343083
      3.028028     11.748768     11.748768     23.497535
      3.038038     10.274659     10.274659     20.549318
      3.048048      8.399646      8.399646     16.799291
      3.058058      6.384166      6.384166     12.768331
      3.068068      4.496949      4.496949      8.993899
      3.078078      2.930435      2.930435      5.860871
      3.088088      1.765236      1.765236      3.530473
      3.098098      0.983731      0.983731      1.967461
      3.108108      0.511180      0.511180      1.022360
      3.118118      0.259580      0.259580      0.519160
      3.128128      0.159482      0.159482      0.318965
      3.138138      0.177496      0.177496      0.354993
      3.148148      0.324320      0.324320      0.648640
      3.158158      0.658080      0.658080      1.316160
      3.168168      1.283063      1.283063      2.566126
      3.178178      2.338904      2.338904      4.677808
      3.188188      3.974002      3.974002      7.948004
      3.198198      6.301724      6.301724     12.603447
      3.208208      9.347567      9.347567     18.695135
      3.218218     13.004635     13.004635     26.009269
      3.228228     17.016693     17.016693     34.033386
      3.238238     20.999856     20.999856     41.999712
      3.248248     24.499713     24.499713     48.999427
      3.258258     27.069325     27.069325     54.138650
      3.268268     28.350460     28.350460     56.700919
      3.278278     28.143503     28.143503     56.287006
      3.288288     26.453943     26.453943     52.907885
      3.298298     23.502958     23.502958     47.005916
      3.308308     19.691832     19.691832     39.383663
      3.318318     15.521200     15.521200     31.042399
      3.328328     11.484933     11.484933     22.969866
      3.338338      7.973113      7.973113     15.946226
      3.348348      5.217343      5.217343     10.434687
      3.358358      3.292944      3.292944      6.585888
      3.368368      2.166979      2.166979      4.333958
      3.378378      1.762656      1.762656      3.525311
      3.388388      2.007547      2.007547      4.015093
      3.398398      2.844454      2.844454      5.688908
      3.408408      4.203442      4.203442      8.406884
      3.418418      5.954193      5.954193     11.908385
      3.428428      7.871666      7.871666     15.743333
      3.438438      9.647142      9.647142     19.294284
      3.448448     10.957141     10.957141     21.914282
      3.458458     11.570545     11.570545     23.141089
      3.468468     11.446504     11.446504     22.893007
      3.478478     10.771233     10.771233     21.542466
      3.488488      9.906768      9.906768     19.813536
      3.498498      9.266701      9.266701     18.533402
      3.508509      9.169637      9.169637     18.339274
      3.518519      9.732024      9.732024     19.464048
      3.528529     10.844125     10.844125     21.688250
      3.538539     12.235423     12.235423     24.470846
      3.548549     13.595062     13.595062     27.190124
      3.558559     14.687420     14.687420     29.374840
      3.568569     15.407149     15.407149     30.814298
      3.578579     15.753784     15.753784     31.507567
      3.588589     15.754922     15.754922     31.509845
      3.598599     15.397701     15.397701     30.795403
      3.608609     14.618180     14.618180     29.236361
      3.618619     13.353638     13.353638     26.707277
      3.628629     11.616646     11.616646     23.233292
      3.638639      9.535984      9.535984     19.071969
      3.648649      7.335564      7.335564     14.671129
      3.658659      5.265536      5.265536     10.531073
      3.668669      3.527638      3.527638      7.055275
      3.678679      2.233684      2.233684      4.467368
      3.688689      1.410680      1.410680      2.821361
      3.698699      1.039003      1.039003      2.078006
      3.708709      1.096623      1.096623      2.193245
      3.718719      1.584446      1.584446      3.168892
      3.728729      2.519396      2.519396      5.038792
      3.738739      3.896800      3.896800      7.793600
      3.748749      5.638687      5.638687     11.277374
      3.758759      7.555881      7.555881     15.111763
      3.768769      9.352630      9.352630     18.705261
      3.778779     10.686999     10.686999     21.373997
      3.788789     11.271603     11.271603     22.543205
      3.798799     10.972550     10.972550     21.945100
      3.808809      9.858653      9.858653     19.717306
      3.818819      8.175508      8.175508     16.351016
      3.828829      6.257471      6.257471     12.514943
      3.838839      4.420487      4.420487      8.840974
      3.848849      2.882239      2.882239      5.764479
      3.858859      1.734559      1.734559      3.469119
      3.868869      0.963654      0.963654      1.927308
      3.878879      0.494806      0.494806      0.989612
      3.888889      0.236721      0.236721      0.473441
      3.898899      0.111255      0.111255      0.222509
      3.908909      0.066877      0.066877      0.133755
      3.918919      0.081796      0.081796      0.163592
      3.928929      0.163873      0.163873      0.327745
      3.938939      0.351232      0.351232      0.702465
      3.948949      0.712561      0.712561      1.425122
      3.958959      1.341840      1.341840      2.683679
      3.968969      2.341097      2.341097      4.682193
      3.978979      3.788932      3.788932      7.577865
      3.988989      5.702200      5.702200     11.404401
      3.998999      8.008707      8.008707     16.017413
      4.009009     10.551199     10.551199     21.102399
      4.019019     13.130310     13.130310     26.260621
      4.029029     15.569739     15.569739     31.139478
      4.039039     17.766812     17.766812     35.533625
      4.049049     19.694110     19.694110     39.388220
      4.059059     21.347501     21.347501     42.695002
      4.069069     22.674861     22.674861     45.349722
      4.079079     23.539072     23.539072     47.078145
      4.089089     23.751581     23.751581     47.503161
      4.099099     23.168272     23.168272     46.336544
      4.109109     21.796867     21.796867     43.593734
      4.119119     19.851862     19.851862     39.703725
      4.129129     17.717348     17.717348     35.434697
      4.139139     15.825704     15.825704     31.651407
      4.149149     14.505579     14.505579     29.011159
      4.159159     13.871804     13.871804     27.743608
      4.169169     13.811820     13.811820     27.623641
      4.179179     14.075230     14.075230     28.150461
      4.189189     14.419231     14.419231     28.838461
      4.199199     14.733603     14.733603     29.467207
      4.209209     15.083051     15.083051     30.166101
      4.219219     15.654276     15.654276     31.308553
      4.229229     16.648174     16.648174     33.296347
      4.239239     18.179049     18.179049     36.358097
      4.249249     20.222511     20.222511     40.445022
      4.259259     22.613901     22.613901     45.227803
      4.269269     25.075233     25.075233     50.150466
      4.279279     27.256188     27.256188     54.512376
      4.289289     28.795195     28.795195     57.590390
      4.299299     29.407890     29.407890     58.815780
      4.309309     28.982811     28.982811     57.965623
      4.319319     27.635113     27.635113     55.270225
      4.329329     25.676035     25.676035     51.352070
      4.339339     23.505095     23.505095     47.010190
      4.349349     21.485804     21.485804     42.971608
      4.359359     19.875430     19.875430     39.750860
      4.369369     18.832321     18.832321     37.664643
      4.379379     18.459182     18.459182     36.918364
      4.389389     18.813777     18.813777     37.627554
      4.399399     19.854282     19.854282     39.708563
      4.409409     21.355684     21.355684     42.711369
      4.419419     22.878099     22.878099     45.756199
      4.429429     23.848151     23.848151     47.696302
      4.439439     23.741787     23.741787     47.483575
      4.449449     22.283633     22.283633     44.567267
      4.459459     19.557933     19.557933     39.115866
      4.469469     15.973605     15.973605     31.947211
      4.479479     12.107022     12.107022     24.214045
      4.489489      8.506625      8.506625     17.013251
      4.499499      5.549222      5.549222     11.098444
      4.509510      3.395378      3.395378      6.790755
      4.519520      2.035530      2.035530      4.071061
      4.529530      1.382789      1.382789      2.765577
      4.539540      1.363511      1.363511      2.727021
      4.549550      1.972185      1.972185      3.944371
      4.559560      3.276576      3.276576      6.553152
      4.569570      5.374514      5.374514     10.749028
      4.579580      8.316847      8.316847     16.633694
      4.589590     12.024753     12.024753     24.049505
      4.599600     16.239761     16.239761     32.479523
      4.609610     20.540639     20.540639     41.081278
      4.619620     24.435858     24.435858     48.871716
      4.629630     27.501959     27.501959     55.003917
      4.639640     29.509275     29.509275     59.018550
      4.649650     30.478900     30.478900     60.957801
      4.659660     30.649801     30.649801     61.299602
      4.669670     30.379978     30.379978     60.759956
      4.679680     30.030817     30.030817     60.061634
      4.689690     29.876102     29.876102     59.752204
      4.699700     30.049493     30.049493     60.098986
      4.709710     30.522327     30.522327     61.044654
      4.719720     31.103472     31.103472     62.206943
      4.729730     31.468492     31.468492     62.936984
      4.739740     31.234922     31.234922     62.469844
      4.749750     30.086424     30.086424     60.172848
      4.759760     27.914870     27.914870     55.829741
      4.769770     24.920478     24.920478     49.840957
      4.779780     21.612546     21.612546     43.225092
      4.789790     18.692547     18.692547     37.385094
      4.799800     16.855761     16.855761     33.711522
      4.809810     16.585271     16.585271     33.170541
      4.819820     18.013973     18.013973     36.027947
      4.829830     20.899540     20.899540     41.799079
      4.839840     24.711523     24.711523     49.423047
      4.849850     28.788567     28.788567     57.577135
      4.859860     32.502338     32.502338     65.004677
      4.869870     35.372516     35.372516     70.745033
      4.879880     37.110204     37.110204     74.220408
      4.889890     37.605643     37.605643     75.211286
      4.899900     36.894453     36.894453     73.788906
      4.909910     35.125053     35.125053     70.250106
      4.919920     32.525470     32.525470     65.050940
      4.929930     29.358199     29.358199     58.716398
      4.939940     25.866481     25.866481     51.732961
      4.949950     22.235306     22.235306     44.470612
      4.959960     18.589584     18.589584     37.179168
      4.969970     15.026711     15.026711     30.053422
      4.979980     11.654370     11.654370     23.308740
      4.989990      8.601888      8.601888     17.203775
      5.000000      5.996537      5.996537     11.993073
