# EIG2DOS: Utility for SIESTA to obtain the electronic density of states
#  E. Artacho, Apr 1999, A. Garcia, Apr 2012
#  Nick R. Papior, Feb 2017
# ------------------------------------------
# Eigenvalues calculated from a non-polarized calculation
# Eigenvalues read from siesta.EIG
# Kpoint weights read from siesta.KP
# Using smearing parameter:   0.0500
# Using 1000 points in the energy range
# Selected bands: 1 to: 2981
# Emin, Emax in file for selected band(s):    -27.1951674    218.3803180
# Nbands, Nspin, Nk   =   2981     1     1
# E_F                 =    -4.2183 eV --> (shifted to ZERO)
# Broadening          =     0.0500 eV
#
#        E            N(up)  (=)   N(down)         Ntot
     -5.000000     34.601167     34.601167     69.202334
     -4.989990     38.909293     38.909293     77.818587
     -4.979980     42.497095     42.497095     84.994190
     -4.969970     44.771022     44.771022     89.542044
     -4.959960     45.337767     45.337767     90.675534
     -4.949950     44.134155     44.134155     88.268310
     -4.939940     41.456559     41.456559     82.913118
     -4.929930     37.896224     37.896224     75.792448
     -4.919920     34.223780     34.223780     68.447560
     -4.909910     31.265451     31.265451     62.530902
     -4.899900     29.783209     29.783209     59.566419
     -4.889890     30.343653     30.343653     60.687306
     -4.879880     33.166824     33.166824     66.333648
     -4.869870     37.988259     37.988259     75.976518
     -4.859860     44.010997     44.010997     88.021994
     -4.849850     50.023256     50.023256    100.046512
     -4.839840     54.693277     54.693277    109.386555
     -4.829830     56.955424     56.955424    113.910847
     -4.819820     56.333536     56.333536    112.667072
     -4.809810     53.060035     53.060035    106.120070
     -4.799800     47.942636     47.942636     95.885272
     -4.789790     42.050860     42.050860     84.101721
     -4.779780     36.369963     36.369963     72.739926
     -4.769770     31.561024     31.561024     63.122049
     -4.759760     27.889957     27.889957     55.779915
     -4.749750     25.300125     25.300125     50.600251
     -4.739740     23.552680     23.552680     47.105361
     -4.729730     22.359293     22.359293     44.718586
     -4.719720     21.465056     21.465056     42.930112
     -4.709710     20.678284     20.678284     41.356567
     -4.699700     19.871369     19.871369     39.742739
     -4.689690     18.985322     18.985322     37.970645
     -4.679680     18.057984     18.057984     36.115969
     -4.669670     17.267792     17.267792     34.535584
     -4.659660     16.957938     16.957938     33.915876
     -4.649650     17.600166     17.600166     35.200332
     -4.639640     19.681012     19.681012     39.362024
     -4.629630     23.533291     23.533291     47.066583
     -4.619620     29.168494     29.168494     58.336988
     -4.609610     36.175053     36.175053     72.350106
     -4.599600     43.731993     43.731993     87.463985
     -4.589590     50.755146     50.755146    101.510292
     -4.579580     56.151916     56.151916    112.303833
     -4.569570     59.118472     59.118472    118.236944
     -4.559560     59.383977     59.383977    118.767953
     -4.549550     57.308212     57.308212    114.616425
     -4.539540     53.781809     53.781809    107.563619
     -4.529530     49.951047     49.951047     99.902094
     -4.519520     46.860394     46.860394     93.720788
     -4.509510     45.141088     45.141088     90.282177
     -4.499499     44.855465     44.855465     89.710930
     -4.489489     45.542933     45.542933     91.085865
     -4.479479     46.433664     46.433664     92.867328
     -4.469469     46.735420     46.735420     93.470840
     -4.459459     45.882520     45.882520     91.765040
     -4.449449     43.667397     43.667397     87.334795
     -4.439439     40.235810     40.235810     80.471620
     -4.429429     35.985228     35.985228     71.970457
     -4.419419     31.434066     31.434066     62.868132
     -4.409409     27.116913     27.116913     54.233826
     -4.399399     23.521490     23.521490     47.042980
     -4.389389     21.046453     21.046453     42.092907
     -4.379379     19.951840     19.951840     39.903680
     -4.369369     20.299016     20.299016     40.598033
     -4.359359     21.911202     21.911202     43.822405
     -4.349349     24.397203     24.397203     48.794406
     -4.339339     27.255675     27.255675     54.511349
     -4.329329     30.030461     30.030461     60.060923
     -4.319319     32.452265     32.452265     64.904529
     -4.309309     34.502771     34.502771     69.005543
     -4.299299     36.372770     36.372770     72.745540
     -4.289289     38.332397     38.332397     76.664795
     -4.279279     40.564839     40.564839     81.129677
     -4.269269     43.025555     43.025555     86.051109
     -4.259259     45.382394     45.382394     90.764787
     -4.249249     47.072375     47.072375     94.144750
     -4.239239     47.475782     47.475782     94.951565
     -4.229229     46.157838     46.157838     92.315676
     -4.219219     43.081599     43.081599     86.163198
     -4.209209     38.686728     38.686728     77.373455
     -4.199199     33.778954     33.778954     67.557908
     -4.189189     29.266777     29.266777     58.533555
     -4.179179     25.862461     25.862461     51.724923
     -4.169169     23.882697     23.882697     47.765394
     -4.159159     23.229452     23.229452     46.458904
     -4.149149     23.538953     23.538953     47.077905
     -4.139139     24.409566     24.409566     48.819132
     -4.129129     25.592871     25.592871     51.185743
     -4.119119     27.059723     27.059723     54.119446
     -4.109109     28.915996     28.915996     57.831991
     -4.099099     31.215727     31.215727     62.431454
     -4.089089     33.775611     33.775611     67.551222
     -4.079079     36.106616     36.106616     72.213231
     -4.069069     37.528547     37.528547     75.057093
     -4.059059     37.435523     37.435523     74.871046
     -4.049049     35.586244     35.586244     71.172488
     -4.039039     32.264911     32.264911     64.529822
     -4.029029     28.222618     28.222618     56.445236
     -4.019019     24.428213     24.428213     48.856427
     -4.009009     21.756110     21.756110     43.512220
     -3.998999     20.756306     20.756306     41.512613
     -3.988989     21.586768     21.586768     43.173537
     -3.978979     24.091485     24.091485     48.182971
     -3.968969     27.942289     27.942289     55.884579
     -3.958959     32.760988     32.760988     65.521976
     -3.948949     38.185425     38.185425     76.370851
     -3.938939     43.894227     43.894227     87.788455
     -3.928929     49.621966     49.621966     99.243931
     -3.918919     55.174951     55.174951    110.349902
     -3.908909     60.427022     60.427022    120.854044
     -3.898899     65.269617     65.269617    130.539234
     -3.888889     69.520839     69.520839    139.041678
     -3.878879     72.840537     72.840537    145.681074
     -3.868869     74.716559     74.716559    149.433118
     -3.858859     74.562344     74.562344    149.124689
     -3.848849     71.909576     71.909576    143.819151
     -3.838839     66.624054     66.624054    133.248109
     -3.828829     59.049897     59.049897    118.099794
     -3.818819     50.009670     50.009670    100.019340
     -3.808809     40.645564     40.645564     81.291128
     -3.798799     32.151215     32.151215     64.302430
     -3.788789     25.485111     25.485111     50.970222
     -3.778779     21.158065     21.158065     42.316130
     -3.768769     19.153597     19.153597     38.307194
     -3.758759     18.991447     18.991447     37.982894
     -3.748749     19.902646     19.902646     39.805292
     -3.738739     21.061176     21.061176     42.122352
     -3.728729     21.811951     21.811951     43.623901
     -3.718719     21.841580     21.841580     43.683159
     -3.708709     21.251961     21.251961     42.503922
     -3.698699     20.515828     20.515828     41.031655
     -3.688689     20.318818     20.318818     40.637637
     -3.678679     21.323729     21.323729     42.647457
     -3.668669     23.923053     23.923053     47.846107
     -3.658659     28.062751     28.062751     56.125501
     -3.648649     33.208184     33.208184     66.416368
     -3.638639     38.476422     38.476422     76.952844
     -3.628629     42.891552     42.891552     85.783103
     -3.618619     45.664672     45.664672     91.329343
     -3.608609     46.391375     46.391375     92.782749
     -3.598599     45.104727     45.104727     90.209454
     -3.588589     42.192723     42.192723     84.385446
     -3.578579     38.241142     38.241142     76.482285
     -3.568569     33.869461     33.869461     67.738921
     -3.558559     29.600145     29.600145     59.200290
     -3.548549     25.773297     25.773297     51.546595
     -3.538539     22.510369     22.510369     45.020739
     -3.528529     19.734686     19.734686     39.469371
     -3.518519     17.250793     17.250793     34.501586
     -3.508509     14.861300     14.861300     29.722601
     -3.498498     12.475587     12.475587     24.951174
     -3.488488     10.163248     10.163248     20.326495
     -3.478478      8.132000      8.132000     16.264001
     -3.468468      6.646549      6.646549     13.293097
     -3.458458      5.927067      5.927067     11.854135
     -3.448448      6.064646      6.064646     12.129291
     -3.438438      6.976733      6.976733     13.953466
     -3.428428      8.413136      8.413136     16.826272
     -3.418418     10.015642     10.015642     20.031285
     -3.408408     11.423833     11.423833     22.847667
     -3.398398     12.400660     12.400660     24.801320
     -3.388388     12.932605     12.932605     25.865211
     -3.378378     13.258220     13.258220     26.516440
     -3.368368     13.804508     13.804508     27.609016
     -3.358358     15.051436     15.051436     30.102872
     -3.348348     17.375243     17.375243     34.750486
     -3.338338     20.922943     20.922943     41.845886
     -3.328328     25.547723     25.547723     51.095445
     -3.318318     30.809987     30.809987     61.619974
     -3.308308     36.039196     36.039196     72.078392
     -3.298298     40.453256     40.453256     80.906512
     -3.288288     43.325170     43.325170     86.650341
     -3.278278     44.161096     44.161096     88.322193
     -3.268268     42.827640     42.827640     85.655280
     -3.258258     39.570955     39.570955     79.141910
     -3.248248     34.917104     34.917104     69.834209
     -3.238238     29.504156     29.504156     59.008311
     -3.228228     23.926326     23.926326     47.852652
     -3.218218     18.648487     18.648487     37.296973
     -3.208208     13.997706     13.997706     27.995411
     -3.198198     10.198808     10.198808     20.397617
     -3.188188      7.415661      7.415661     14.831321
     -3.178178      5.778472      5.778472     11.556943
     -3.168168      5.394927      5.394927     10.789853
     -3.158158      6.346444      6.346444     12.692888
     -3.148148      8.666849      8.666849     17.333699
     -3.138138     12.302164     12.302164     24.604327
     -3.128128     17.061008     17.061008     34.122016
     -3.118118     22.577614     22.577614     45.155229
     -3.108108     28.313154     28.313154     56.626308
     -3.098098     33.611940     33.611940     67.223880
     -3.088088     37.810550     37.810550     75.621099
     -3.078078     40.376516     40.376516     80.753033
     -3.068068     41.035330     41.035330     82.070661
     -3.058058     39.837768     39.837768     79.675536
     -3.048048     37.132987     37.132987     74.265975
     -3.038038     33.449005     33.449005     66.898010
     -3.028028     29.327667     29.327667     58.655335
     -3.018018     25.188463     25.188463     50.376927
     -3.008008     21.281852     21.281852     42.563703
     -2.997998     17.742134     17.742134     35.484267
     -2.987988     14.694139     14.694139     29.388277
     -2.977978     12.343077     12.343077     24.686155
     -2.967968     10.994692     10.994692     21.989384
     -2.957958     10.994931     10.994931     21.989862
     -2.947948     12.615760     12.615760     25.231521
     -2.937938     15.930681     15.930681     31.861361
     -2.927928     20.723274     20.723274     41.446548
     -2.917918     26.464197     26.464197     52.928393
     -2.907908     32.378538     32.378538     64.757076
     -2.897898     37.601778     37.601778     75.203557
     -2.887888     41.388682     41.388682     82.777364
     -2.877878     43.308054     43.308054     86.616108
     -2.867868     43.347530     43.347530     86.695061
     -2.857858     41.879597     41.879597     83.759195
     -2.847848     39.496630     39.496630     78.993260
     -2.837838     36.782992     36.782992     73.565985
     -2.827828     34.123633     34.123633     68.247267
     -2.817818     31.631047     31.631047     63.262094
     -2.807808     29.212198     29.212198     58.424396
     -2.797798     26.725439     26.725439     53.450878
     -2.787788     24.134084     24.134084     48.268168
     -2.777778     21.572430     21.572430     43.144860
     -2.767768     19.295796     19.295796     38.591593
     -2.757758     17.555579     17.555579     35.111158
     -2.747748     16.482364     16.482364     32.964727
     -2.737738     16.049800     16.049800     32.099601
     -2.727728     16.135767     16.135767     32.271534
     -2.717718     16.630983     16.630983     33.261966
     -2.707708     17.512731     17.512731     35.025462
     -2.697698     18.826545     18.826545     37.653090
     -2.687688     20.586966     20.586966     41.173932
     -2.677678     22.672895     22.672895     45.345790
     -2.667668     24.805622     24.805622     49.611244
     -2.657658     26.644512     26.644512     53.289023
     -2.647648     27.951001     27.951001     55.902002
     -2.637638     28.716750     28.716750     57.433500
     -2.627628     29.168892     29.168892     58.337784
     -2.617618     29.644525     29.644525     59.289050
     -2.607608     30.410868     30.410868     60.821736
     -2.597598     31.535977     31.535977     63.071953
     -2.587588     32.870686     32.870686     65.741373
     -2.577578     34.124781     34.124781     68.249562
     -2.567568     34.970773     34.970773     69.941546
     -2.557558     35.119249     35.119249     70.238498
     -2.547548     34.359253     34.359253     68.718507
     -2.537538     32.594332     32.594332     65.188665
     -2.527528     29.896401     29.896401     59.792803
     -2.517518     26.558254     26.558254     53.116507
     -2.507508     23.094533     23.094533     46.189066
     -2.497497     20.152654     20.152654     40.305307
     -2.487487     18.343855     18.343855     36.687711
     -2.477477     18.055432     18.055432     36.110864
     -2.467467     19.324570     19.324570     38.649141
     -2.457457     21.831974     21.831974     43.663948
     -2.447447     25.023011     25.023011     50.046022
     -2.437437     28.309488     28.309488     56.618977
     -2.427427     31.269166     31.269166     62.538332
     -2.417417     33.758139     33.758139     67.516279
     -2.407407     35.886279     35.886279     71.772557
     -2.397397     37.865984     37.865984     75.731968
     -2.387387     39.804880     39.804880     79.609760
     -2.377377     41.545968     41.545968     83.091936
     -2.367367     42.645092     42.645092     85.290185
     -2.357357     42.515053     42.515053     85.030107
     -2.347347     40.682245     40.682245     81.364490
     -2.337337     37.037714     37.037714     74.075428
     -2.327327     31.959715     31.959715     63.919429
     -2.317317     26.247270     26.247270     52.494539
     -2.307307     20.898618     20.898618     41.797235
     -2.297297     16.837558     16.837558     33.675116
     -2.287287     14.697062     14.697062     29.394123
     -2.277277     14.720766     14.720766     29.441532
     -2.267267     16.779682     16.779682     33.559364
     -2.257257     20.461670     20.461670     40.923340
     -2.247247     25.185639     25.185639     50.371277
     -2.237237     30.307374     30.307374     60.614747
     -2.227227     35.201463     35.201463     70.402925
     -2.217217     39.316225     39.316225     78.632450
     -2.207207     42.207444     42.207444     84.414888
     -2.197197     43.563608     43.563608     87.127216
     -2.187187     43.236150     43.236150     86.472299
     -2.177177     41.276932     41.276932     82.553865
     -2.167167     37.964101     37.964101     75.928202
     -2.157157     33.781487     33.781487     67.562974
     -2.147147     29.325357     29.325357     58.650714
     -2.137137     25.150156     25.150156     50.300312
     -2.127127     21.610836     21.610836     43.221673
     -2.117117     18.777773     18.777773     37.555546
     -2.107107     16.470270     16.470270     32.940540
     -2.097097     14.391078     14.391078     28.782157
     -2.087087     12.289327     12.289327     24.578654
     -2.077077     10.069698     10.069698     20.139396
     -2.067067      7.805082      7.805082     15.610164
     -2.057057      5.667882      5.667882     11.335764
     -2.047047      3.833273      3.833273      7.666545
     -2.037037      2.407695      2.407695      4.815390
     -2.027027      1.407746      1.407746      2.815491
     -2.017017      0.782870      0.782870      1.565740
     -2.007007      0.458755      0.458755      0.917509
     -1.996997      0.379736      0.379736      0.759471
     -1.986987      0.538813      0.538813      1.077625
     -1.976977      0.992084      0.992084      1.984167
     -1.966967      1.856005      1.856005      3.712011
     -1.956957      3.283563      3.283563      6.567125
     -1.946947      5.415921      5.415921     10.831841
     -1.936937      8.314536      8.314536     16.629073
     -1.926927     11.893559     11.893559     23.787119
     -1.916917     15.884306     15.884306     31.768611
     -1.906907     19.860339     19.860339     39.720677
     -1.896897     23.328102     23.328102     46.656204
     -1.886887     25.854224     25.854224     51.708449
     -1.876877     27.178236     27.178236     54.356473
     -1.866867     27.265998     27.265998     54.531997
     -1.856857     26.291523     26.291523     52.583045
     -1.846847     24.569601     24.569601     49.139201
     -1.836837     22.474087     22.474087     44.948175
     -1.826827     20.363322     20.363322     40.726644
     -1.816817     18.514920     18.514920     37.029840
     -1.806807     17.069380     17.069380     34.138760
     -1.796797     15.996806     15.996806     31.993612
     -1.786787     15.112152     15.112152     30.224304
     -1.776777     14.151006     14.151006     28.302011
     -1.766767     12.883326     12.883326     25.766653
     -1.756757     11.213680     11.213680     22.427360
     -1.746747      9.219216      9.219216     18.438431
     -1.736737      7.111752      7.111752     14.223504
     -1.726727      5.152729      5.152729     10.305457
     -1.716717      3.570228      3.570228      7.140455
     -1.706707      2.515222      2.515222      5.030443
     -1.696697      2.062641      2.062641      4.125283
     -1.686687      2.234853      2.234853      4.469707
     -1.676677      3.016801      3.016801      6.033602
     -1.666667      4.345132      4.345132      8.690264
     -1.656657      6.078043      6.078043     12.156085
     -1.646647      7.973444      7.973444     15.946887
     -1.636637      9.707216      9.707216     19.414432
     -1.626627     10.945770     10.945770     21.891540
     -1.616617     11.455695     11.455695     22.911390
     -1.606607     11.206602     11.206602     22.413203
     -1.596597     10.419245     10.419245     20.838490
     -1.586587      9.533009      9.533009     19.066018
     -1.576577      9.100320      9.100320     18.200641
     -1.566567      9.640154      9.640154     19.280309
     -1.556557     11.489316     11.489316     22.978632
     -1.546547     14.685496     14.685496     29.370992
     -1.536537     18.911361     18.911361     37.822721
     -1.526527     23.524786     23.524786     47.049571
     -1.516517     27.686127     27.686127     55.372254
     -1.506507     30.562194     30.562194     61.124387
     -1.496496     31.549051     31.549051     63.098103
     -1.486486     30.436396     30.436396     60.872792
     -1.476476     27.453216     27.453216     54.906432
     -1.466466     23.182844     23.182844     46.365689
     -1.456456     18.388841     18.388841     36.777682
     -1.446446     13.822547     13.822547     27.645094
     -1.436436     10.076048     10.076048     20.152095
     -1.426426      7.510319      7.510319     15.020639
     -1.416416      6.250254      6.250254     12.500508
     -1.406406      6.217225      6.217225     12.434449
     -1.396396      7.173528      7.173528     14.347056
     -1.386386      8.772090      8.772090     17.544180
     -1.376376     10.619783     10.619783     21.239566
     -1.366366     12.358508     12.358508     24.717017
     -1.356356     13.746996     13.746996     27.493992
     -1.346346     14.708076     14.708076     29.416153
     -1.336336     15.312611     15.312611     30.625222
     -1.326326     15.704820     15.704820     31.409640
     -1.316316     16.011202     16.011202     32.022405
     -1.306306     16.285170     16.285170     32.570340
     -1.296296     16.510933     16.510933     33.021867
     -1.286286     16.645006     16.645006     33.290012
     -1.276276     16.649715     16.649715     33.299429
     -1.266266     16.490042     16.490042     32.980083
     -1.256256     16.106232     16.106232     32.212464
     -1.246246     15.401716     15.401716     30.803432
     -1.236236     14.274384     14.274384     28.548769
     -1.226226     12.680176     12.680176     25.360352
     -1.216216     10.686527     10.686527     21.373055
     -1.206206      8.476468      8.476468     16.952936
     -1.196196      6.297846      6.297846     12.595693
     -1.186186      4.388034      4.388034      8.776069
     -1.176176      2.916069      2.916069      5.832138
     -1.166166      1.967290      1.967290      3.934580
     -1.156156      1.566225      1.566225      3.132450
     -1.146146      1.712078      1.712078      3.424157
     -1.136136      2.397983      2.397983      4.795967
     -1.126126      3.598483      3.598483      7.196966
     -1.116116      5.231106      5.231106     10.462212
     -1.106106      7.117384      7.117384     14.234768
     -1.096096      8.976293      8.976293     17.952585
     -1.086086     10.472149     10.472149     20.944298
     -1.076076     11.311227     11.311227     22.622453
     -1.066066     11.350461     11.350461     22.700922
     -1.056056     10.667045     10.667045     21.334090
     -1.046046      9.551062      9.551062     19.102125
     -1.036036      8.417931      8.417931     16.835863
     -1.026026      7.672961      7.672961     15.345923
     -1.016016      7.578104      7.578104     15.156209
     -1.006006      8.166520      8.166520     16.333040
     -0.995996      9.231820      9.231820     18.463639
     -0.985986     10.395227     10.395227     20.790454
     -0.975976     11.229888     11.229888     22.459775
     -0.965966     11.400753     11.400753     22.801505
     -0.955956     10.769088     10.769088     21.538175
     -0.945946      9.422181      9.422181     18.844361
     -0.935936      7.620850      7.620850     15.241699
     -0.925926      5.694342      5.694342     11.388685
     -0.915916      3.932736      3.932736      7.865473
     -0.905906      2.520000      2.520000      5.040000
     -0.895896      1.523945      1.523945      3.047890
     -0.885886      0.931054      0.931054      1.862107
     -0.875876      0.699356      0.699356      1.398712
     -0.865866      0.803499      0.803499      1.606998
     -0.855856      1.255567      1.255567      2.511134
     -0.845846      2.095457      2.095457      4.190915
     -0.835836      3.353515      3.353515      6.707030
     -0.825826      4.997760      4.997760      9.995520
     -0.815816      6.888307      6.888307     13.776615
     -0.805806      8.766641      8.766641     17.533283
     -0.795796     10.298761     10.298761     20.597523
     -0.785786     11.166923     11.166923     22.333846
     -0.775776     11.175610     11.175610     22.351220
     -0.765766     10.322782     10.322782     20.645565
     -0.755756      8.800587      8.800587     17.601175
     -0.745746      6.925083      6.925083     13.850167
     -0.735736      5.030156      5.030156     10.060312
     -0.725726      3.374411      3.374411      6.748823
     -0.715716      2.095683      2.095683      4.191366
     -0.705706      1.218956      1.218956      2.437912
     -0.695696      0.699517      0.699517      1.399034
     -0.685686      0.475221      0.475221      0.950442
     -0.675676      0.507781      0.507781      1.015562
     -0.665666      0.803268      0.803268      1.606535
     -0.655656      1.409029      1.409029      2.818058
     -0.645646      2.387350      2.387350      4.774701
     -0.635636      3.769990      3.769990      7.539981
     -0.625626      5.505944      5.505944     11.011888
     -0.615616      7.424920      7.424920     14.849840
     -0.605606      9.242213      9.242213     18.484426
     -0.595596     10.618293     10.618293     21.236587
     -0.585586     11.259572     11.259572     22.519145
     -0.575576     11.019864     11.019864     22.039729
     -0.565566      9.954456      9.954456     19.908912
     -0.555556      8.299380      8.299380     16.598760
     -0.545546      6.386467      6.386467     12.772933
     -0.535536      4.535890      4.535890      9.071779
     -0.525526      2.973385      2.973385      5.946770
     -0.515516      1.798982      1.798982      3.597963
     -0.505506      1.004591      1.004591      2.009181
     -0.495495      0.517772      0.517772      1.035543
     -0.485485      0.246306      0.246306      0.492611
     -0.475475      0.108143      0.108143      0.216285
     -0.465465      0.043824      0.043824      0.087647
     -0.455455      0.016391      0.016391      0.032782
     -0.445445      0.005658      0.005658      0.011317
     -0.435435      0.001803      0.001803      0.003607
     -0.425425      0.000533      0.000533      0.001066
     -0.415415      0.000158      0.000158      0.000315
     -0.405405      0.000094      0.000094      0.000188
     -0.395395      0.000233      0.000233      0.000467
     -0.385385      0.000809      0.000809      0.001618
     -0.375375      0.002673      0.002673      0.005345
     -0.365365      0.008164      0.008164      0.016329
     -0.355355      0.023021      0.023021      0.046042
     -0.345345      0.059913      0.059913      0.119826
     -0.335335      0.143914      0.143914      0.287828
     -0.325325      0.319060      0.319060      0.638121
     -0.315315      0.652873      0.652873      1.305747
     -0.305305      1.233025      1.233025      2.466050
     -0.295295      2.149323      2.149323      4.298646
     -0.285285      3.457947      3.457947      6.915895
     -0.275275      5.134781      5.134781     10.269561
     -0.265265      7.037400      7.037400     14.074800
     -0.255255      8.902038      8.902038     17.804076
     -0.245245     10.393301     10.393301     20.786601
     -0.235235     11.199649     11.199649     22.399297
     -0.225225     11.138896     11.138896     22.277792
     -0.215215     10.225081     10.225081     20.450162
     -0.205205      8.663197      8.663197     17.326394
     -0.195195      6.774488      6.774488     13.548977
     -0.185185      4.889469      4.889469      9.778937
     -0.175175      3.257119      3.257119      6.514238
     -0.165165      2.002592      2.002592      4.005184
     -0.155155      1.136418      1.136418      2.272837
     -0.145145      0.595211      0.595211      1.190421
     -0.135135      0.287733      0.287733      0.575467
     -0.125125      0.128380      0.128380      0.256759
     -0.115115      0.052868      0.052868      0.105735
     -0.105105      0.020094      0.020094      0.040188
     -0.095095      0.007049      0.007049      0.014098
     -0.085085      0.002282      0.002282      0.004565
     -0.075075      0.000682      0.000682      0.001364
     -0.065065      0.000188      0.000188      0.000376
     -0.055055      0.000048      0.000048      0.000096
     -0.045045      0.000011      0.000011      0.000023
     -0.035035      0.000002      0.000002      0.000005
     -0.025025      0.000000      0.000000      0.000001
     -0.015015      0.000000      0.000000      0.000000
     -0.005005      0.000000      0.000000      0.000000
      0.005005      0.000000      0.000000      0.000000
      0.015015      0.000000      0.000000      0.000000
      0.025025      0.000000      0.000000      0.000001
      0.035035      0.000002      0.000002      0.000005
      0.045045      0.000011      0.000011      0.000023
      0.055055      0.000048      0.000048      0.000096
      0.065065      0.000188      0.000188      0.000376
      0.075075      0.000682      0.000682      0.001364
      0.085085      0.002282      0.002282      0.004565
      0.095095      0.007049      0.007049      0.014098
      0.105105      0.020094      0.020094      0.040188
      0.115115      0.052868      0.052868      0.105735
      0.125125      0.128380      0.128380      0.256759
      0.135135      0.287733      0.287733      0.575466
      0.145145      0.595210      0.595210      1.190421
      0.155155      1.136418      1.136418      2.272835
      0.165165      2.002591      2.002591      4.005182
      0.175175      3.257118      3.257118      6.514236
      0.185185      4.889467      4.889467      9.778933
      0.195195      6.774486      6.774486     13.548973
      0.205205      8.663195      8.663195     17.326391
      0.215215     10.225080     10.225080     20.450159
      0.225225     11.138895     11.138895     22.277791
      0.235235     11.199649     11.199649     22.399298
      0.245245     10.393302     10.393302     20.786604
      0.255255      8.902040      8.902040     17.804079
      0.265265      7.037402      7.037402     14.074804
      0.275275      5.134782      5.134782     10.269565
      0.285285      3.457949      3.457949      6.915898
      0.295295      2.149324      2.149324      4.298649
      0.305305      1.233026      1.233026      2.466052
      0.315315      0.652874      0.652874      1.305748
      0.325325      0.319061      0.319061      0.638121
      0.335335      0.143914      0.143914      0.287829
      0.345345      0.059913      0.059913      0.119826
      0.355355      0.023021      0.023021      0.046042
      0.365365      0.008164      0.008164      0.016329
      0.375375      0.002673      0.002673      0.005346
      0.385385      0.000811      0.000811      0.001621
      0.395395      0.000241      0.000241      0.000481
      0.405405      0.000122      0.000122      0.000245
      0.415415      0.000263      0.000263      0.000526
      0.425425      0.000890      0.000890      0.001781
      0.435435      0.002920      0.002920      0.005840
      0.445445      0.008865      0.008865      0.017730
      0.455455      0.024844      0.024844      0.049687
      0.465465      0.064260      0.064260      0.128520
      0.475475      0.153410      0.153410      0.306819
      0.485485      0.338028      0.338028      0.676055
      0.495495      0.687446      0.687446      1.374891
      0.505506      1.290362      1.290362      2.580724
      0.515516      2.235484      2.235484      4.470969
      0.525526      3.574527      3.574527      7.149054
      0.535536      5.275363      5.275363     10.550725
      0.545546      7.185764      7.185764     14.371528
      0.555556      9.034011      9.034011     18.068023
      0.565566     10.482764     10.482764     20.965528
      0.575576     11.226911     11.226911     22.453822
      0.585586     11.097901     11.097901     22.195802
      0.595596     10.126121     10.126121     20.252241
      0.605606      8.530287      8.530287     17.060574
      0.615616      6.639974      6.639974     13.279947
      0.625626      4.790888      4.790888      9.581775
      0.635636      3.241522      3.241522      6.483044
      0.645646      2.141327      2.141327      4.282655
      0.655656      1.549322      1.549322      3.098644
      0.665666      1.477469      1.477469      2.954938
      0.675676      1.926192      1.926192      3.852384
      0.685686      2.889390      2.889390      5.778781
      0.695696      4.326045      4.326045      8.652089
      0.705706      6.116433      6.116433     12.232865
      0.715716      8.034662      8.034662     16.069323
      0.725726      9.767577      9.767577     19.535154
      0.735736     10.989853     10.989853     21.979706
      0.745746     11.473362     11.473362     22.946725
      0.755756     11.183416     11.183416     22.366831
      0.765766     10.312687     10.312687     20.625375
      0.775776      9.229480      9.229480     18.458959
      0.785786      8.356042      8.356042     16.712084
      0.795796      8.023204      8.023204     16.046407
      0.805806      8.355680      8.355680     16.711359
      0.815816      9.228889      9.228889     18.457779
      0.825826     10.312088     10.312088     20.624176
      0.835836     11.183018     11.183018     22.366036
      0.845846     11.473239     11.473239     22.946479
      0.855856     10.989727     10.989727     21.979453
      0.865866      9.766351      9.766351     19.532702
      0.875876      8.029240      8.029240     16.058481
      0.885886      6.098917      6.098917     12.197834
      0.895896      4.277770      4.277770      8.555540
      0.905906      2.769868      2.769868      5.539736
      0.915916      1.655536      1.655536      3.311072
      0.925926      0.913494      0.913494      1.826987
      0.935936      0.465855      0.465855      0.931711
      0.945946      0.221339      0.221339      0.442678
      0.955956      0.103340      0.103340      0.206680
      0.965966      0.061981      0.061981      0.123961
      0.975976      0.076362      0.076362      0.152724
      0.985986      0.154047      0.154047      0.308095
      0.995996      0.331430      0.331430      0.662861
      1.006006      0.673710      0.673710      1.347419
      1.016016      1.268878      1.268878      2.537756
      1.026026      2.208764      2.208764      4.417529
      1.036036      3.554338      3.554338      7.108676
      1.046046      5.292850      5.292850     10.585700
      1.056056      7.306767      7.306767     14.613533
      1.066066      9.379351      9.379351     18.758701
      1.076076     11.250102     11.250102     22.500204
      1.086086     12.705682     12.705682     25.411363
      1.096096     13.663834     13.663834     27.327669
      1.106106     14.201629     14.201629     28.403259
      1.116116     14.506493     14.506493     29.012986
      1.126126     14.775499     14.775499     29.550998
      1.136136     15.122463     15.122463     30.244925
      1.146146     15.546258     15.546258     31.092516
      1.156156     15.969878     15.969878     31.939757
      1.166166     16.311173     16.311173     32.622347
      1.176176     16.530751     16.530751     33.061502
      1.186186     16.630615     16.630615     33.261231
      1.196196     16.622312     16.622312     33.244624
      1.206206     16.505581     16.505581     33.011162
      1.216216     16.279766     16.279766     32.559532
      1.226226     15.970664     15.970664     31.941328
      1.236236     15.634405     15.634405     31.268811
      1.246246     15.318775     15.318775     30.637549
      1.256256     15.004778     15.004778     30.009556
      1.266266     14.577990     14.577990     29.155981
      1.276276     13.864314     13.864314     27.728629
      1.286286     12.718932     12.718932     25.437863
      1.296296     11.117679     11.117679     22.235358
      1.306306      9.198002      9.198002     18.396005
      1.316316      7.231389      7.231389     14.462779
      1.326326      5.551653      5.551653     11.103305
      1.336336      4.481924      4.481924      8.963847
      1.346346      4.288409      4.288409      8.576817
      1.356356      5.157857      5.157857     10.315714
      1.366366      7.175371      7.175371     14.350743
      1.376376     10.285658     10.285658     20.571317
      1.386386     14.248139     14.248139     28.496278
      1.396396     18.621588     18.621588     37.243177
      1.406406     22.813816     22.813816     45.627632
      1.416416     26.200742     26.200742     52.401483
      1.426426     28.276287     28.276287     56.552574
      1.436436     28.771208     28.771208     57.542416
      1.446446     27.694150     27.694150     55.388299
      1.456456     25.291047     25.291047     50.582094
      1.466466     21.957830     21.957830     43.915660
      1.476476     18.150868     18.150868     36.301736
      1.486486     14.321120     14.321120     28.642240
      1.496496     10.873241     10.873241     21.746483
      1.506507      8.139187      8.139187     16.278375
      1.516517      6.358386      6.358386     12.716773
      1.526527      5.662640      5.662640     11.325279
      1.536537      6.066178      6.066178     12.132356
      1.546547      7.461901      7.461901     14.923802
      1.556557      9.628077      9.628077     19.256154
      1.566567     12.253606     12.253606     24.507211
      1.576577     14.987484     14.987484     29.974968
      1.586587     17.507146     17.507146     35.014293
      1.596597     19.587828     19.587828     39.175657
      1.606607     21.150970     21.150970     42.301939
      1.616617     22.276456     22.276456     44.552912
      1.626627     23.174729     23.174729     46.349458
      1.636637     24.123369     24.123369     48.246738
      1.646647     25.379022     25.379022     50.758045
      1.656657     27.084324     27.084324     54.168648
      1.666667     29.200311     29.200311     58.400623
      1.676677     31.497876     31.497876     62.995752
      1.686687     33.625694     33.625694     67.251389
      1.696697     35.236737     35.236737     70.473474
      1.706707     36.117816     36.117816     72.235632
      1.716717     36.253180     36.253180     72.506360
      1.726727     35.781949     35.781949     71.563897
      1.736737     34.871909     34.871909     69.743819
      1.746747     33.591099     33.591099     67.182199
      1.756757     31.868791     31.868791     63.737581
      1.766767     29.582941     29.582941     59.165881
      1.776777     26.724344     26.724344     53.448687
      1.786787     23.529485     23.529485     47.058970
      1.796797     20.486458     20.486458     40.972917
      1.806807     18.191910     18.191910     36.383820
      1.816817     17.121511     17.121511     34.243022
      1.826827     17.421868     17.421868     34.843737
      1.836837     18.820287     18.820287     37.640574
      1.846847     20.695547     20.695547     41.391093
      1.856857     22.285879     22.285879     44.571759
      1.866867     22.954733     22.954733     45.909466
      1.876877     22.409679     22.409679     44.819357
      1.886887     20.786547     20.786547     41.573094
      1.896897     18.566852     18.566852     37.133705
      1.906907     16.369248     16.369248     32.738497
      1.916917     14.710589     14.710589     29.421179
      1.926927     13.841649     13.841649     27.683297
      1.936937     13.722291     13.722291     27.444581
      1.946947     14.131176     14.131176     28.262352
      1.956957     14.839470     14.839470     29.678939
      1.966967     15.748284     15.748284     31.496567
      1.976977     16.912113     16.912113     33.824227
      1.986987     18.437111     18.437111     36.874223
      1.996997     20.320101     20.320101     40.640203
      2.007007     22.336494     22.336494     44.672989
      2.017017     24.062188     24.062188     48.124377
      2.027027     25.034004     25.034004     50.068007
      2.037037     24.963090     24.963090     49.926180
      2.047047     23.875641     23.875641     47.751283
      2.057057     22.095075     22.095075     44.190151
      2.067067     20.075734     20.075734     40.151467
      2.077077     18.187165     18.187165     36.374329
      2.087087     16.572374     16.572374     33.144748
      2.097097     15.150965     15.150965     30.301930
      2.107107     13.748231     13.748231     27.496462
      2.117117     12.263443     12.263443     24.526886
      2.127127     10.782103     10.782103     21.564206
      2.137137      9.581921      9.581921     19.163841
      2.147147      9.043426      9.043426     18.086851
      2.157157      9.515868      9.515868     19.031737
      2.167167     11.193548     11.193548     22.387095
      2.177177     14.038110     14.038110     28.076220
      2.187187     17.758895     17.758895     35.517789
      2.197197     21.848605     21.848605     43.697210
      2.207207     25.665716     25.665716     51.331432
      2.217217     28.551723     28.551723     57.103446
      2.227227     29.965054     29.965054     59.930107
      2.237237     29.603873     29.603873     59.207747
      2.247247     27.482907     27.482907     54.965814
      2.257257     23.933937     23.933937     47.867874
      2.267267     19.521413     19.521413     39.042827
      2.277277     14.897783     14.897783     29.795566
      2.287287     10.650511     10.650511     21.301023
      2.297297      7.196643      7.196643     14.393286
      2.307307      4.757086      4.757086      9.514172
      2.317317      3.404948      3.404948      6.809895
      2.327327      3.151026      3.151026      6.302052
      2.337337      4.018854      4.018854      8.037707
      2.347347      6.072102      6.072102     12.144204
      2.357357      9.380027      9.380027     18.760054
      2.367367     13.932266     13.932266     27.864533
      2.377377     19.535797     19.535797     39.071594
      2.387387     25.739494     25.739494     51.478989
      2.397397     31.830867     31.830867     63.661735
      2.407407     36.931336     36.931336     73.862672
      2.417417     40.181655     40.181655     80.363309
      2.427427     40.967492     40.967492     81.934984
      2.437437     39.105590     39.105590     78.211180
      2.447447     34.913407     34.913407     69.826814
      2.457457     29.126674     29.126674     58.253348
      2.467467     22.693729     22.693729     45.387458
      2.477477     16.529069     16.529069     33.058139
      2.487487     11.320886     11.320886     22.641772
      2.497497      7.452711      7.452711     14.905422
      2.507508      5.040303      5.040303     10.080605
      2.517518      4.035440      4.035440      8.070881
      2.527528      4.331421      4.331421      8.662842
      2.537538      5.821676      5.821676     11.643352
      2.547548      8.397392      8.397392     16.794784
      2.557558     11.902710     11.902710     23.805420
      2.567568     16.083631     16.083631     32.167261
      2.577578     20.565726     20.565726     41.131451
      2.587588     24.880650     24.880650     49.761300
      2.597598     28.540784     28.540784     57.081568
      2.607608     31.142366     31.142366     62.284732
      2.617618     32.464704     32.464704     64.929408
      2.627628     32.529863     32.529863     65.059727
      2.637638     31.597506     31.597506     63.195012
      2.647648     30.093845     30.093845     60.187690
      2.657658     28.502836     28.502836     57.005672
      2.667668     27.264169     27.264169     54.528339
      2.677678     26.713353     26.713353     53.426706
      2.687688     27.069151     27.069151     54.138303
      2.697698     28.444263     28.444263     56.888525
      2.707708     30.846717     30.846717     61.693435
      2.717718     34.155513     34.155513     68.311025
      2.727728     38.081593     38.081593     76.163185
      2.737738     42.147564     42.147564     84.295127
      2.747748     45.724801     45.724801     91.449602
      2.757758     48.149381     48.149381     96.298763
      2.767768     48.900074     48.900074     97.800147
      2.777778     47.776876     47.776876     95.553752
      2.787788     44.994982     44.994982     89.989964
      2.797798     41.131838     41.131838     82.263676
      2.807808     36.932367     36.932367     73.864734
      2.817818     33.052952     33.052952     66.105905
      2.827828     29.859682     29.859682     59.719364
      2.837838     27.366997     27.366997     54.733995
      2.847848     25.328905     25.328905     50.657810
      2.857858     23.422352     23.422352     46.844703
      2.867868     21.429134     21.429134     42.858268
      2.877878     19.337128     19.337128     38.674256
      2.887888     17.327155     17.327155     34.654310
      2.897898     15.664562     15.664562     31.329124
      2.907908     14.554918     14.554918     29.109835
      2.917918     14.037014     14.037014     28.074028
      2.927928     13.966482     13.966482     27.932965
      2.937938     14.095341     14.095341     28.190683
      2.947948     14.199332     14.199332     28.398665
      2.957958     14.177064     14.177064     28.354128
      2.967968     14.062845     14.062845     28.125691
      2.977978     13.950371     13.950371     27.900742
      2.987988     13.882395     13.882395     27.764790
      2.997998     13.783358     13.783358     27.566717
      3.008008     13.482688     13.482688     26.965377
      3.018018     12.816401     12.816401     25.632801
      3.028028     11.744441     11.744441     23.488881
      3.038038     10.412510     10.412510     20.825019
      3.048048      9.121237      9.121237     18.242474
      3.058058      8.216555      8.216555     16.433109
      3.068068      7.952099      7.952099     15.904198
      3.078078      8.382296      8.382296     16.764591
      3.088088      9.327941      9.327941     18.655882
      3.098098     10.427276     10.427276     20.854553
      3.108108     11.254962     11.254962     22.509925
      3.118118     11.466267     11.466267     22.932535
      3.128128     10.912778     10.912778     21.825557
      3.138138      9.687097      9.687097     19.374194
      3.148148      8.085648      8.085648     16.171295
      3.158158      6.514843      6.514843     13.029687
      3.168168      5.384925      5.384925     10.769849
      3.178178      5.027405      5.027405     10.054809
      3.188188      5.646025      5.646025     11.292051
      3.198198      7.289200      7.289200     14.578400
      3.208208      9.830163      9.830163     19.660325
      3.218218     12.957506     12.957506     25.915012
      3.228228     16.196226     16.196226     32.392453
      3.238238     18.979661     18.979661     37.959323
      3.248248     20.771009     20.771009     41.542018
      3.258258     21.201954     21.201954     42.403908
      3.268268     20.176460     20.176460     40.352920
      3.278278     17.895009     17.895009     35.790018
      3.288288     14.786921     14.786921     29.573842
      3.298298     11.378373     11.378373     22.756746
      3.308308      8.149386      8.149386     16.298772
      3.318318      5.431650      5.431650     10.863299
      3.328328      3.374333      3.374333      6.748667
      3.338338      1.973126      1.973126      3.946253
      3.348348      1.135630      1.135630      2.271260
      3.358358      0.751404      0.751404      1.502808
      3.368368      0.743501      0.743501      1.487003
      3.378378      1.090558      1.090558      2.181115
      3.388388      1.817584      1.817584      3.635168
      3.398398      2.959340      2.959340      5.918681
      3.408408      4.506617      4.506617      9.013234
      3.418418      6.354971      6.354971     12.709942
      3.428428      8.282835      8.282835     16.565671
      3.438438      9.982131      9.982131     19.964261
      3.448448     11.144158     11.144158     22.288317
      3.458458     11.573133     11.573133     23.146266
      3.468468     11.277143     11.277143     22.554286
      3.478478     10.488823     10.488823     20.977645
      3.488488      9.597929      9.597929     19.195859
      3.498498      9.019616      9.019616     18.039233
      3.508509      9.052431      9.052431     18.104862
      3.518519      9.784040      9.784040     19.568080
      3.528529     11.080390     11.080390     22.160781
      3.538539     12.656815     12.656815     25.313630
      3.548549     14.193492     14.193492     28.386985
      3.558559     15.438992     15.438992     30.877984
      3.568569     16.255724     16.255724     32.511447
      3.578579     16.597503     16.597503     33.195006
      3.588589     16.451591     16.451591     32.903182
      3.598599     15.796682     15.796682     31.593364
      3.608609     14.609781     14.609781     29.219562
      3.618619     12.912799     12.912799     25.825598
      3.628629     10.817191     10.817191     21.634383
      3.638639      8.526716      8.526716     17.053433
      3.648649      6.290279      6.290279     12.580559
      3.658659      4.331756      4.331756      8.663513
      3.668669      2.796140      2.796140      5.592281
      3.678679      1.736827      1.736827      3.473654
      3.688689      1.142410      1.142410      2.284820
      3.698699      0.981572      0.981572      1.963145
      3.708709      1.239849      1.239849      2.479699
      3.718719      1.929365      1.929365      3.858730
      3.728729      3.065609      3.065609      6.131219
      3.738739      4.619869      4.619869      9.239737
      3.748749      6.469462      6.469462     12.938924
      3.758759      8.375466      8.375466     16.750931
      3.768769     10.011747     10.011747     20.023494
      3.778779     11.046878     11.046878     22.093756
      3.788789     11.250356     11.250356     22.500711
      3.798799     10.575045     10.575045     21.150090
      3.808809      9.174569      9.174569     18.349138
      3.818819      7.346426      7.346426     14.692851
      3.828829      5.429420      5.429420     10.858841
      3.838839      3.703549      3.703549      7.407099
      3.848849      2.331700      2.331700      4.663400
      3.858859      1.354988      1.354988      2.709976
      3.868869      0.727003      0.727003      1.454006
      3.878879      0.360901      0.360901      0.721803
      3.888889      0.168210      0.168210      0.336419
      3.898899      0.080828      0.080828      0.161655
      3.908909      0.058676      0.058676      0.117351
      3.918919      0.090198      0.090198      0.180395
      3.928929      0.192031      0.192031      0.384063
      3.938939      0.410130      0.410130      0.820260
      3.948949      0.819831      0.819831      1.639661
      3.958959      1.518846      1.518846      3.037693
      3.968969      2.607170      2.607170      5.214339
      3.978979      4.153456      4.153456      8.306912
      3.988989      6.157902      6.157902     12.315804
      3.998999      8.531088      8.531088     17.062176
      4.009009     11.107479     11.107479     22.214957
      4.019019     13.695786     13.695786     27.391572
      4.029029     16.142766     16.142766     32.285532
      4.039039     18.370694     18.370694     36.741388
      4.049049     20.359234     20.359234     40.718468
      4.059059     22.079002     22.079002     44.158004
      4.069069     23.423118     23.423118     46.846236
      4.079079     24.193565     24.193565     48.387130
      4.089089     24.168747     24.168747     48.337495
      4.099099     23.225191     23.225191     46.450383
      4.109109     21.445949     21.445949     42.891898
      4.119119     19.148386     19.148386     38.296772
      4.129129     16.804869     16.804869     33.609738
      4.139139     14.886749     14.886749     29.773499
      4.149149     13.702982     13.702982     27.405963
      4.159159     13.308746     13.308746     26.617492
      4.169169     13.525354     13.525354     27.050708
      4.179179     14.057810     14.057810     28.115621
      4.189189     14.648456     14.648456     29.296913
      4.199199     15.189953     15.189953     30.379907
      4.209209     15.747700     15.747700     31.495400
      4.219219     16.494693     16.494693     32.989386
      4.229229     17.606919     17.606919     35.213837
      4.239239     19.176019     19.176019     38.352038
      4.249249     21.168055     21.168055     42.336109
      4.259259     23.421511     23.421511     46.843022
      4.269269     25.665894     25.665894     51.331787
      4.279279     27.558268     27.558268     55.116536
      4.289289     28.751469     28.751469     57.502938
      4.299299     28.995712     28.995712     57.991424
      4.309309     28.238791     28.238791     56.477582
      4.319319     26.666349     26.666349     53.332698
      4.329329     24.646178     24.646178     49.292357
      4.339339     22.600581     22.600581     45.201163
      4.349349     20.879870     20.879870     41.759740
      4.359359     19.703853     19.703853     39.407706
      4.369369     19.179536     19.179536     38.359073
      4.379379     19.342279     19.342279     38.684558
      4.389389     20.157234     20.157234     40.314467
      4.399399     21.466942     21.466942     42.933885
      4.409409     22.936416     22.936416     45.872832
      4.419419     24.071007     24.071007     48.142014
      4.429429     24.340913     24.340913     48.681825
      4.439439     23.369099     23.369099     46.738198
      4.449449     21.085886     21.085886     42.171771
      4.459459     17.764419     17.764419     35.528839
      4.469469     13.918536     13.918536     27.837072
      4.479479     10.119917     10.119917     20.239833
      4.489489      6.825934      6.825934     13.651868
      4.499499      4.288512      4.288512      8.577024
      4.509510      2.561362      2.561362      5.122725
      4.519520      1.575633      1.575633      3.151266
      4.529530      1.235186      1.235186      2.470373
      4.539540      1.490747      1.490747      2.981494
      4.549550      2.371284      2.371284      4.742568
      4.559560      3.967923      3.967923      7.935847
      4.569570      6.377610      6.377610     12.755220
      4.579580      9.624447      9.624447     19.248894
      4.589590     13.587433     13.587433     27.174866
      4.599600     17.968378     17.968378     35.936757
      4.609610     22.324406     22.324406     44.648812
      4.619620     26.163883     26.163883     52.327767
      4.629630     29.073649     29.073649     58.147297
      4.639640     30.827238     30.827238     61.654476
      4.649650     31.430800     31.430800     62.861601
      4.659660     31.092075     31.092075     62.184149
      4.669670     30.131179     30.131179     60.262357
      4.679680     28.872211     28.872211     57.744422
      4.689690     27.554416     27.554416     55.108833
      4.699700     26.286335     26.286335     52.572669
      4.709710     25.047524     25.047524     50.095049
      4.719720     23.729488     23.729488     47.458977
      4.729730     22.202533     22.202533     44.405066
      4.739740     20.393780     20.393780     40.787561
      4.749750     18.357789     18.357789     36.715578
      4.759760     16.315337     16.315337     32.630673
      4.769770     14.635480     14.635480     29.270961
      4.779780     13.749643     13.749643     27.499285
      4.789790     14.014432     14.014432     28.028865
      4.799800     15.570718     15.570718     31.141436
      4.809810     18.261873     18.261873     36.523746
      4.819820     21.659464     21.659464     43.318928
      4.829830     25.199043     25.199043     50.398086
      4.839840     28.371133     28.371133     56.742266
      4.849850     30.877123     30.877123     61.754246
      4.859860     32.675368     32.675368     65.350737
      4.869870     33.906648     33.906648     67.813296
      4.879880     34.758940     34.758940     69.517880
      4.889890     35.357178     35.357178     70.714355
      4.899900     35.726541     35.726541     71.453081
      4.909910     35.813479     35.813479     71.626958
      4.919920     35.514802     35.514802     71.029604
      4.929930     34.687070     34.687070     69.374141
      4.939940     33.155439     33.155439     66.310878
      4.949950     30.759148     30.759148     61.518297
      4.959960     27.438685     27.438685     54.877370
      4.969970     23.319311     23.319311     46.638622
      4.979980     18.728677     18.728677     37.457355
      4.989990     14.122079     14.122079     28.244158
      5.000000      9.948269      9.948269     19.896538
