# EIG2DOS: Utility for SIESTA to obtain the electronic density of states
#  E. Artacho, Apr 1999, A. Garcia, Apr 2012
#  Nick R. Papior, Feb 2017
# ------------------------------------------
# Eigenvalues calculated from a non-polarized calculation
# Eigenvalues read from siesta.EIG
# Kpoint weights read from siesta.KP
# Using smearing parameter:   0.0500
# Using 1000 points in the energy range
# Selected bands: 1 to: 2981
# Emin, Emax in file for selected band(s):    -27.3538080    218.4008620
# Nbands, Nspin, Nk   =   2981     1     1
# E_F                 =    -4.2054 eV --> (shifted to ZERO)
# Broadening          =     0.0500 eV
#
#        E            N(up)  (=)   N(down)         Ntot
     -5.000000     36.833206     36.833206     73.666413
     -4.989990     40.976543     40.976543     81.953086
     -4.979980     44.052950     44.052950     88.105901
     -4.969970     45.536701     45.536701     91.073403
     -4.959960     45.194680     45.194680     90.389361
     -4.949950     43.162235     43.162235     86.324470
     -4.939940     39.909817     39.909817     79.819634
     -4.929930     36.136487     36.136487     72.272974
     -4.919920     32.643873     32.643873     65.287747
     -4.909910     30.221119     30.221119     60.442238
     -4.899900     29.533638     29.533638     59.067276
     -4.889890     30.993593     30.993593     61.987186
     -4.879880     34.616696     34.616696     69.233392
     -4.869870     39.919757     39.919757     79.839514
     -4.859860     45.941231     45.941231     91.882461
     -4.849850     51.436479     51.436479    102.872957
     -4.839840     55.216186     55.216186    110.432372
     -4.829830     56.509205     56.509205    113.018410
     -4.819820     55.198898     55.198898    110.397797
     -4.809810     51.830343     51.830343    103.660685
     -4.799800     47.388568     47.388568     94.777136
     -4.789790     42.946782     42.946782     85.893563
     -4.779780     39.327472     39.327472     78.654943
     -4.769770     36.895302     36.895302     73.790604
     -4.759760     35.533439     35.533439     71.066877
     -4.749750     34.782175     34.782175     69.564350
     -4.739740     34.067050     34.067050     68.134100
     -4.729730     32.922709     32.922709     65.845417
     -4.719720     31.130477     31.130477     62.260954
     -4.709710     28.730566     28.730566     57.461131
     -4.699700     25.931333     25.931333     51.862666
     -4.689690     22.988464     22.988464     45.976928
     -4.679680     20.134154     20.134154     40.268309
     -4.669670     17.592687     17.592687     35.185375
     -4.659660     15.652543     15.652543     31.305087
     -4.649650     14.720742     14.720742     29.441484
     -4.639640     15.289790     15.289790     30.579580
     -4.629630     17.795416     17.795416     35.590832
     -4.619620     22.406376     22.406376     44.812752
     -4.609610     28.836494     28.836494     57.672988
     -4.599600     36.282208     36.282208     72.564416
     -4.589590     43.554090     43.554090     87.108181
     -4.579580     49.391816     49.391816     98.783633
     -4.569570     52.858694     52.858694    105.717387
     -4.559560     53.654810     53.654810    107.309621
     -4.549550     52.208468     52.208468    104.416935
     -4.539540     49.501168     49.501168     99.002337
     -4.529530     46.701160     46.701160     93.402320
     -4.519520     44.759081     44.759081     89.518162
     -4.509510     44.120875     44.120875     88.241751
     -4.499499     44.648432     44.648432     89.296864
     -4.489489     45.747819     45.747819     91.495637
     -4.479479     46.629863     46.629863     93.259726
     -4.469469     46.592887     46.592887     93.185774
     -4.459459     45.227964     45.227964     90.455927
     -4.449449     42.492894     42.492894     84.985788
     -4.439439     38.660920     38.660920     77.321840
     -4.429429     34.197721     34.197721     68.395442
     -4.419419     29.634456     29.634456     59.268913
     -4.409409     25.481481     25.481481     50.962961
     -4.399399     22.184772     22.184772     44.369544
     -4.389389     20.095711     20.095711     40.191422
     -4.379379     19.426641     19.426641     38.853282
     -4.369369     20.195626     20.195626     40.391252
     -4.359359     22.195932     22.195932     44.391863
     -4.349349     25.029630     25.029630     50.059261
     -4.339339     28.213628     28.213628     56.427255
     -4.329329     31.321993     31.321993     62.643986
     -4.319319     34.102731     34.102731     68.205462
     -4.309309     36.517432     36.517432     73.034863
     -4.299299     38.689675     38.689675     77.379350
     -4.289289     40.787806     40.787806     81.575613
     -4.279279     42.890180     42.890180     85.780360
     -4.269269     44.883737     44.883737     89.767473
     -4.259259     46.437718     46.437718     92.875436
     -4.249249     47.076612     47.076612     94.153223
     -4.239239     46.345188     46.345188     92.690376
     -4.229229     44.014438     44.014438     88.028877
     -4.219219     40.240139     40.240139     80.480277
     -4.209209     35.586636     35.586636     71.173272
     -4.199199     30.881946     30.881946     61.763892
     -4.189189     26.954088     26.954088     53.908177
     -4.179179     24.363703     24.363703     48.727406
     -4.169169     23.253463     23.253463     46.506927
     -4.159159     23.376936     23.376936     46.753873
     -4.149149     24.281822     24.281822     48.563644
     -4.139139     25.550777     25.550777     51.101553
     -4.129129     26.979487     26.979487     53.958973
     -4.119119     28.604358     28.604358     57.208717
     -4.109109     30.567379     30.567379     61.134758
     -4.099099     32.892771     32.892771     65.785541
     -4.089089     35.307551     35.307551     70.615102
     -4.079079     37.228478     37.228478     74.456956
     -4.069069     37.953361     37.953361     75.906722
     -4.059059     36.975105     36.975105     73.950210
     -4.049049     34.254933     34.254933     68.509866
     -4.039039     30.304528     30.304528     60.609055
     -4.029029     26.031655     26.031655     52.063310
     -4.019019     22.432977     22.432977     44.865953
     -4.009009     20.289312     20.289312     40.578625
     -3.998999     19.994670     19.994670     39.989341
     -3.988989     21.558747     21.558747     43.117495
     -3.978979     24.729144     24.729144     49.458288
     -3.968969     29.139085     29.139085     58.278169
     -3.958959     34.410080     34.410080     68.820160
     -3.948949     40.195135     40.195135     80.390271
     -3.938939     46.190273     46.190273     92.380547
     -3.928929     52.143552     52.143552    104.287103
     -3.918919     57.861666     57.861666    115.723331
     -3.908909     63.190158     63.190158    126.380316
     -3.898899     67.952238     67.952238    135.904476
     -3.888889     71.868540     71.868540    143.737080
     -3.878879     74.512929     74.512929    149.025858
     -3.868869     75.356139     75.356139    150.712279
     -3.858859     73.906485     73.906485    147.812969
     -3.848849     69.901474     69.901474    139.802949
     -3.838839     63.470261     63.470261    126.940522
     -3.828829     55.192779     55.192779    110.385557
     -3.818819     46.021584     46.021584     92.043169
     -3.808809     37.085182     37.085182     74.170365
     -3.798799     29.433763     29.433763     58.867527
     -3.788789     23.805122     23.805122     47.610243
     -3.778779     20.477695     20.477695     40.955389
     -3.768769     19.247088     19.247088     38.494176
     -3.758759     19.525069     19.525069     39.050139
     -3.748749     20.527945     20.527945     41.055890
     -3.738739     21.501829     21.501829     43.003657
     -3.728729     21.927258     21.927258     43.854515
     -3.718719     21.652854     21.652854     43.305709
     -3.708709     20.924118     20.924118     41.848237
     -3.698699     20.296618     20.296618     40.593237
     -3.688689     20.451125     20.451125     40.902251
     -3.678679     21.957865     21.957865     43.915730
     -3.668669     25.059850     25.059850     50.119700
     -3.658659     29.549342     29.549342     59.098683
     -3.648649     34.787593     34.787593     69.575186
     -3.638639     39.868452     39.868452     79.736903
     -3.628629     43.869608     43.869608     87.739215
     -3.618619     46.099573     46.099573     92.199146
     -3.608609     46.254792     46.254792     92.509584
     -3.598599     44.446508     44.446508     88.893016
     -3.588589     41.113527     41.113527     82.227055
     -3.578579     36.872359     36.872359     73.744718
     -3.568569     32.357623     32.357623     64.715246
     -3.558559     28.087306     28.087306     56.174612
     -3.548549     24.372445     24.372445     48.744890
     -3.538539     21.287423     21.287423     42.574845
     -3.528529     18.713065     18.713065     37.426129
     -3.518519     16.445675     16.445675     32.891349
     -3.508509     14.334611     14.334611     28.669222
     -3.498498     12.390471     12.390471     24.780943
     -3.488488     10.814191     10.814191     21.628381
     -3.478478      9.931943      9.931943     19.863885
     -3.468468     10.060964     10.060964     20.121929
     -3.458458     11.357230     11.357230     22.714460
     -3.448448     13.701593     13.701593     27.403186
     -3.438438     16.671276     16.671276     33.342552
     -3.428428     19.621523     19.621523     39.243046
     -3.418418     21.866917     21.866917     43.733834
     -3.408408     22.908735     22.908735     45.817470
     -3.398398     22.623279     22.623279     45.246558
     -3.388388     21.330277     21.330277     42.660554
     -3.378378     19.706885     19.706885     39.413771
     -3.368368     18.579418     18.579418     37.158835
     -3.358358     18.673545     18.673545     37.347090
     -3.348348     20.408637     20.408637     40.817274
     -3.338338     23.788360     23.788360     47.576719
     -3.328328     28.396859     28.396859     56.793717
     -3.318318     33.485172     33.485172     66.970343
     -3.308308     38.129211     38.129211     76.258421
     -3.298298     41.439197     41.439197     82.878395
     -3.288288     42.782020     42.782020     85.564039
     -3.278278     41.949439     41.949439     83.898877
     -3.268268     39.198417     39.198417     78.396834
     -3.258258     35.131694     35.131694     70.263389
     -3.248248     30.464874     30.464874     60.929748
     -3.238238     25.789706     25.789706     51.579411
     -3.228228     21.442535     21.442535     42.885069
     -3.218218     17.519200     17.519200     35.038401
     -3.208208     13.991711     13.991711     27.983422
     -3.198198     10.837487     10.837487     21.674973
     -3.188188      8.111388      8.111388     16.222776
     -3.178178      5.947115      5.947115     11.894230
     -3.168168      4.520480      4.520480      9.040960
     -3.158158      4.013936      4.013936      8.027873
     -3.148148      4.596228      4.596228      9.192456
     -3.138138      6.401462      6.401462     12.802925
     -3.128128      9.483807      9.483807     18.967613
     -3.118118     13.743692     13.743692     27.487383
     -3.108108     18.854936     18.854936     37.709871
     -3.098098     24.244940     24.244940     48.489881
     -3.088088     29.171085     29.171085     58.342169
     -3.078078     32.892468     32.892468     65.784936
     -3.068068     34.878442     34.878442     69.756884
     -3.058058     34.960897     34.960897     69.921793
     -3.048048     33.354912     33.354912     66.709824
     -3.038038     30.538887     30.538887     61.077774
     -3.028028     27.061305     27.061305     54.122610
     -3.018018     23.377073     23.377073     46.754145
     -3.008008     19.788323     19.788323     39.576647
     -2.997998     16.494353     16.494353     32.988706
     -2.987988     13.692088     13.692088     27.384176
     -2.977978     11.650618     11.650618     23.301237
     -2.967968     10.712105     10.712105     21.424210
     -2.957958     11.217886     11.217886     22.435772
     -2.947948     13.392404     13.392404     26.784809
     -2.937938     17.228608     17.228608     34.457216
     -2.927928     22.415002     22.415002     44.830005
     -2.917918     28.336065     28.336065     56.672130
     -2.907908     34.163775     34.163775     68.327551
     -2.897898     39.032738     39.032738     78.065476
     -2.887888     42.256295     42.256295     84.512590
     -2.877878     43.511214     43.511214     87.022428
     -2.867868     42.915020     42.915020     85.830041
     -2.857858     40.954595     40.954595     81.909190
     -2.847848     38.287555     38.287555     76.575110
     -2.837838     35.499098     35.499098     70.998196
     -2.827828     32.921380     32.921380     65.842760
     -2.817818     30.592224     30.592224     61.184448
     -2.807808     28.358137     28.358137     56.716274
     -2.797798     26.052488     26.052488     52.104977
     -2.787788     23.645517     23.645517     47.291035
     -2.777778     21.287729     21.287729     42.575457
     -2.767768     19.236190     19.236190     38.472380
     -2.757758     17.722722     17.722722     35.445445
     -2.747748     16.852170     16.852170     33.704340
     -2.737738     16.591023     16.591023     33.182046
     -2.727728     16.840829     16.840829     33.681658
     -2.717718     17.531299     17.531299     35.062597
     -2.707708     18.656352     18.656352     37.312704
     -2.697698     20.222336     20.222336     40.444672
     -2.687688     22.149592     22.149592     44.299185
     -2.677678     24.212954     24.212954     48.425907
     -2.667668     26.086816     26.086816     52.173632
     -2.657658     27.486054     27.486054     54.972108
     -2.647648     28.318414     28.318414     56.636827
     -2.637638     28.745091     28.745091     57.490181
     -2.627628     29.101623     29.101623     58.203245
     -2.617618     29.722184     29.722184     59.444368
     -2.607608     30.770520     30.770520     61.541039
     -2.597598     32.168075     32.168075     64.336151
     -2.587588     33.639209     33.639209     67.278417
     -2.577578     34.822232     34.822232     69.644464
     -2.567568     35.374889     35.374889     70.749778
     -2.557558     35.038142     35.038142     70.076284
     -2.547548     33.671684     33.671684     67.343368
     -2.537538     31.291864     31.291864     62.583729
     -2.527528     28.116941     28.116941     56.233883
     -2.517518     24.586291     24.586291     49.172583
     -2.507508     21.309495     21.309495     42.618989
     -2.497497     18.931724     18.931724     37.863447
     -2.487487     17.951972     17.951972     35.903945
     -2.477477     18.565402     18.565402     37.130803
     -2.467467     20.598998     20.598998     41.197996
     -2.457457     23.573424     23.573424     47.146848
     -2.447447     26.872025     26.872025     53.744050
     -2.437437     29.952821     29.952821     59.905641
     -2.427427     32.518779     32.518779     65.037557
     -2.417417     34.574818     34.574818     69.149636
     -2.407407     36.344074     36.344074     72.688147
     -2.397397     38.076108     38.076108     76.152215
     -2.387387     39.832807     39.832807     79.665615
     -2.377377     41.358861     41.358861     82.717722
     -2.367367     42.115897     42.115897     84.231793
     -2.357357     41.485354     41.485354     82.970708
     -2.347347     39.056065     39.056065     78.112130
     -2.337337     34.858979     34.858979     69.717959
     -2.327327     29.431898     29.431898     58.863797
     -2.317317     23.684578     23.684578     47.369156
     -2.307307     18.635081     18.635081     37.270161
     -2.297297     15.139393     15.139393     30.278786
     -2.287287     13.714277     13.714277     27.428554
     -2.277277     14.486457     14.486457     28.972914
     -2.267267     17.240137     17.240137     34.480274
     -2.257257     21.511400     21.511400     43.022800
     -2.247247     26.688978     26.688978     53.377956
     -2.237237     32.103141     32.103141     64.206283
     -2.227227     37.099592     37.099592     74.199183
     -2.217217     41.100383     41.100383     82.200766
     -2.207207     43.655468     43.655468     87.310936
     -2.197197     44.490039     44.490039     88.980079
     -2.187187     43.550668     43.550668     87.101337
     -2.177177     41.042007     41.042007     82.084015
     -2.167167     37.429181     37.429181     74.858362
     -2.157157     33.374104     33.374104     66.748208
     -2.147147     29.592378     29.592378     59.184756
     -2.137137     26.659485     26.659485     53.318970
     -2.127127     24.836237     24.836237     49.672473
     -2.117117     23.992185     23.992185     47.984371
     -2.107107     23.669033     23.669033     47.338066
     -2.097097     23.262151     23.262151     46.524303
     -2.087087     22.244044     22.244044     44.488089
     -2.077077     20.338704     20.338704     40.677407
     -2.067067     17.584976     17.584976     35.169952
     -2.057057     14.280731     14.280731     28.561462
     -2.047047     10.848999     10.848999     21.697998
     -2.037037      7.690536      7.690536     15.381072
     -2.027027      5.078845      5.078845     10.157689
     -2.017017      3.123772      3.123772      6.247544
     -2.007007      1.796772      1.796772      3.593544
     -1.996997      0.990382      0.990382      1.980764
     -1.986987      0.581959      0.581959      1.163918
     -1.976977      0.481834      0.481834      0.963668
     -1.966967      0.658738      0.658738      1.317475
     -1.956957      1.142969      1.142969      2.285938
     -1.946947      2.009447      2.009447      4.018894
     -1.936937      3.342932      3.342932      6.685864
     -1.926927      5.191206      5.191206     10.382412
     -1.916917      7.519437      7.519437     15.038875
     -1.906907     10.184692     10.184692     20.369383
     -1.896897     12.946259     12.946259     25.892518
     -1.886887     15.513188     15.513188     31.026375
     -1.876877     17.612728     17.612728     35.225455
     -1.866867     19.054340     19.054340     38.108680
     -1.856857     19.768965     19.768965     39.537930
     -1.846847     19.815900     19.815900     39.631799
     -1.836837     19.358678     19.358678     38.717357
     -1.826827     18.613739     18.613739     37.227477
     -1.816817     17.779432     17.779432     35.558864
     -1.806807     16.964709     16.964709     33.929418
     -1.796797     16.149190     16.149190     32.298379
     -1.786787     15.202150     15.202150     30.404301
     -1.776777     13.959954     13.959954     27.919909
     -1.766767     12.325156     12.325156     24.650312
     -1.756757     10.333992     10.333992     20.667983
     -1.746747      8.157289      8.157289     16.314578
     -1.736737      6.040578      6.040578     12.081155
     -1.726727      4.222863      4.222863      8.445725
     -1.716717      2.878231      2.878231      5.756462
     -1.706707      2.101538      2.101538      4.203077
     -1.696697      1.928263      1.928263      3.856526
     -1.686687      2.359791      2.359791      4.719582
     -1.676677      3.367817      3.367817      6.735633
     -1.666667      4.870814      4.870814      9.741628
     -1.656657      6.699610      6.699610     13.399220
     -1.646647      8.584098      8.584098     17.168195
     -1.636637     10.189020     10.189020     20.378041
     -1.626627     11.202673     11.202673     22.405346
     -1.616617     11.450334     11.450334     22.900667
     -1.606607     10.983861     10.983861     21.967723
     -1.596597     10.104380     10.104380     20.208760
     -1.586587      9.303175      9.303175     18.606351
     -1.576577      9.138466      9.138466     18.276933
     -1.566567     10.084349     10.084349     20.168697
     -1.556557     12.389513     12.389513     24.779026
     -1.546547     15.977569     15.977569     31.955139
     -1.536537     20.416962     20.416962     40.833924
     -1.526527     24.982592     24.982592     49.965185
     -1.516517     28.811831     28.811831     57.623662
     -1.506507     31.122301     31.122301     62.244602
     -1.496496     31.424250     31.424250     62.848499
     -1.486486     29.651368     29.651368     59.302736
     -1.476476     26.162693     26.162693     52.325386
     -1.466466     21.621741     21.621741     43.243482
     -1.456456     16.807669     16.807669     33.615338
     -1.446446     12.431564     12.431564     24.863127
     -1.436436      9.013347      9.013347     18.026693
     -1.426426      6.836288      6.836288     13.672576
     -1.416416      5.960769      5.960769     11.921537
     -1.406406      6.264859      6.264859     12.529717
     -1.396396      7.489255      7.489255     14.978510
     -1.386386      9.284822      9.284822     18.569643
     -1.376376     11.272726     11.272726     22.545453
     -1.366366     13.118688     13.118688     26.237375
     -1.356356     14.601672     14.601672     29.203345
     -1.346346     15.645120     15.645120     31.290240
     -1.336336     16.292330     16.292330     32.584661
     -1.326326     16.641282     16.641282     33.282565
     -1.316316     16.780847     16.780847     33.561694
     -1.306306     16.765206     16.765206     33.530413
     -1.296296     16.628386     16.628386     33.256773
     -1.286286     16.406329     16.406329     32.812657
     -1.276276     16.131453     16.131453     32.262905
     -1.266266     15.796823     15.796823     31.593646
     -1.256256     15.323894     15.323894     30.647788
     -1.246246     14.574152     14.574152     29.148305
     -1.236236     13.413270     13.413270     26.826540
     -1.226226     11.793490     11.793490     23.586979
     -1.216216      9.802272      9.802272     19.604543
     -1.206206      7.646721      7.646721     15.293441
     -1.196196      5.585372      5.585372     11.170743
     -1.186186      3.849185      3.849185      7.698371
     -1.176176      2.592839      2.592839      5.185678
     -1.166166      1.891471      1.891471      3.782941
     -1.156156      1.768069      1.768069      3.536138
     -1.146146      2.221371      2.221371      4.442742
     -1.136136      3.229209      3.229209      6.458419
     -1.126126      4.722016      4.722016      9.444032
     -1.116116      6.544263      6.544263     13.088527
     -1.106106      8.435846      8.435846     16.871692
     -1.096096     10.061445     10.061445     20.122890
     -1.086086     11.092564     11.092564     22.185129
     -1.076076     11.315138     11.315138     22.630276
     -1.066066     10.714909     10.714909     21.429817
     -1.056056      9.498466      9.498466     18.996933
     -1.046046      8.037807      8.037807     16.075614
     -1.036036      6.761359      6.761359     13.522719
     -1.026026      6.033096      6.033096     12.066193
     -1.016016      6.056826      6.056826     12.113651
     -1.006006      6.825949      6.825949     13.651897
     -0.995996      8.125046      8.125046     16.250092
     -0.985986      9.583138      9.583138     19.166275
     -0.975976     10.771653     10.771653     21.543306
     -0.965966     11.325741     11.325741     22.651482
     -0.955956     11.050969     11.050969     22.101938
     -0.945946      9.974105      9.974105     19.948209
     -0.935936      8.316598      8.316598     16.633197
     -0.925926      6.404755      6.404755     12.809510
     -0.915916      4.559624      4.559624      9.119247
     -0.905906      3.014162      3.014162      6.028323
     -0.895896      1.884701      1.884701      3.769402
     -0.885886      1.193813      1.193813      2.387627
     -0.875876      0.920227      0.920227      1.840454
     -0.865866      1.046269      1.046269      2.092537
     -0.855856      1.580798      1.580798      3.161597
     -0.845846      2.548318      2.548318      5.096636
     -0.835836      3.948556      3.948556      7.897112
     -0.825826      5.704126      5.704126     11.408251
     -0.815816      7.623969      7.623969     15.247938
     -0.805806      9.410484      9.410484     18.820967
     -0.795796     10.722343     10.722343     21.444687
     -0.785786     11.276354     11.276354     22.552709
     -0.775776     10.945567     10.945567     21.891135
     -0.765766      9.806114      9.806114     19.612228
     -0.755756      8.108665      8.108665     16.217330
     -0.745746      6.189001      6.189001     12.378003
     -0.735736      4.361434      4.361434      8.722869
     -0.725726      2.841428      2.841428      5.682855
     -0.715716      1.721759      1.721759      3.443518
     -0.705706      0.997428      0.997428      1.994857
     -0.695696      0.615900      0.615900      1.231800
     -0.685686      0.527209      0.527209      1.054418
     -0.675676      0.716923      0.716923      1.433846
     -0.665666      1.214530      1.214530      2.429061
     -0.655656      2.075844      2.075844      4.151687
     -0.645646      3.342598      3.342598      6.685195
     -0.635636      4.989792      4.989792      9.979583
     -0.625626      6.881381      6.881381     13.762762
     -0.615616      8.760765      8.760765     17.521529
     -0.605606     10.294696     10.294696     20.589391
     -0.595596     11.165437     11.165437     22.330874
     -0.585586     11.177009     11.177009     22.354019
     -0.575576     10.326723     10.326723     20.653446
     -0.565566      8.806155      8.806155     17.612310
     -0.555556      6.931017      6.931017     13.862034
     -0.545546      5.034942      5.034942     10.069884
     -0.535536      3.375816      3.375816      6.751633
     -0.525526      2.089056      2.089056      4.178111
     -0.515516      1.193186      1.193186      2.386372
     -0.505506      0.629003      0.629003      1.258007
     -0.495495      0.306045      0.306045      0.612089
     -0.485485      0.137437      0.137437      0.274874
     -0.475475      0.056965      0.056965      0.113930
     -0.465465      0.021792      0.021792      0.043584
     -0.455455      0.007695      0.007695      0.015389
     -0.445445      0.002508      0.002508      0.005015
     -0.435435      0.000755      0.000755      0.001510
     -0.425425      0.000212      0.000212      0.000425
     -0.415415      0.000068      0.000068      0.000135
     -0.405405      0.000072      0.000072      0.000144
     -0.395395      0.000232      0.000232      0.000465
     -0.385385      0.000823      0.000823      0.001647
     -0.375375      0.002720      0.002720      0.005440
     -0.365365      0.008299      0.008299      0.016599
     -0.355355      0.023373      0.023373      0.046746
     -0.345345      0.060755      0.060755      0.121510
     -0.335335      0.145759      0.145759      0.291518
     -0.325325      0.322756      0.322756      0.645511
     -0.315315      0.659628      0.659628      1.319256
     -0.305305      1.244261      1.244261      2.488522
     -0.295295      2.166260      2.166260      4.332521
     -0.285285      3.480941      3.480941      6.961883
     -0.275275      5.162613      5.162613     10.325227
     -0.265265      7.066906      7.066906     14.133813
     -0.255255      8.928447      8.928447     17.856894
     -0.245245     10.411406     10.411406     20.822811
     -0.235235     11.205459     11.205459     22.410918
     -0.225225     11.131067     11.131067     22.262134
     -0.215215     10.205418     10.205418     20.410835
     -0.205205      8.635980      8.635980     17.271960
     -0.195195      6.744959      6.744959     13.489918
     -0.185185      4.862211      4.862211      9.724423
     -0.175175      3.235007      3.235007      6.470014
     -0.165165      1.986568      1.986568      3.973136
     -0.155155      1.125949      1.125949      2.251897
     -0.145145      0.589007      0.589007      1.178014
     -0.135135      0.284387      0.284387      0.568773
     -0.125125      0.126732      0.126732      0.253463
     -0.115115      0.052125      0.052125      0.104250
     -0.105105      0.019788      0.019788      0.039576
     -0.095095      0.006933      0.006933      0.013866
     -0.085085      0.002242      0.002242      0.004484
     -0.075075      0.000669      0.000669      0.001338
     -0.065065      0.000184      0.000184      0.000369
     -0.055055      0.000047      0.000047      0.000094
     -0.045045      0.000011      0.000011      0.000022
     -0.035035      0.000002      0.000002      0.000005
     -0.025025      0.000000      0.000000      0.000001
     -0.015015      0.000000      0.000000      0.000000
     -0.005005      0.000000      0.000000      0.000000
      0.005005      0.000000      0.000000      0.000000
      0.015015      0.000000      0.000000      0.000000
      0.025025      0.000000      0.000000      0.000001
      0.035035      0.000002      0.000002      0.000005
      0.045045      0.000011      0.000011      0.000022
      0.055055      0.000047      0.000047      0.000094
      0.065065      0.000184      0.000184      0.000369
      0.075075      0.000669      0.000669      0.001338
      0.085085      0.002242      0.002242      0.004484
      0.095095      0.006933      0.006933      0.013866
      0.105105      0.019788      0.019788      0.039575
      0.115115      0.052125      0.052125      0.104250
      0.125125      0.126731      0.126731      0.253463
      0.135135      0.284386      0.284386      0.568772
      0.145145      0.589006      0.589006      1.178012
      0.155155      1.125947      1.125947      2.251893
      0.165165      1.986565      1.986565      3.973130
      0.175175      3.235003      3.235003      6.470005
      0.185185      4.862206      4.862206      9.724412
      0.195195      6.744953      6.744953     13.489906
      0.205205      8.635974      8.635974     17.271949
      0.215215     10.205414     10.205414     20.410827
      0.225225     11.131065     11.131065     22.262131
      0.235235     11.205460     11.205460     22.410920
      0.245245     10.411409     10.411409     20.822818
      0.255255      8.928452      8.928452     17.856904
      0.265265      7.066912      7.066912     14.133824
      0.275275      5.162619      5.162619     10.325238
      0.285285      3.480946      3.480946      6.961892
      0.295295      2.166264      2.166264      4.332528
      0.305305      1.244263      1.244263      2.488526
      0.315315      0.659629      0.659629      1.319259
      0.325325      0.322756      0.322756      0.645512
      0.335335      0.145759      0.145759      0.291518
      0.345345      0.060755      0.060755      0.121511
      0.355355      0.023373      0.023373      0.046747
      0.365365      0.008300      0.008300      0.016599
      0.375375      0.002722      0.002722      0.005443
      0.385385      0.000831      0.000831      0.001663
      0.395395      0.000267      0.000267      0.000534
      0.405405      0.000207      0.000207      0.000414
      0.415415      0.000558      0.000558      0.001116
      0.425425      0.001850      0.001850      0.003699
      0.435435      0.005787      0.005787      0.011574
      0.445445      0.016735      0.016735      0.033469
      0.455455      0.044670      0.044670      0.089339
      0.465465      0.110052      0.110052      0.220103
      0.475475      0.250246      0.250246      0.500492
      0.485485      0.525200      0.525200      1.050401
      0.495495      1.017348      1.017348      2.034695
      0.505506      1.818866      1.818866      3.637732
      0.515516      3.001364      3.001364      6.002729
      0.525526      4.571131      4.571131      9.142262
      0.535536      6.425626      6.425626     12.851253
      0.545546      8.336700      8.336700     16.673401
      0.555556      9.982976      9.982976     19.965952
      0.565566     11.033511     11.033511     22.067021
      0.575576     11.255327     11.255327     22.510655
      0.585586     10.597523     10.597523     21.195045
      0.595596      9.210752      9.210752     18.421504
      0.605606      7.392563      7.392563     14.785126
      0.615616      5.487032      5.487032     10.974065
      0.625626      3.787396      3.787396      7.574793
      0.635636      2.481851      2.481851      4.963701
      0.645646      1.654379      1.654379      3.308757
      0.655656      1.323556      1.323556      2.647113
      0.665666      1.487801      1.487801      2.975602
      0.675676      2.148647      2.148647      4.297295
      0.685686      3.298887      3.298887      6.597775
      0.695696      4.882348      4.882348      9.764696
      0.705706      6.749786      6.749786     13.499571
      0.715716      8.643574      8.643574     17.287148
      0.725726     10.235680     10.235680     20.471361
      0.735736     11.218242     11.218242     22.436485
      0.745746     11.414693     11.414693     22.829386
      0.755756     10.860732     10.860732     21.721464
      0.765766      9.812585      9.812585     19.625170
      0.775776      8.672066      8.672066     17.344133
      0.785786      7.855312      7.855312     15.710623
      0.795796      7.654397      7.654397     15.308794
      0.805806      8.140638      8.140638     16.281276
      0.815816      9.141103      9.141103     18.282206
      0.825826     10.295653     10.295653     20.591307
      0.835836     11.176510     11.176510     22.353020
      0.845846     11.430061     11.430061     22.860122
      0.855856     10.889275     10.889275     21.778550
      0.865866      9.614213      9.614213     19.228426
      0.875876      7.848624      7.848624     15.697249
      0.885886      5.918335      5.918335     11.836670
      0.895896      4.120411      4.120411      8.240822
      0.905906      2.648112      2.648112      5.296225
      0.915916      1.570988      1.570988      3.141976
      0.925926      0.860564      0.860564      1.721128
      0.935936      0.436283      0.436283      0.872567
      0.945946      0.207895      0.207895      0.415789
      0.955956      0.102328      0.102328      0.204656
      0.965966      0.075191      0.075191      0.150381
      0.975976      0.113368      0.113368      0.226736
      0.985986      0.235122      0.235122      0.470244
      0.995996      0.489967      0.489967      0.979934
      1.006006      0.955334      0.955334      1.910667
      1.016016      1.723455      1.723455      3.446910
      1.026026      2.872897      2.872897      5.745794
      1.036036      4.426750      4.426750      8.853500
      1.046046      6.312056      6.312056     12.624112
      1.056056      8.345215      8.345215     16.690429
      1.066066     10.265396     10.265396     20.530793
      1.076076     11.816916     11.816916     23.633833
      1.086086     12.850023     12.850023     25.700047
      1.096096     13.388335     13.388335     26.776670
      1.106106     13.619980     13.619980     27.239961
      1.116116     13.809506     13.809506     27.619011
      1.126126     14.175198     14.175198     28.350396
      1.136136     14.798275     14.798275     29.596549
      1.146146     15.609038     15.609038     31.218077
      1.156156     16.445179     16.445179     32.890359
      1.166166     17.135582     17.135582     34.271163
      1.176176     17.559027     17.559027     35.118054
      1.186186     17.659358     17.659358     35.318716
      1.196196     17.435764     17.435764     34.871527
      1.206206     16.936435     16.936435     33.872870
      1.216216     16.261496     16.261496     32.522992
      1.226226     15.553680     15.553680     31.107361
      1.236236     14.954183     14.954183     29.908366
      1.246246     14.531391     14.531391     29.062783
      1.256256     14.224582     14.224582     28.449164
      1.266266     13.849067     13.849067     27.698134
      1.276276     13.174685     13.174685     26.349370
      1.286286     12.040953     12.040953     24.081906
      1.296296     10.447128     10.447128     20.894257
      1.306306      8.572361      8.572361     17.144722
      1.316316      6.725363      6.725363     13.450725
      1.326326      5.260773      5.260773     10.521546
      1.336336      4.505623      4.505623      9.011245
      1.346346      4.715317      4.715317      9.430634
      1.356356      6.048040      6.048040     12.096079
      1.366366      8.534774      8.534774     17.069548
      1.376376     12.037682     12.037682     24.075364
      1.386386     16.218240     16.218240     32.436481
      1.396396     20.552627     20.552627     41.105254
      1.406406     24.417492     24.417492     48.834984
      1.416416     27.229927     27.229927     54.459855
      1.426426     28.588484     28.588484     57.176968
      1.436436     28.356407     28.356407     56.712814
      1.446446     26.659693     26.659693     53.319385
      1.456456     23.817800     23.817800     47.635601
      1.466466     20.251260     20.251260     40.502521
      1.476476     16.404156     16.404156     32.808312
      1.486486     12.694217     12.694217     25.388433
      1.496496      9.483274      9.483274     18.966548
      1.506507      7.057529      7.057529     14.115059
      1.516517      5.613367      5.613367     11.226733
      1.526527      5.248309      5.248309     10.496617
      1.536537      5.955416      5.955416     11.910832
      1.546547      7.619480      7.619480     15.238960
      1.556557     10.019113     10.019113     20.038227
      1.566567     12.845542     12.845542     25.691083
      1.576577     15.747470     15.747470     31.494939
      1.586587     18.399311     18.399311     36.798621
      1.596597     20.574888     20.574888     41.149775
      1.606607     22.201395     22.201395     44.402791
      1.616617     23.373213     23.373213     46.746425
      1.626627     24.317782     24.317782     48.635563
      1.636637     25.319672     25.319672     50.639343
      1.646647     26.621438     26.621438     53.242876
      1.656657     28.330562     28.330562     56.661124
      1.666667     30.367220     30.367220     60.734441
      1.676677     32.480512     32.480512     64.961025
      1.686687     34.336282     34.336282     68.672565
      1.696697     35.643874     35.643874     71.287748
      1.706707     36.260871     36.260871     72.521741
      1.716717     36.217038     36.217038     72.434077
      1.726727     35.640739     35.640739     71.281478
      1.736737     34.634117     34.634117     69.268234
      1.746747     33.184926     33.184926     66.369853
      1.756757     31.186193     31.186193     62.372386
      1.766767     28.563050     28.563050     57.126099
      1.776777     25.427134     25.427134     50.854269
      1.786787     22.150954     22.150954     44.301908
      1.796797     19.298673     19.298673     38.597345
      1.806807     17.434257     17.434257     34.868513
      1.816817     16.896604     16.896604     33.793208
      1.826827     17.646871     17.646871     35.293741
      1.836837     19.256611     19.256611     38.513221
      1.846847     21.043345     21.043345     42.086690
      1.856857     22.301642     22.301642     44.603283
      1.866867     22.541921     22.541921     45.083843
      1.876877     21.646139     21.646139     43.292278
      1.886887     19.881448     19.881448     39.762897
      1.896897     17.770438     17.770438     35.540876
      1.906907     15.876911     15.876911     31.753822
      1.916917     14.601778     14.601778     29.203556
      1.926927     14.076205     14.076205     28.152410
      1.936937     14.190403     14.190403     28.380806
      1.946947     14.728587     14.728587     29.457173
      1.956957     15.526811     15.526811     31.053622
      1.966967     16.559920     16.559920     33.119840
      1.976977     17.906228     17.906228     35.812456
      1.986987     19.614199     19.614199     39.228398
      1.996997     21.561296     21.561296     43.122591
      2.007007     23.407917     23.407917     46.815833
      2.017017     24.694914     24.694914     49.389829
      2.027027     25.041529     25.041529     50.083057
      2.037037     24.330634     24.330634     48.661267
      2.047047     22.768713     22.768713     45.537426
      2.057057     20.781727     20.781727     41.563454
      2.067067     18.807301     18.807301     37.614602
      2.077077     17.103420     17.103420     34.206839
      2.087087     15.677209     15.677209     31.354419
      2.097097     14.360185     14.360185     28.720370
      2.107107     12.971858     12.971858     25.943717
      2.117117     11.473553     11.473553     22.947106
      2.127127     10.034918     10.034918     20.069837
      2.137137      8.993166      8.993166     17.986332
      2.147147      8.738705      8.738705     17.477410
      2.157157      9.582924      9.582924     19.165849
      2.167167     11.653694     11.653694     23.307388
      2.177177     14.840196     14.840196     29.680392
      2.187187     18.789660     18.789660     37.579319
      2.197197     22.951256     22.951256     45.902513
      2.207207     26.662034     26.662034     53.324068
      2.217217     29.267453     29.267453     58.534906
      2.227227     30.259536     30.259536     60.519072
      2.237237     29.400950     29.400950     58.801900
      2.247247     26.793813     26.793813     53.587625
      2.257257     22.860282     22.860282     45.720563
      2.267267     18.232176     18.232176     36.464352
      2.277277     13.586713     13.586713     27.173425
      2.287287      9.491324      9.491324     18.982648
      2.297297      6.314843      6.314843     12.629687
      2.307307      4.227772      4.227772      8.455543
      2.317317      3.271804      3.271804      6.543607
      2.327327      3.451397      3.451397      6.902795
      2.337337      4.798162      4.798162      9.596324
      2.347347      7.377164      7.377164     14.754328
      2.357357     11.231008     11.231008     22.462016
      2.367367     16.282752     16.282752     32.565504
      2.377377     22.236990     22.236990     44.473980
      2.387387     28.526355     28.526355     57.052711
      2.397397     34.344259     34.344259     68.688517
      2.407407     38.780328     38.780328     77.560655
      2.417417     41.034996     41.034996     82.069992
      2.427427     40.647272     40.647272     81.294544
      2.437437     37.647715     37.647715     75.295431
      2.447447     32.566893     32.566893     65.133785
      2.457457     26.287462     26.287462     52.574924
      2.467467     19.797995     19.797995     39.595990
      2.477477     13.948824     13.948824     27.897648
      2.487487      9.300129      9.300129     18.600257
      2.497497      6.098738      6.098738     12.197477
      2.507508      4.357072      4.357072      8.714143
      2.517518      3.969984      3.969984      7.939968
      2.527528      4.806717      4.806717      9.613434
      2.537538      6.745335      6.745335     13.490671
      2.547548      9.653867      9.653867     19.307734
      2.557558     13.346835     13.346835     26.693670
      2.567568     17.550494     17.550494     35.100987
      2.577578     21.899082     21.899082     43.798164
      2.587588     25.968318     25.968318     51.936635
      2.597598     29.339665     29.339665     58.679330
      2.607608     31.681019     31.681019     63.362038
      2.617618     32.823087     32.823087     65.646174
      2.627628     32.806138     32.806138     65.612275
      2.637638     31.875713     31.875713     63.751427
      2.647648     30.423860     30.423860     60.847720
      2.657658     28.897613     28.897613     57.795226
      2.667668     27.711536     27.711536     55.423071
      2.677678     27.193297     27.193297     54.386593
      2.687688     27.566037     27.566037     55.132073
      2.697698     28.947837     28.947837     57.895675
      2.707708     31.343023     31.343023     62.686045
      2.717718     34.613916     34.613916     69.227832
      2.727728     38.445165     38.445165     76.890329
      2.737738     42.332900     42.332900     84.665801
      2.747748     45.635899     45.635899     91.271798
      2.757758     47.706404     47.706404     95.412809
      2.767768     48.075695     48.075695     96.151390
      2.777778     46.623601     46.623601     93.247203
      2.787788     43.645070     43.645070     87.290140
      2.797798     39.762883     39.762883     79.525766
      2.807808     35.711620     35.711620     71.423240
      2.817818     32.088812     32.088812     64.177623
      2.827828     29.188279     29.188279     58.376557
      2.837838     26.985210     26.985210     53.970420
      2.847848     25.262363     25.262363     50.524726
      2.857858     23.799565     23.799565     47.599130
      2.867868     22.526697     22.526697     45.053393
      2.877878     21.566491     21.566491     43.132982
      2.887888     21.149977     21.149977     42.299954
      2.897898     21.449951     21.449951     42.899902
      2.907908     22.421909     22.421909     44.843818
      2.917918     23.745344     23.745344     47.490687
      2.927928     24.911637     24.911637     49.823273
      2.937938     25.424822     25.424822     50.849645
      2.947948     25.011897     25.011897     50.023794
      2.957958     23.726633     23.726633     47.453265
      2.967968     21.889496     21.889496     43.778991
      2.977978     19.902312     19.902312     39.804624
      2.987988     18.047716     18.047716     36.095431
      2.997998     16.384179     16.384179     32.768358
      3.008008     14.780692     14.780692     29.561384
      3.018018     13.049129     13.049129     26.098258
      3.028028     11.083349     11.083349     22.166697
      3.038038      8.927049      8.927049     17.854098
      3.048048      6.748429      6.748429     13.496858
      3.058058      4.755886      4.755886      9.511773
      3.068068      3.111748      3.111748      6.223496
      3.078078      1.885873      1.885873      3.771746
      3.088088      1.058067      1.058067      2.116135
      3.098098      0.552083      0.552083      1.104166
      3.108108      0.276607      0.276607      0.553214
      3.118118      0.156670      0.156670      0.313340
      3.128128      0.151430      0.151430      0.302861
      3.138138      0.262510      0.262510      0.525019
      3.148148      0.538010      0.538010      1.076020
      3.158158      1.072860      1.072860      2.145719
      3.168168      2.000124      2.000124      4.000248
      3.178178      3.464767      3.464767      6.929534
      3.188188      5.574826      5.574826     11.149653
      3.198198      8.336249      8.336249     16.672498
      3.208208     11.592845     11.592845     23.185689
      3.218218     15.002892     15.002892     30.005785
      3.228228     18.079008     18.079008     36.158016
      3.238238     20.294770     20.294770     40.589539
      3.248248     21.229099     21.229099     42.458198
      3.258258     20.695137     20.695137     41.390273
      3.268268     18.800321     18.800321     37.600642
      3.278278     15.911661     15.911661     31.823322
      3.288288     12.541340     12.541340     25.082681
      3.298298      9.200861      9.200861     18.401723
      3.308308      6.279980      6.279980     12.559959
      3.318318      3.988039      3.988039      7.976077
      3.328328      2.363314      2.363314      4.726627
      3.338338      1.328999      1.328999      2.657998
      3.348348      0.764094      0.764094      1.528188
      3.358358      0.563172      0.563172      1.126345
      3.368368      0.671700      0.671700      1.343399
      3.378378      1.093875      1.093875      2.187749
      3.388388      1.874526      1.874526      3.749051
      3.398398      3.058788      3.058788      6.117575
      3.408408      4.638534      4.638534      9.277067
      3.418418      6.504029      6.504029     13.008059
      3.428428      8.426927      8.426927     16.853853
      3.438438     10.096455     10.096455     20.192910
      3.448448     11.209462     11.209462     22.418923
      3.458458     11.584516     11.584516     23.169031
      3.468468     11.249147     11.249147     22.498295
      3.478478     10.454016     10.454016     20.908032
      3.488488      9.599416      9.599416     19.198833
      3.498498      9.100975      9.100975     18.201950
      3.508509      9.249669      9.249669     18.499338
      3.518519     10.122459     10.122459     20.244918
      3.528529     11.575409     11.575409     23.150818
      3.538539     13.313970     13.313970     26.627941
      3.548549     15.002032     15.002032     30.004063
      3.558559     16.357822     16.357822     32.715645
      3.568569     17.198752     17.198752     34.397504
      3.578579     17.431924     17.431924     34.863849
      3.588589     17.020500     17.020500     34.040999
      3.598599     15.964537     15.964537     31.929074
      3.608609     14.312826     14.312826     28.625653
      3.618619     12.188748     12.188748     24.377496
      3.628629      9.796934      9.796934     19.593867
      3.638639      7.391076      7.391076     14.782152
      3.648649      5.213296      5.213296     10.426592
      3.658659      3.436636      3.436636      6.873272
      3.668669      2.139647      2.139647      4.279295
      3.678679      1.321286      1.321286      2.642571
      3.688689      0.942411      0.942411      1.884822
      3.698699      0.969777      0.969777      1.939554
      3.708709      1.400912      1.400912      2.801824
      3.718719      2.258174      2.258174      4.516348
      3.728729      3.552627      3.552627      7.105254
      3.738739      5.231487      5.231487     10.462975
      3.748749      7.134360      7.134360     14.268719
      3.758759      8.987135      8.987135     17.974269
      3.768769     10.450990     10.450990     20.901980
      3.778779     11.217607     11.217607     22.435213
      3.788789     11.113082     11.113082     22.226164
      3.798799     10.161476     10.161476     20.322952
      3.808809      8.575633      8.575633     17.151266
      3.818819      6.679786      6.679786     13.359572
      3.828829      4.802263      4.802263      9.604527
      3.838839      3.186529      3.186529      6.373058
      3.848849      1.951586      1.951586      3.903172
      3.858859      1.103365      1.103365      2.206730
      3.868869      0.576431      0.576431      1.152863
      3.878879      0.280167      0.280167      0.560334
      3.888889      0.132392      0.132392      0.264784
      3.898899      0.076326      0.076326      0.152652
      3.908909      0.085717      0.085717      0.171435
      3.918919      0.165335      0.165335      0.330671
      3.928929      0.351225      0.351225      0.702450
      3.938939      0.710155      0.710155      1.420310
      3.948949      1.333167      1.333167      2.666334
      3.958959      2.316845      2.316845      4.633690
      3.968969      3.730318      3.730318      7.460637
      3.978979      5.576273      5.576273     11.152546
      3.988989      7.765419      7.765419     15.530838
      3.998999     10.126429     10.126429     20.252858
      4.009009     12.459321     12.459321     24.918642
      4.019019     14.612615     14.612615     29.225229
      4.029029     16.540621     16.540621     33.081243
      4.039039     18.298673     18.298673     36.597345
      4.049049     19.968408     19.968408     39.936816
      4.059059     21.554236     21.554236     43.108472
      4.069069     22.921011     22.921011     45.842022
      4.079079     23.826750     23.826750     47.653499
      4.089089     24.048222     24.048222     48.096444
      4.099099     23.535855     23.535855     47.071709
      4.109109     22.506819     22.506819     45.013637
      4.119119     21.410048     21.410048     42.820096
      4.129129     20.761837     20.761837     41.523674
      4.139139     20.921550     20.921550     41.843100
      4.149149     21.916422     21.916422     43.832844
      4.159159     23.409237     23.409237     46.818475
      4.169169     24.835490     24.835490     49.670979
      4.179179     25.648670     25.648670     51.297340
      4.189189     25.552049     25.552049     51.104098
      4.199199     24.601425     24.601425     49.202849
      4.209209     23.136566     23.136566     46.273133
      4.219219     21.595177     21.595177     43.190355
      4.229229     20.320380     20.320380     40.640760
      4.239239     19.456801     19.456801     38.913601
      4.249249     18.960475     18.960475     37.920950
      4.259259     18.679543     18.679543     37.359086
      4.269269     18.441653     18.441653     36.883306
      4.279279     18.111293     18.111293     36.222587
      4.289289     17.618947     17.618947     35.237893
      4.299299     16.977538     16.977538     33.955076
      4.309309     16.287127     16.287127     32.574255
      4.319319     15.713353     15.713353     31.426706
      4.329329     15.433722     15.433722     30.867445
      4.339339     15.573440     15.573440     31.146880
      4.349349     16.169152     16.169152     32.338303
      4.359359     17.181798     17.181798     34.363595
      4.369369     18.538773     18.538773     37.077547
      4.379379     20.157769     20.157769     40.315538
      4.389389     21.919832     21.919832     43.839664
      4.399399     23.609797     23.609797     47.219594
      4.409409     24.885657     24.885657     49.771314
      4.419419     25.333090     25.333090     50.666179
      4.429429     24.604398     24.604398     49.208797
      4.439439     22.574594     22.574594     45.149188
      4.449449     19.423833     19.423833     38.847667
      4.459459     15.594646     15.594646     31.189292
      4.469469     11.645427     11.645427     23.290853
      4.479479      8.076774      8.076774     16.153548
      4.489489      5.211033      5.211033     10.422066
      4.499499      3.164514      3.164514      6.329027
      4.509510      1.900150      1.900150      3.800301
      4.519520      1.317087      1.317087      2.634173
      4.529530      1.331793      1.331793      2.663585
      4.539540      1.921910      1.921910      3.843820
      4.549550      3.123749      3.123749      6.247499
      4.559560      4.989524      4.989524      9.979049
      4.569570      7.521713      7.521713     15.043425
      4.579580     10.611163     10.611163     21.222327
      4.589590     14.009856     14.009856     28.019711
      4.599600     17.362081     17.362081     34.724161
      4.609610     20.296019     20.296019     40.592039
      4.619620     22.547192     22.547192     45.094383
      4.629630     24.060814     24.060814     48.121628
      4.639640     25.018060     25.018060     50.036120
      4.649650     25.759180     25.759180     51.518361
      4.659660     26.625858     26.625858     53.251715
      4.669670     27.791536     27.791536     55.583072
      4.679680     29.162758     29.162758     58.325515
      4.689690     30.402463     30.402463     60.804925
      4.699700     31.062917     31.062917     62.125834
      4.709710     30.760253     30.760253     61.520507
      4.719720     29.309965     29.309965     58.619930
      4.729730     26.777252     26.777252     53.554504
      4.739740     23.448071     23.448071     46.896143
      4.749750     19.758756     19.758756     39.517512
      4.759760     16.219522     16.219522     32.439044
      4.769770     13.344728     13.344728     26.689457
      4.779780     11.585149     11.585149     23.170297
      4.789790     11.257583     11.257583     22.515166
      4.799800     12.479953     12.479953     24.959905
      4.809810     15.132683     15.132683     30.265367
      4.819820     18.868701     18.868701     37.737403
      4.829830     23.180553     23.180553     46.361106
      4.839840     27.508445     27.508445     55.016891
      4.849850     31.351109     31.351109     62.702218
      4.859860     34.339121     34.339121     68.678242
      4.869870     36.253407     36.253407     72.506814
      4.879880     37.004929     37.004929     74.009859
      4.889890     36.608492     36.608492     73.216984
      4.899900     35.170664     35.170664     70.341327
      4.909910     32.884116     32.884116     65.768231
      4.919920     30.007656     30.007656     60.015311
      4.929930     26.825989     26.825989     53.651977
      4.939940     23.607749     23.607749     47.215497
      4.949950     20.585133     20.585133     41.170266
      4.959960     17.955929     17.955929     35.911857
      4.969970     15.882378     15.882378     31.764757
      4.979980     14.461448     14.461448     28.922897
      4.989990     13.671816     13.671816     27.343633
      5.000000     13.337076     13.337076     26.674151
