# EIG2DOS: Utility for SIESTA to obtain the electronic density of states
#  E. Artacho, Apr 1999, A. Garcia, Apr 2012
#  Nick R. Papior, Feb 2017
# ------------------------------------------
# Eigenvalues calculated from a non-polarized calculation
# Eigenvalues read from siesta.EIG
# Kpoint weights read from siesta.KP
# Using smearing parameter:   0.0500
# Using 1000 points in the energy range
# Selected bands: 1 to: 2981
# Emin, Emax in file for selected band(s):    -27.0334502    218.3073690
# Nbands, Nspin, Nk   =   2981     1     1
# E_F                 =    -4.3052 eV --> (shifted to ZERO)
# Broadening          =     0.0500 eV
#
#        E            N(up)  (=)   N(down)         Ntot
     -5.000000     45.526382     45.526382     91.052764
     -4.989990     48.683002     48.683002     97.366004
     -4.979980     50.337737     50.337737    100.675474
     -4.969970     50.401232     50.401232    100.802464
     -4.959960     48.988348     48.988348     97.976697
     -4.949950     46.372485     46.372485     92.744970
     -4.939940     42.931218     42.931218     85.862436
     -4.929930     39.110041     39.110041     78.220082
     -4.919920     35.412731     35.412731     70.825461
     -4.909910     32.403152     32.403152     64.806303
     -4.899900     30.684298     30.684298     61.368597
     -4.889890     30.816054     30.816054     61.632109
     -4.879880     33.155223     33.155223     66.310446
     -4.869870     37.652747     37.652747     75.305494
     -4.859860     43.702104     43.702104     87.404208
     -4.849850     50.154805     50.154805    100.309609
     -4.839840     55.566393     55.566393    111.132786
     -4.829830     58.619390     58.619390    117.238779
     -4.819820     58.554635     58.554635    117.109271
     -4.809810     55.411798     55.411798    110.823596
     -4.799800     49.966698     49.966698     99.933396
     -4.789790     43.408670     43.408670     86.817339
     -4.779780     36.925711     36.925711     73.851422
     -4.769770     31.383256     31.383256     62.766513
     -4.759760     27.197379     27.197379     54.394758
     -4.749750     24.386446     24.386446     48.772892
     -4.739740     22.713099     22.713099     45.426197
     -4.729730     21.827488     21.827488     43.654975
     -4.719720     21.365476     21.365476     42.730952
     -4.709710     20.999308     20.999308     41.998616
     -4.699700     20.460541     20.460541     40.921081
     -4.689690     19.557815     19.557815     39.115630
     -4.679680     18.204409     18.204409     36.408817
     -4.669670     16.457095     16.457095     32.914190
     -4.659660     14.552246     14.552246     29.104491
     -4.649650     12.914626     12.914626     25.829252
     -4.639640     12.115835     12.115835     24.231669
     -4.629630     12.772236     12.772236     25.544472
     -4.619620     15.390248     15.390248     30.780497
     -4.609610     20.186439     20.186439     40.372879
     -4.599600     26.931256     26.931256     53.862512
     -4.589590     34.883072     34.883072     69.766143
     -4.579580     42.876008     42.876008     85.752015
     -4.569570     49.582200     49.582200     99.164401
     -4.559560     53.890989     53.890989    107.781978
     -4.549550     55.271467     55.271467    110.542934
     -4.539540     53.962668     53.962668    107.925336
     -4.529530     50.894375     50.894375    101.788749
     -4.519520     47.358087     47.358087     94.716174
     -4.509510     44.560381     44.560381     89.120763
     -4.499499     43.239016     43.239016     86.478033
     -4.489489     43.483868     43.483868     86.967736
     -4.479479     44.806505     44.806505     89.613010
     -4.469469     46.397667     46.397667     92.795333
     -4.459459     47.449219     47.449219     94.898438
     -4.449449     47.415509     47.415509     94.831017
     -4.439439     46.136352     46.136352     92.272703
     -4.429429     43.810536     43.810536     87.621073
     -4.419419     40.864959     40.864959     81.729918
     -4.409409     37.791405     37.791405     75.582811
     -4.399399     35.015623     35.015623     70.031247
     -4.389389     32.830635     32.830635     65.661271
     -4.379379     31.387574     31.387574     62.775148
     -4.369369     30.714054     30.714054     61.428108
     -4.359359     30.733250     30.733250     61.466499
     -4.349349     31.279077     31.279077     62.558153
     -4.339339     32.122923     32.122923     64.245847
     -4.329329     33.027029     33.027029     66.054059
     -4.319319     33.818656     33.818656     67.637313
     -4.309309     34.455908     34.455908     68.911817
     -4.299299     35.050344     35.050344     70.100688
     -4.289289     35.827752     35.827752     71.655505
     -4.279279     37.034057     37.034057     74.068113
     -4.269269     38.813608     38.813608     77.627215
     -4.259259     41.098351     41.098351     82.196703
     -4.249249     43.551894     43.551894     87.103789
     -4.239239     45.609213     45.609213     91.218425
     -4.229229     46.627950     46.627950     93.255900
     -4.219219     46.115873     46.115873     92.231747
     -4.209209     43.943056     43.943056     87.886111
     -4.199199     40.429662     40.429662     80.859323
     -4.189189     36.249252     36.249252     72.498505
     -4.179179     32.184042     32.184042     64.368085
     -4.169169     28.851628     28.851628     57.703257
     -4.159159     26.535731     26.535731     53.071463
     -4.149149     25.189446     25.189446     50.378892
     -4.139139     24.583591     24.583591     49.167182
     -4.129129     24.503638     24.503638     49.007276
     -4.119119     24.887149     24.887149     49.774299
     -4.109109     25.833318     25.833318     51.666635
     -4.099099     27.482071     27.482071     54.964142
     -4.089089     29.826659     29.826659     59.653317
     -4.079079     32.566152     32.566152     65.132305
     -4.069069     35.098750     35.098750     70.197501
     -4.059059     36.692635     36.692635     73.385269
     -4.049049     36.771901     36.771901     73.543803
     -4.039039     35.177810     35.177810     70.355619
     -4.029029     32.265919     32.265919     64.531838
     -4.019019     28.786266     28.786266     57.572531
     -4.009009     25.613866     25.613866     51.227733
     -3.998999     23.471968     23.471968     46.943935
     -3.988989     22.774239     22.774239     45.548478
     -3.978979     23.623717     23.623717     47.247434
     -3.968969     25.912508     25.912508     51.825017
     -3.958959     29.429285     29.429285     58.858569
     -3.948949     33.915048     33.915048     67.830095
     -3.938939     39.072548     39.072548     78.145096
     -3.928929     44.575249     44.575249     89.150499
     -3.918919     50.109473     50.109473    100.218946
     -3.908909     55.436069     55.436069    110.872138
     -3.898899     60.420520     60.420520    120.841041
     -3.888889     64.987174     64.987174    129.974349
     -3.878879     69.002838     69.002838    138.005676
     -3.868869     72.153491     72.153491    144.306982
     -3.858859     73.903871     73.903871    147.807743
     -3.848849     73.600531     73.600531    147.201062
     -3.838839     70.704818     70.704818    141.409636
     -3.828829     65.062632     65.062632    130.125263
     -3.818819     57.080646     57.080646    114.161292
     -3.808809     47.711057     47.711057     95.422114
     -3.798799     38.234305     38.234305     76.468610
     -3.788789     29.922311     29.922311     59.844623
     -3.778779     23.712052     23.712052     47.424105
     -3.768769     20.001244     20.001244     40.002488
     -3.758759     18.615768     18.615768     37.231536
     -3.748749     18.932351     18.932351     37.864702
     -3.738739     20.099325     20.099325     40.198651
     -3.728729     21.287748     21.287748     42.575495
     -3.718719     21.912854     21.912854     43.825709
     -3.708709     21.779095     21.779095     43.558190
     -3.698699     21.116600     21.116600     42.233200
     -3.688689     20.495837     20.495837     40.991673
     -3.678679     20.634026     20.634026     41.268051
     -3.668669     22.140185     22.140185     44.280370
     -3.658659     25.275628     25.275628     50.551256
     -3.648649     29.816760     29.816760     59.633521
     -3.638639     35.081758     35.081758     70.163516
     -3.628629     40.121995     40.121995     80.243989
     -3.618619     44.006863     44.006863     88.013725
     -3.608609     46.087221     46.087221     92.174442
     -3.598599     46.137564     46.137564     92.275127
     -3.588589     44.342926     44.342926     88.685852
     -3.578579     41.170397     41.170397     82.340793
     -3.568569     37.200962     37.200962     74.401925
     -3.558559     32.983184     32.983184     65.966368
     -3.548549     28.933187     28.933187     57.866374
     -3.538539     25.281611     25.281611     50.563222
     -3.528529     22.067833     22.067833     44.135666
     -3.518519     19.186250     19.186250     38.372500
     -3.508509     16.477995     16.477995     32.955990
     -3.498498     13.836950     13.836950     27.673900
     -3.488488     11.284372     11.284372     22.568744
     -3.478478      8.979026      8.979026     17.958051
     -3.468468      7.162529      7.162529     14.325058
     -3.458458      6.068900      6.068900     12.137800
     -3.448448      5.835722      5.835722     11.671445
     -3.438438      6.444683      6.444683     12.889366
     -3.428428      7.706079      7.706079     15.412159
     -3.418418      9.293964      9.293964     18.587929
     -3.408408     10.831118     10.831118     21.662236
     -3.398398     12.007469     12.007469     24.014939
     -3.388388     12.694408     12.694408     25.388816
     -3.378378     13.006593     13.006593     26.013185
     -3.368368     13.277670     13.277670     26.555340
     -3.358358     13.954113     13.954113     27.908226
     -3.348348     15.449457     15.449457     30.898914
     -3.338338     18.013701     18.013701     36.027401
     -3.328328     21.653180     21.653180     43.306360
     -3.318318     26.104341     26.104341     52.208683
     -3.308308     30.849247     30.849247     61.698495
     -3.298298     35.171569     35.171569     70.343139
     -3.288288     38.269256     38.269256     76.538512
     -3.278278     39.432018     39.432018     78.864037
     -3.268268     38.249039     38.249039     76.498078
     -3.258258     34.765394     34.765394     69.530788
     -3.248248     29.501521     29.501521     59.003042
     -3.238238     23.307144     23.307144     46.614289
     -3.228228     17.106625     17.106625     34.213250
     -3.218218     11.647667     11.647667     23.295335
     -3.208208      7.353591      7.353591     14.707182
     -3.198198      4.315313      4.315313      8.630627
     -3.188188      2.390177      2.390177      4.780354
     -3.178178      1.340941      1.340941      2.681881
     -3.168168      0.956636      0.956636      1.913273
     -3.158158      1.126729      1.126729      2.253458
     -3.148148      1.865722      1.865722      3.731444
     -3.138138      3.295266      3.295266      6.590531
     -3.128128      5.589675      5.589675     11.179349
     -3.118118      8.890840      8.890840     17.781679
     -3.108108     13.208137     13.208137     26.416275
     -3.098098     18.335716     18.335716     36.671431
     -3.088088     23.830194     23.830194     47.660388
     -3.078078     29.080683     29.080683     58.161366
     -3.068068     33.464660     33.464660     66.929320
     -3.058058     36.532665     36.532665     73.065330
     -3.048048     38.134029     38.134029     76.268059
     -3.038038     38.414382     38.414382     76.828764
     -3.028028     37.684101     37.684101     75.368203
     -3.018018     36.237058     36.237058     72.474117
     -3.008008     34.234710     34.234710     68.469421
     -2.997998     31.730193     31.730193     63.460386
     -2.987988     28.813033     28.813033     57.626066
     -2.977978     25.771615     25.771615     51.543230
     -2.967968     23.155024     23.155024     46.310048
     -2.957958     21.675600     21.675600     43.351199
     -2.947948     21.984772     21.984772     43.969543
     -2.937938     24.420594     24.420594     48.841188
     -2.927928     28.836048     28.836048     57.672096
     -2.917918     34.579458     34.579458     69.158917
     -2.907908     40.638380     40.638380     81.276761
     -2.897898     45.900734     45.900734     91.801468
     -2.887888     49.448199     49.448199     98.896398
     -2.877878     50.786791     50.786791    101.573581
     -2.867868     49.941527     49.941527     99.883055
     -2.857858     47.389582     47.389582     94.779165
     -2.847848     43.862659     43.862659     87.725319
     -2.837838     40.093914     40.093914     80.187828
     -2.827828     36.601470     36.601470     73.202941
     -2.817818     33.583132     33.583132     67.166265
     -2.807808     30.950824     30.950824     61.901648
     -2.797798     28.475239     28.475239     56.950479
     -2.787788     25.965114     25.965114     51.930228
     -2.777778     23.393586     23.393586     46.787173
     -2.767768     20.914555     20.914555     41.829110
     -2.757758     18.771738     18.771738     37.543477
     -2.747748     17.161484     17.161484     34.322967
     -2.737738     16.134369     16.134369     32.268739
     -2.727728     15.594775     15.594775     31.189549
     -2.717718     15.395332     15.395332     30.790663
     -2.707708     15.461661     15.461661     30.923321
     -2.697698     15.861199     15.861199     31.722397
     -2.687688     16.764181     16.764181     33.528362
     -2.677678     18.315268     18.315268     36.630536
     -2.667668     20.496224     20.496224     40.992448
     -2.657658     23.071819     23.071819     46.143639
     -2.647648     25.662023     25.662023     51.324047
     -2.637638     27.903229     27.903229     55.806458
     -2.627628     29.602630     29.602630     59.205260
     -2.617618     30.794073     30.794073     61.588146
     -2.607608     31.669185     31.669185     63.338371
     -2.597598     32.437982     32.437982     64.875963
     -2.587588     33.210268     33.210268     66.420537
     -2.577578     33.958709     33.958709     67.917418
     -2.567568     34.556507     34.556507     69.113013
     -2.557558     34.835822     34.835822     69.671645
     -2.547548     34.622821     34.622821     69.245643
     -2.537538     33.753301     33.753301     67.506601
     -2.527528     32.106721     32.106721     64.213441
     -2.517518     29.680456     29.680456     59.360913
     -2.507508     26.674933     26.674933     53.349866
     -2.497497     23.523623     23.523623     47.047246
     -2.487487     20.817226     20.817226     41.634451
     -2.477477     19.131505     19.131505     38.263011
     -2.467467     18.830446     18.830446     37.660892
     -2.457457     19.938622     19.938622     39.877245
     -2.447447     22.146548     22.146548     44.293095
     -2.437437     24.949128     24.949128     49.898256
     -2.427427     27.853701     27.853701     55.707403
     -2.417417     30.560501     30.560501     61.121002
     -2.407407     33.030405     33.030405     66.060810
     -2.397397     35.408198     35.408198     70.816395
     -2.387387     37.840487     37.840487     75.680974
     -2.377377     40.282090     40.282090     80.564180
     -2.367367     42.395311     42.395311     84.790621
     -2.357357     43.605877     43.605877     87.211754
     -2.347347     43.304767     43.304767     86.609535
     -2.337337     41.111835     41.111835     82.223670
     -2.327327     37.082066     37.082066     74.164133
     -2.317317     31.758639     31.758639     63.517277
     -2.307307     26.048060     26.048060     52.096120
     -2.297297     20.972986     20.972986     41.945972
     -2.287287     17.404417     17.404417     34.808834
     -2.277277     15.867282     15.867282     31.734565
     -2.267267     16.466802     16.466802     32.933605
     -2.257257     18.930643     18.930643     37.861287
     -2.247247     22.728572     22.728572     45.457143
     -2.237237     27.220768     27.220768     54.441536
     -2.227227     31.789573     31.789573     63.579146
     -2.217217     35.921499     35.921499     71.842998
     -2.207207     39.227798     39.227798     78.455597
     -2.197197     41.420954     41.420954     82.841907
     -2.187187     42.288051     42.288051     84.576102
     -2.177177     41.701378     41.701378     83.402757
     -2.167167     39.674628     39.674628     79.349255
     -2.157157     36.427191     36.427191     72.854382
     -2.147147     32.393713     32.393713     64.787426
     -2.137137     28.137078     28.137078     56.274156
     -2.127127     24.182880     24.182880     48.365760
     -2.117117     20.851729     20.851729     41.703457
     -2.107107     18.178313     18.178313     36.356627
     -2.097097     15.960127     15.960127     31.920254
     -2.087087     13.904367     13.904367     27.808734
     -2.077077     11.789152     11.789152     23.578304
     -2.067067      9.557371      9.557371     19.114743
     -2.057057      7.310720      7.310720     14.621440
     -2.047047      5.230204      5.230204     10.460409
     -2.037037      3.480548      3.480548      6.961096
     -2.027027      2.147818      2.147818      4.295636
     -2.017017      1.227868      1.227868      2.455735
     -2.007007      0.653211      0.653211      1.306423
     -1.996997      0.333602      0.333602      0.667203
     -1.986987      0.190621      0.190621      0.381242
     -1.976977      0.178847      0.178847      0.357694
     -1.966967      0.295520      0.295520      0.591039
     -1.956957      0.582913      0.582913      1.165826
     -1.946947      1.124271      1.124271      2.248541
     -1.936937      2.029728      2.029728      4.059456
     -1.926927      3.407772      3.407772      6.815543
     -1.916917      5.323070      5.323070     10.646140
     -1.906907      7.751285      7.751285     15.502570
     -1.896897     10.549695     10.549695     21.099390
     -1.886887     13.461805     13.461805     26.923610
     -1.876877     16.162196     16.162196     32.324392
     -1.866867     18.330539     18.330539     36.661077
     -1.856857     19.731247     19.731247     39.462493
     -1.846847     20.273753     20.273753     40.547505
     -1.836837     20.035245     20.035245     40.070491
     -1.826827     19.236747     19.236747     38.473495
     -1.816817     18.173397     18.173397     36.346793
     -1.806807     17.114464     17.114464     34.228928
     -1.796797     16.206988     16.206988     32.413975
     -1.786787     15.426700     15.426700     30.853400
     -1.776777     14.606078     14.606078     29.212157
     -1.766767     13.531750     13.531750     27.063500
     -1.756757     12.063780     12.063780     24.127561
     -1.746747     10.216267     10.216267     20.432534
     -1.736737      8.163286      8.163286     16.326571
     -1.726727      6.179388      6.179388     12.358775
     -1.716717      4.557710      4.557710      9.115421
     -1.706707      3.550062      3.550062      7.100124
     -1.696697      3.345834      3.345834      6.691669
     -1.686687      4.073118      4.073118      8.146236
     -1.676677      5.789689      5.789689     11.579379
     -1.666667      8.443548      8.443548     16.887096
     -1.656657     11.814254     11.814254     23.628509
     -1.646647     15.476745     15.476745     30.953491
     -1.636637     18.836095     18.836095     37.672191
     -1.626627     21.254122     21.254122     42.508244
     -1.616617     22.237930     22.237930     44.475859
     -1.606607     21.616755     21.616755     43.233510
     -1.596597     19.627556     19.627556     39.255112
     -1.586587     16.869010     16.869010     33.738021
     -1.576577     14.143750     14.143750     28.287500
     -1.566567     12.251611     12.251611     24.503222
     -1.556557     11.800188     11.800188     23.600376
     -1.546547     13.072598     13.072598     26.145196
     -1.536537     15.964616     15.964616     31.929232
     -1.526527     19.993649     19.993649     39.987298
     -1.516517     24.384626     24.384626     48.769252
     -1.506507     28.231878     28.231878     56.463755
     -1.496496     30.710891     30.710891     61.421781
     -1.486486     31.282544     31.282544     62.565089
     -1.476476     29.821465     29.821465     59.642930
     -1.466466     26.624169     26.624169     53.248337
     -1.456456     22.300992     22.300992     44.601983
     -1.446446     17.600515     17.600515     35.201029
     -1.436436     13.232561     13.232561     26.465122
     -1.426426      9.741080      9.741080     19.482161
     -1.416416      7.445148      7.445148     14.890297
     -1.406406      6.435709      6.435709     12.871419
     -1.396396      6.603132      6.603132     13.206263
     -1.386386      7.678467      7.678467     15.356934
     -1.376376      9.288137      9.288137     18.576274
     -1.366366     11.029902     11.029902     22.059803
     -1.356356     12.566880     12.566880     25.133761
     -1.346346     13.713154     13.713154     27.426307
     -1.336336     14.470731     14.470731     28.941461
     -1.326326     14.991962     14.991962     29.983924
     -1.316316     15.480404     15.480404     30.960807
     -1.306306     16.080078     16.080078     32.160156
     -1.296296     16.808875     16.808875     33.617750
     -1.286286     17.560868     17.560868     35.121737
     -1.276276     18.158946     18.158946     36.317892
     -1.266266     18.416874     18.416874     36.833747
     -1.256256     18.181745     18.181745     36.363491
     -1.246246     17.356135     17.356135     34.712270
     -1.236236     15.915080     15.915080     31.830161
     -1.226226     13.924268     13.924268     27.848536
     -1.216216     11.547015     11.547015     23.094029
     -1.206206      9.022216      9.022216     18.044432
     -1.196196      6.611231      6.611231     13.222461
     -1.186186      4.534366      4.534366      9.068732
     -1.176176      2.927039      2.927039      5.854079
     -1.166166      1.834409      1.834409      3.668817
     -1.156156      1.241192      1.241192      2.482384
     -1.146146      1.115863      1.115863      2.231725
     -1.136136      1.443933      1.443933      2.887866
     -1.126126      2.232434      2.232434      4.464869
     -1.116116      3.481710      3.481710      6.963420
     -1.106106      5.136729      5.136729     10.273458
     -1.096096      7.043985      7.043985     14.087969
     -1.086086      8.944987      8.944987     17.889974
     -1.076076     10.526260     10.526260     21.052521
     -1.066066     11.518327     11.518327     23.036654
     -1.056056     11.804469     11.804469     23.608939
     -1.046046     11.484154     11.484154     22.968308
     -1.036036     10.850105     10.850105     21.700209
     -1.026026     10.278106     10.278106     20.556212
     -1.016016     10.073368     10.073368     20.146737
     -1.006006     10.341653     10.341653     20.683306
     -0.995996     10.944071     10.944071     21.888141
     -0.985986     11.556387     11.556387     23.112775
     -0.975976     11.805512     11.805512     23.611024
     -0.965966     11.420896     11.420896     22.841791
     -0.955956     10.334116     10.334116     20.668233
     -0.945946      8.688302      8.688302     17.376603
     -0.935936      6.764653      6.764653     13.529305
     -0.925926      4.870679      4.870679      9.741357
     -0.915916      3.244346      3.244346      6.488693
     -0.905906      2.009323      2.009323      4.018646
     -0.895896      1.185103      1.185103      2.370206
     -0.885886      0.731694      0.731694      1.463388
     -0.875876      0.601337      0.601337      1.202674
     -0.865866      0.775940      0.775940      1.551881
     -0.855856      1.279140      1.279140      2.558281
     -0.845846      2.160079      2.160079      4.320158
     -0.835836      3.452618      3.452618      6.905235
     -0.825826      5.122163      5.122163     10.244325
     -0.815816      7.022290      7.022290     14.044580
     -0.805806      8.888067      8.888067     17.776134
     -0.795796     10.383602     10.383602     20.767203
     -0.785786     11.196469     11.196469     22.392938
     -0.775776     11.143003     11.143003     22.286005
     -0.765766     10.235538     10.235538     20.471077
     -0.755756      8.677748      8.677748     17.355497
     -0.745746      6.790401      6.790401     13.580801
     -0.735736      4.904525      4.904525      9.809051
     -0.725726      3.270553      3.270553      6.541106
     -0.715716      2.016185      2.016185      4.032370
     -0.705706      1.156628      1.156628      2.313257
     -0.695696      0.637892      0.637892      1.275785
     -0.685686      0.387512      0.387512      0.775023
     -0.675676      0.354461      0.354461      0.708923
     -0.665666      0.530995      0.530995      1.061990
     -0.655656      0.955647      0.955647      1.911294
     -0.645646      1.697515      1.697515      3.395030
     -0.635636      2.821829      2.821829      5.643658
     -0.625626      4.341275      4.341275      8.682551
     -0.615616      6.167670      6.167670     12.335340
     -0.605606      8.088287      8.088287     16.176574
     -0.595596      9.790108      9.790108     19.580217
     -0.585586     10.937221     10.937221     21.874442
     -0.575576     11.277522     11.277522     22.555043
     -0.565566     10.732657     10.732657     21.465314
     -0.555556      9.427308      9.427308     18.854616
     -0.545546      7.642844      7.642844     15.285688
     -0.535536      5.718856      5.718856     11.437712
     -0.525526      3.949573      3.949573      7.899146
     -0.515516      2.517549      2.517549      5.035099
     -0.505506      1.481128      1.481128      2.962257
     -0.495495      0.804256      0.804256      1.608512
     -0.485485      0.403072      0.403072      0.806144
     -0.475475      0.186448      0.186448      0.372896
     -0.465465      0.079601      0.079601      0.159203
     -0.455455      0.031367      0.031367      0.062733
     -0.445445      0.011408      0.011408      0.022816
     -0.435435      0.003830      0.003830      0.007660
     -0.425425      0.001189      0.001189      0.002378
     -0.415415      0.000351      0.000351      0.000702
     -0.405405      0.000139      0.000139      0.000278
     -0.395395      0.000215      0.000215      0.000430
     -0.385385      0.000704      0.000704      0.001407
     -0.375375      0.002336      0.002336      0.004671
     -0.365365      0.007199      0.007199      0.014399
     -0.355355      0.020490      0.020490      0.040980
     -0.345345      0.053825      0.053825      0.107650
     -0.335335      0.130502      0.130502      0.261004
     -0.325325      0.292036      0.292036      0.584072
     -0.315315      0.603174      0.603174      1.206348
     -0.305305      1.149835      1.149835      2.299670
     -0.295295      2.023091      2.023091      4.046182
     -0.285285      3.285354      3.285354      6.570708
     -0.275275      4.924201      4.924201      9.848402
     -0.265265      6.812025      6.812025     13.624049
     -0.255255      8.697681      8.697681     17.395362
     -0.245245     10.249852     10.249852     20.499705
     -0.235235     11.148555     11.148555     22.297110
     -0.225225     11.191967     11.191967     22.383934
     -0.215215     10.370056     10.370056     20.740112
     -0.205205      8.868346      8.868346     17.736692
     -0.195195      6.999887      6.999887     13.999773
     -0.185185      5.099484      5.099484     10.198968
     -0.175175      3.428849      3.428849      6.857697
     -0.165165      2.127929      2.127929      4.255859
     -0.155155      1.218858      1.218858      2.437715
     -0.145145      0.644370      0.644370      1.288741
     -0.135135      0.314416      0.314416      0.628833
     -0.125125      0.141599      0.141599      0.283199
     -0.115115      0.058858      0.058858      0.117716
     -0.105105      0.022581      0.022581      0.045161
     -0.095095      0.007996      0.007996      0.015991
     -0.085085      0.002613      0.002613      0.005226
     -0.075075      0.000788      0.000788      0.001576
     -0.065065      0.000219      0.000219      0.000439
     -0.055055      0.000056      0.000056      0.000113
     -0.045045      0.000013      0.000013      0.000027
     -0.035035      0.000003      0.000003      0.000006
     -0.025025      0.000001      0.000001      0.000001
     -0.015015      0.000000      0.000000      0.000000
     -0.005005      0.000000      0.000000      0.000000
      0.005005      0.000000      0.000000      0.000000
      0.015015      0.000000      0.000000      0.000000
      0.025025      0.000001      0.000001      0.000001
      0.035035      0.000003      0.000003      0.000006
      0.045045      0.000013      0.000013      0.000027
      0.055055      0.000056      0.000056      0.000113
      0.065065      0.000219      0.000219      0.000439
      0.075075      0.000788      0.000788      0.001576
      0.085085      0.002613      0.002613      0.005226
      0.095095      0.007996      0.007996      0.015991
      0.105105      0.022581      0.022581      0.045161
      0.115115      0.058858      0.058858      0.117716
      0.125125      0.141599      0.141599      0.283199
      0.135135      0.314416      0.314416      0.628833
      0.145145      0.644370      0.644370      1.288741
      0.155155      1.218858      1.218858      2.437715
      0.165165      2.127929      2.127929      4.255859
      0.175175      3.428849      3.428849      6.857697
      0.185185      5.099484      5.099484     10.198968
      0.195195      6.999887      6.999887     13.999773
      0.205205      8.868346      8.868346     17.736692
      0.215215     10.370056     10.370056     20.740112
      0.225225     11.191967     11.191967     22.383934
      0.235235     11.148555     11.148555     22.297110
      0.245245     10.249852     10.249852     20.499705
      0.255255      8.697681      8.697681     17.395362
      0.265265      6.812025      6.812025     13.624049
      0.275275      4.924201      4.924201      9.848402
      0.285285      3.285354      3.285354      6.570708
      0.295295      2.023091      2.023091      4.046182
      0.305305      1.149835      1.149835      2.299670
      0.315315      0.603174      0.603174      1.206348
      0.325325      0.292036      0.292036      0.584072
      0.335335      0.130502      0.130502      0.261004
      0.345345      0.053825      0.053825      0.107650
      0.355355      0.020490      0.020490      0.040980
      0.365365      0.007199      0.007199      0.014398
      0.375375      0.002335      0.002335      0.004670
      0.385385      0.000700      0.000700      0.001400
      0.395395      0.000199      0.000199      0.000397
      0.405405      0.000074      0.000074      0.000148
      0.415415      0.000113      0.000113      0.000225
      0.425425      0.000382      0.000382      0.000765
      0.435435      0.001320      0.001320      0.002640
      0.445445      0.004229      0.004229      0.008457
      0.455455      0.012509      0.012509      0.025017
      0.465465      0.034152      0.034152      0.068303
      0.475475      0.086060      0.086060      0.172120
      0.485485      0.200161      0.200161      0.400323
      0.495495      0.429680      0.429680      0.859361
      0.505506      0.851329      0.851329      1.702658
      0.515516      1.556812      1.556812      3.113624
      0.525526      2.627616      2.627616      5.255231
      0.535536      4.093307      4.093307      8.186615
      0.545546      5.885370      5.885370     11.770740
      0.555556      7.810166      7.810166     15.620333
      0.565566      9.566090      9.566090     19.132179
      0.575576     10.814297     10.814297     21.628593
      0.585586     11.283894     11.283894     22.567788
      0.595596     10.867811     10.867811     21.735623
      0.605606      9.663574      9.663574     19.327149
      0.615616      7.938989      7.938989     15.877979
      0.625626      6.041552      6.041552     12.083103
      0.635636      4.297291      4.297291      8.594582
      0.645646      2.943545      2.943545      5.887090
      0.655656      2.114465      2.114465      4.228931
      0.665666      1.866481      1.866481      3.732962
      0.675676      2.212282      2.212282      4.424563
      0.685686      3.134128      3.134128      6.268256
      0.695696      4.566358      4.566358      9.132716
      0.705706      6.361562      6.361562     12.723124
      0.715716      8.271952      8.271952     16.543903
      0.725726      9.976290      9.976290     19.952580
      0.735736     11.160645     11.160645     22.321290
      0.745746     11.627781     11.627781     23.255563
      0.755756     11.384900     11.384900     22.769801
      0.765766     10.660544     10.660544     21.321088
      0.775776      9.831482      9.831482     19.662964
      0.785786      9.283479      9.283479     18.566957
      0.795796      9.262341      9.262341     18.524683
      0.805806      9.777456      9.777456     19.554912
      0.815816     10.598081     10.598081     21.196162
      0.825826     11.343927     11.343927     22.687853
      0.835836     11.632175     11.632175     23.264351
      0.845846     11.219393     11.219393     22.438786
      0.855856     10.080298     10.080298     20.160596
      0.865866      8.396105      8.396105     16.792210
      0.875876      6.468052      6.468052     12.936104
      0.885886      4.603428      4.603428      9.206856
      0.895896      3.025350      3.025350      6.050701
      0.905906      1.835485      1.835485      3.670970
      0.915916      1.027922      1.027922      2.055844
      0.925926      0.531380      0.531380      1.062760
      0.935936      0.253676      0.253676      0.507353
      0.945946      0.112272      0.112272      0.224544
      0.955956      0.047530      0.047530      0.095059
      0.965966      0.023717      0.023717      0.047435
      0.975976      0.025068      0.025068      0.050137
      0.985986      0.052568      0.052568      0.105135
      0.995996      0.124253      0.124253      0.248506
      1.006006      0.278962      0.278962      0.557924
      1.016016      0.580619      0.580619      1.161239
      1.026026      1.117493      1.117493      2.234987
      1.036036      1.989653      1.989653      3.979305
      1.046046      3.280702      3.280702      6.561404
      1.056056      5.018215      5.018215     10.036430
      1.066066      7.138385      7.138385     14.276769
      1.076076      9.476484      9.476484     18.952967
      1.086086     11.797293     11.797293     23.594587
      1.096096     13.858470     13.858470     27.716940
      1.106106     15.477338     15.477338     30.954676
      1.116116     16.566587     16.566587     33.133173
      1.126126     17.124940     17.124940     34.249879
      1.136136     17.201475     17.201475     34.402951
      1.146146     16.869525     16.869525     33.739050
      1.156156     16.231173     16.231173     32.462346
      1.166166     15.438198     15.438198     30.876396
      1.176176     14.692184     14.692184     29.384369
      1.186186     14.199053     14.199053     28.398106
      1.196196     14.093096     14.093096     28.186191
      1.206206     14.378195     14.378195     28.756389
      1.216216     14.929049     14.929049     29.858098
      1.226226     15.554124     15.554124     31.108248
      1.236236     16.077523     16.077523     32.155046
      1.246246     16.385784     16.385784     32.771567
      1.256256     16.417035     16.417035     32.834070
      1.266266     16.117666     16.117666     32.235331
      1.276276     15.415905     15.415905     30.831810
      1.286286     14.243497     14.243497     28.486994
      1.296296     12.593227     12.593227     25.186455
      1.306306     10.568902     10.568902     21.137804
      1.316316      8.389938      8.389938     16.779876
      1.326326      6.347157      6.347157     12.694314
      1.336336      4.739344      4.739344      9.478688
      1.346346      3.826240      3.826240      7.652479
      1.356356      3.811869      3.811869      7.623738
      1.366366      4.842853      4.842853      9.685706
      1.376376      6.993379      6.993379     13.986759
      1.386386     10.221626     10.221626     20.443251
      1.396396     14.312355     14.312355     28.624711
      1.406406     18.845413     18.845413     37.690827
      1.416416     23.229766     23.229766     46.459532
      1.426426     26.813201     26.813201     53.626402
      1.436436     29.035581     29.035581     58.071162
      1.446446     29.566564     29.566564     59.133129
      1.456456     28.375416     28.375416     56.750831
      1.466466     25.715159     25.715159     51.430319
      1.476476     22.041319     22.041319     44.082639
      1.486486     17.904240     17.904240     35.808481
      1.496496     13.849447     13.849447     27.698893
      1.506507     10.344389     10.344389     20.688779
      1.516517      7.735339      7.735339     15.470679
      1.526527      6.229530      6.229530     12.459060
      1.536537      5.893744      5.893744     11.787488
      1.546547      6.661000      6.661000     13.321999
      1.556557      8.342754      8.342754     16.685509
      1.566567     10.652059     10.652059     21.304118
      1.576577     13.245760     13.245760     26.491519
      1.586587     15.785984     15.785984     31.571969
      1.596597     18.007443     18.007443     36.014886
      1.606607     19.769207     19.769207     39.538415
      1.616617     21.074904     21.074904     42.149807
      1.626627     22.058539     22.058539     44.117079
      1.636637     22.942877     22.942877     45.885754
      1.646647     23.978105     23.978105     47.956211
      1.656657     25.367237     25.367237     50.734473
      1.666667     27.190600     27.190600     54.381199
      1.676677     29.354361     29.354361     58.708722
      1.686687     31.594210     31.594210     63.188420
      1.696697     33.551222     33.551222     67.102444
      1.706707     34.901557     34.901557     69.803115
      1.716717     35.482889     35.482889     70.965777
      1.726727     35.346725     35.346725     70.693449
      1.736737     34.697118     34.697118     69.394236
      1.746747     33.743752     33.743752     67.487503
      1.756757     32.559904     32.559904     65.119808
      1.766767     31.044389     31.044389     62.088777
      1.776777     29.024855     29.024855     58.049709
      1.786787     26.444648     26.444648     52.889296
      1.796797     23.513188     23.513188     47.026376
      1.806807     20.715144     20.715144     41.430288
      1.816817     18.655193     18.655193     37.310386
      1.826827     17.808208     17.808208     35.616416
      1.836837     18.295156     18.295156     36.590311
      1.846847     19.792479     19.792479     39.584958
      1.856857     21.621934     21.621934     43.243868
      1.866867     22.989378     22.989378     45.978755
      1.876877     23.276267     23.276267     46.552535
      1.886887     22.262609     22.262609     44.525217
      1.896897     20.188391     20.188391     40.376782
      1.906907     17.632748     17.632748     35.265496
      1.916917     15.272132     15.272132     30.544264
      1.926927     13.629277     13.629277     27.258554
      1.936937     12.919910     12.919910     25.839820
      1.946947     13.050788     13.050788     26.101576
      1.956957     13.749619     13.749619     27.499237
      1.966967     14.748094     14.748094     29.496189
      1.976977     15.918539     15.918539     31.837077
      1.986987     17.292434     17.292434     34.584868
      1.996997     18.955678     18.955678     37.911356
      2.007007     20.889407     20.889407     41.778815
      2.017017     22.863869     22.863869     45.727737
      2.027027     24.466770     24.466770     48.933540
      2.037037     25.265585     25.265585     50.531169
      2.047047     25.014593     25.014593     50.029186
      2.057057     23.781863     23.781863     47.563726
      2.067067     21.916538     21.916538     43.833075
      2.077077     19.874860     19.874860     39.749720
      2.087087     18.009098     18.009098     36.018197
      2.097097     16.440787     16.440787     32.881574
      2.107107     15.081158     15.081158     30.162316
      2.117117     13.770490     13.770490     27.540980
      2.127127     12.444048     12.444048     24.888096
      2.137137     11.229692     11.229692     22.459385
      2.147147     10.431984     10.431984     20.863967
      2.157157     10.421155     10.421155     20.842310
      2.167167     11.485620     11.485620     22.971239
      2.177177     13.709991     13.709991     27.419981
      2.187187     16.917468     16.917468     33.834937
      2.197197     20.685749     20.685749     41.371498
      2.207207     24.423920     24.423920     48.847839
      2.217217     27.487941     27.487941     54.975883
      2.227227     29.310271     29.310271     58.620542
      2.237237     29.518942     29.518942     59.037884
      2.247247     28.020410     28.020410     56.040820
      2.257257     25.022111     25.022111     50.044222
      2.267267     20.981754     20.981754     41.963509
      2.277277     16.493129     16.493129     32.986258
      2.287287     12.144217     12.144217     24.288435
      2.297297      8.397202      8.397202     16.794404
      2.307307      5.530794      5.530794     11.061588
      2.317317      3.656832      3.656832      7.313665
      2.327327      2.790934      2.790934      5.581868
      2.337337      2.937114      2.937114      5.874227
      2.347347      4.145216      4.145216      8.290433
      2.357357      6.513883      6.513883     13.027765
      2.367367     10.133173     10.133173     20.266346
      2.377377     14.983807     14.983807     29.967614
      2.387387     20.829913     20.829913     41.659825
      2.397397     27.153654     27.153654     54.307309
      2.407407     33.175985     33.175985     66.351970
      2.417417     37.983236     37.983236     75.966473
      2.427427     40.738018     40.738018     81.476036
      2.437437     40.910118     40.910118     81.820236
      2.447447     38.441256     38.441256     76.882511
      2.457457     33.773886     33.773886     67.547772
      2.467467     27.727298     27.727298     55.454596
      2.477477     21.269591     21.269591     42.539183
      2.487487     15.276896     15.276896     30.553791
      2.497497     10.368200     10.368200     20.736399
      2.507508      6.859539      6.859539     13.719077
      2.517518      4.822590      4.822590      9.645179
      2.527528      4.191742      4.191742      8.383485
      2.537538      4.857042      4.857042      9.714083
      2.547548      6.703784      6.703784     13.407568
      2.557558      9.595412      9.595412     19.190823
      2.567568     13.325935     13.325935     26.651870
      2.577578     17.580039     17.580039     35.160079
      2.587588     21.931911     21.931911     43.863822
      2.597598     25.894467     25.894467     51.788934
      2.607608     29.008996     29.008996     58.017991
      2.617618     30.948847     30.948847     61.897694
      2.627628     31.603203     31.603203     63.206406
      2.637638     31.109823     31.109823     62.219646
      2.647648     29.820811     29.820811     59.641623
      2.657658     28.211124     28.211124     56.422248
      2.667668     26.765121     26.765121     53.530243
      2.677678     25.885267     25.885267     51.770535
      2.687688     25.849863     25.849863     51.699727
      2.697698     26.813726     26.813726     53.627452
      2.707708     28.821154     28.821154     57.642308
      2.717718     31.802381     31.802381     63.604761
      2.727728     35.549159     35.549159     71.098317
      2.737738     39.691704     39.691704     79.383408
      2.747748     43.709536     43.709536     87.419071
      2.757758     46.998809     46.998809     93.997617
      2.767768     48.995169     48.995169     97.990338
      2.777778     49.322767     49.322767     98.645534
      2.787788     47.916539     47.916539     95.833079
      2.797798     45.059802     45.059802     90.119604
      2.807808     41.304591     41.304591     82.609183
      2.817818     37.294014     37.294014     74.588028
      2.827828     33.557674     33.557674     67.115349
      2.837838     30.369241     30.369241     60.738482
      2.847848     27.724743     27.724743     55.449485
      2.857858     25.438795     25.438795     50.877590
      2.867868     23.299857     23.299857     46.599713
      2.877878     21.203865     21.203865     42.407730
      2.887888     19.204602     19.204602     38.409203
      2.897898     17.465286     17.465286     34.930572
      2.907908     16.146590     16.146590     32.293180
      2.917918     15.298362     15.298362     30.596725
      2.927928     14.819266     14.819266     29.638531
      2.937938     14.508853     14.508853     29.017706
      2.947948     14.180187     14.180187     28.360373
      2.957958     13.761840     13.761840     27.523681
      2.967968     13.323026     13.323026     26.646052
      2.977978     13.004010     13.004010     26.008020
      2.987988     12.895380     12.895380     25.790760
      2.997998     12.943489     12.943489     25.886978
      3.008008     12.943224     12.943224     25.886449
      3.018018     12.624417     12.624417     25.248834
      3.028028     11.781289     11.781289     23.562577
      3.038038     10.371545     10.371545     20.743090
      3.048048      8.534677      8.534677     17.069354
      3.058058      6.528800      6.528800     13.057601
      3.068068      4.628155      4.628155      9.256310
      3.078078      3.035000      3.035000      6.070000
      3.088088      1.839913      1.839913      3.679826
      3.098098      1.032567      1.032567      2.065135
      3.108108      0.542236      0.542236      1.084471
      3.118118      0.282862      0.282862      0.565723
      3.128128      0.186900      0.186900      0.373800
      3.138138      0.224498      0.224498      0.448997
      3.148148      0.411725      0.411725      0.823450
      3.158158      0.811447      0.811447      1.622893
      3.168168      1.525970      1.525970      3.051940
      3.178178      2.676746      2.676746      5.353493
      3.188188      4.367500      4.367500      8.734999
      3.198198      6.634615      6.634615     13.269230
      3.208208      9.399228      9.399228     18.798456
      3.218218     12.442322     12.442322     24.884645
      3.228228     15.420757     15.420757     30.841513
      3.238238     17.927992     17.927992     35.855984
      3.248248     19.585363     19.585363     39.170725
      3.258258     20.137556     20.137556     40.275112
      3.268268     19.524589     19.524589     39.049178
      3.278278     17.909893     17.909893     35.819786
      3.288288     15.655125     15.655125     31.310251
      3.298298     13.244063     13.244063     26.488125
      3.308308     11.170108     11.170108     22.340215
      3.318318      9.813608      9.813608     19.627216
      3.328328      9.342764      9.342764     18.685529
      3.338338      9.670979      9.670979     19.341958
      3.348348     10.491149     10.491149     20.982299
      3.358358     11.384075     11.384075     22.768150
      3.368368     11.969199     11.969199     23.938398
      3.378378     12.042957     12.042957     24.085914
      3.388388     11.647163     11.647163     23.294326
      3.398398     11.034741     11.034741     22.069483
      3.408408     10.544916     10.544916     21.089832
      3.418418     10.443258     10.443258     20.886517
      3.428428     10.800505     10.800505     21.601010
      3.438438     11.466962     11.466962     22.933924
      3.448448     12.153901     12.153901     24.307803
      3.458458     12.581085     12.581085     25.162169
      3.468468     12.616068     12.616068     25.232135
      3.478478     12.334272     12.334272     24.668544
      3.488488     11.969434     11.969434     23.938867
      3.498498     11.782227     11.782227     23.564454
      3.508509     11.919308     11.919308     23.838616
      3.518519     12.340147     12.340147     24.680295
      3.528529     12.850656     12.850656     25.701312
      3.538539     13.221588     13.221588     26.443175
      3.548549     13.320891     13.320891     26.641782
      3.558559     13.181493     13.181493     26.362987
      3.568569     12.964947     12.964947     25.929895
      3.578579     12.844342     12.844342     25.688684
      3.588589     12.878653     12.878653     25.757306
      3.598599     12.955167     12.955167     25.910334
      3.608609     12.834360     12.834360     25.668721
      3.618619     12.269891     12.269891     24.539782
      3.628629     11.134182     11.134182     22.268365
      3.638639      9.482136      9.482136     18.964272
      3.648649      7.526643      7.526643     15.053285
      3.658659      5.550380      5.550380     11.100760
      3.668669      3.807216      3.807216      7.614432
      3.678679      2.460733      2.460733      4.921467
      3.688689      1.577979      1.577979      3.155958
      3.698699      1.165549      1.165549      2.331099
      3.708709      1.218842      1.218842      2.437683
      3.718719      1.756362      1.756362      3.512724
      3.728729      2.822824      2.822824      5.645647
      3.738739      4.459945      4.459945      8.919891
      3.748749      6.657855      6.657855     13.315711
      3.758759      9.309494      9.309494     18.618988
      3.768769     12.191376     12.191376     24.382752
      3.778779     14.984034     14.984034     29.968069
      3.788789     17.328142     17.328142     34.656284
      3.798799     18.897312     18.897312     37.794623
      3.808809     19.464617     19.464617     38.929234
      3.818819     18.946809     18.946809     37.893617
      3.828829     17.419855     17.419855     34.839710
      3.838839     15.104699     15.104699     30.209399
      3.848849     12.324128     12.324128     24.648255
      3.858859      9.436577      9.436577     18.873154
      3.868869      6.762136      6.762136     13.524273
      3.878879      4.523080      4.523080      9.046161
      3.888889      2.817851      2.817851      5.635702
      3.898899      1.633260      1.633260      3.266520
      3.908909      0.883663      0.883663      1.767326
      3.918919      0.457948      0.457948      0.915897
      3.928929      0.258350      0.258350      0.516701
      3.938939      0.224426      0.224426      0.448852
      3.948949      0.343534      0.343534      0.687068
      3.958959      0.651439      0.651439      1.302877
      3.968969      1.223982      1.223982      2.447963
      3.978979      2.157435      2.157435      4.314869
      3.988989      3.536192      3.536192      7.072384
      3.998999      5.393771      5.393771     10.787542
      4.009009      7.682988      7.682988     15.365976
      4.019019     10.274659     10.274659     20.549319
      4.029029     12.993191     12.993191     25.986382
      4.039039     15.673802     15.673802     31.347604
      4.049049     18.205505     18.205505     36.411010
      4.059059     20.526465     20.526465     41.052931
      4.069069     22.570119     22.570119     45.140238
      4.079079     24.202386     24.202386     48.404772
      4.089089     25.208611     25.208611     50.417221
      4.099099     25.362409     25.362409     50.724818
      4.109109     24.550747     24.550747     49.101495
      4.119119     22.881163     22.881163     45.762326
      4.129129     20.695932     20.695932     41.391864
      4.139139     18.468809     18.468809     36.937618
      4.149149     16.630505     16.630505     33.261011
      4.159159     15.413563     15.413563     30.827125
      4.169169     14.797524     14.797524     29.595047
      4.179179     14.577935     14.577935     29.155870
      4.189189     14.512829     14.512829     29.025657
      4.199199     14.459940     14.459940     28.919881
      4.209209     14.430333     14.430333     28.860665
      4.219219     14.540041     14.540041     29.080083
      4.229229     14.903997     14.903997     29.807995
      4.239239     15.545408     15.545408     31.090817
      4.249249     16.372782     16.372782     32.745564
      4.259259     17.225297     17.225297     34.450594
      4.269269     17.944925     17.944925     35.889850
      4.279279     18.428762     18.428762     36.857524
      4.289289     18.642858     18.642858     37.285716
      4.299299     18.609542     18.609542     37.219084
      4.309309     18.388322     18.388322     36.776644
      4.319319     18.057556     18.057556     36.115113
      4.329329     17.693005     17.693005     35.386009
      4.339339     17.345952     17.345952     34.691903
      4.349349     17.038291     17.038291     34.076581
      4.359359     16.790450     16.790450     33.580901
      4.369369     16.671037     16.671037     33.342074
      4.379379     16.825133     16.825133     33.650266
      4.389389     17.435429     17.435429     34.870857
      4.399399     18.610665     18.610665     37.221331
      4.409409     20.255546     20.255546     40.511092
      4.419419     22.009328     22.009328     44.018656
      4.429429     23.315228     23.315228     46.630455
      4.439439     23.609239     23.609239     47.218478
      4.449449     22.541959     22.541959     45.083919
      4.459459     20.121612     20.121612     40.243224
      4.469469     16.708610     16.708610     33.417219
      4.479479     12.873528     12.873528     25.747056
      4.489489      9.198418      9.198418     18.396835
      4.499499      6.117024      6.117024     12.234049
      4.509510      3.852481      3.852481      7.704962
      4.519520      2.453024      2.453024      4.906048
      4.529530      1.883038      1.883038      3.766076
      4.539540      2.114379      2.114379      4.228759
      4.549550      3.175534      3.175534      6.351068
      4.559560      5.139543      5.139543     10.279086
      4.569570      8.056397      8.056397     16.112794
      4.579580     11.858761     11.858761     23.717521
      4.589590     16.287012     16.287012     32.574024
      4.599600     20.880973     20.880973     41.761946
      4.609610     25.062640     25.062640     50.125280
      4.619620     28.291608     28.291608     56.583215
      4.629630     30.234276     30.234276     60.468552
      4.639640     30.874755     30.874755     61.749509
      4.649650     30.518709     30.518709     61.037418
      4.659660     29.686817     29.686817     59.373634
      4.669670     28.937121     28.937121     57.874241
      4.679680     28.678782     28.678782     57.357563
      4.689690     29.041002     29.041002     58.082005
      4.699700     29.842756     29.842756     59.685512
      4.709710     30.673665     30.673665     61.347330
      4.719720     31.052035     31.052035     62.104069
      4.729730     30.593192     30.593192     61.186384
      4.739740     29.122039     29.122039     58.244077
      4.749750     26.699987     26.699987     53.399973
      4.759760     23.582805     23.582805     47.165609
      4.769770     20.149482     20.149482     40.298963
      4.779780     16.832231     16.832231     33.664462
      4.789790     14.052797     14.052797     28.105595
      4.799800     12.157872     12.157872     24.315744
      4.809810     11.356540     11.356540     22.713080
      4.819820     11.680894     11.680894     23.361789
      4.829830     12.994600     12.994600     25.989199
      4.839840     15.053615     15.053615     30.107231
      4.849850     17.590830     17.590830     35.181660
      4.859860     20.377504     20.377504     40.755008
      4.869870     23.228374     23.228374     46.456748
      4.879880     25.958836     25.958836     51.917673
      4.889890     28.341730     28.341730     56.683460
      4.899900     30.114636     30.114636     60.229273
      4.909910     31.049625     31.049625     62.099249
      4.919920     31.045604     31.045604     62.091208
      4.929930     30.180922     30.180922     60.361844
      4.939940     28.688091     28.688091     57.376182
      4.949950     26.862135     26.862135     53.724269
      4.959960     24.950894     24.950894     49.901787
      4.969970     23.078543     23.078543     46.157086
      4.979980     21.230159     21.230159     42.460319
      4.989990     19.295827     19.295827     38.591655
      5.000000     17.150728     17.150728     34.301456
