# EIG2DOS: Utility for SIESTA to obtain the electronic density of states
#  E. Artacho, Apr 1999, A. Garcia, Apr 2012
#  Nick R. Papior, Feb 2017
# ------------------------------------------
# Eigenvalues calculated from a non-polarized calculation
# Eigenvalues read from siesta.EIG
# Kpoint weights read from siesta.KP
# Using smearing parameter:   0.0500
# Using 1000 points in the energy range
# Selected bands: 1 to: 2981
# Emin, Emax in file for selected band(s):    -27.1753735    218.3738320
# Nbands, Nspin, Nk   =   2981     1     1
# E_F                 =    -4.2304 eV --> (shifted to ZERO)
# Broadening          =     0.0500 eV
#
#        E            N(up)  (=)   N(down)         Ntot
     -5.000000     34.695804     34.695804     69.391609
     -4.989990     38.752995     38.752995     77.505990
     -4.979980     42.085422     42.085422     84.170844
     -4.969970     44.169788     44.169788     88.339576
     -4.959960     44.662664     44.662664     89.325328
     -4.949950     43.512079     43.512079     87.024157
     -4.939940     40.984971     40.984971     81.969941
     -4.929930     37.616260     37.616260     75.232520
     -4.919920     34.115304     34.115304     68.230607
     -4.909910     31.263174     31.263174     62.526348
     -4.899900     29.806700     29.806700     59.613400
     -4.889890     30.331130     30.331130     60.662260
     -4.879880     33.101561     33.101561     66.203121
     -4.869870     37.907172     37.907172     75.814344
     -4.859860     43.989720     43.989720     87.979441
     -4.849850     50.141629     50.141629    100.283258
     -4.839840     54.995878     54.995878    109.991755
     -4.829830     57.426269     57.426269    114.852538
     -4.819820     56.897709     56.897709    113.795419
     -4.809810     53.610686     53.610686    107.221372
     -4.799800     48.378845     48.378845     96.757690
     -4.789790     42.308444     42.308444     84.616889
     -4.779780     36.434329     36.434329     72.868658
     -4.769770     31.462114     31.462114     62.924228
     -4.759760     27.686506     27.686506     55.373012
     -4.749750     25.060997     25.060997     50.121995
     -4.739740     23.339679     23.339679     46.679358
     -4.729730     22.212746     22.212746     44.425493
     -4.719720     21.392293     21.392293     42.784587
     -4.709710     20.644601     20.644601     41.289201
     -4.699700     19.792209     19.792209     39.584418
     -4.689690     18.718646     18.718646     37.437291
     -4.679680     17.399823     17.399823     34.799646
     -4.669670     15.961718     15.961718     31.923436
     -4.659660     14.735162     14.735162     29.470325
     -4.649650     14.262231     14.262231     28.524462
     -4.639640     15.216082     15.216082     30.432164
     -4.629630     18.225731     18.225731     36.451462
     -4.619620     23.638881     23.638881     47.277761
     -4.609610     31.296765     31.296765     62.593530
     -4.599600     40.419358     40.419358     80.838716
     -4.589590     49.687165     49.687165     99.374331
     -4.579580     57.543508     57.543508    115.087017
     -4.569570     62.642313     62.642313    125.284626
     -4.559560     64.279060     64.279060    128.558119
     -4.549550     62.624249     62.624249    125.248498
     -4.539540     58.652765     58.652765    117.305529
     -4.529530     53.794614     53.794614    107.589229
     -4.519520     49.451474     49.451474     98.902948
     -4.509510     46.569076     46.569076     93.138153
     -4.499499     45.413798     45.413798     90.827597
     -4.489489     45.604436     45.604436     91.208873
     -4.479479     46.347962     46.347962     92.695924
     -4.469469     46.763005     46.763005     93.526010
     -4.459459     46.165477     46.165477     92.330953
     -4.449449     44.230746     44.230746     88.461491
     -4.439439     41.011773     41.011773     82.023545
     -4.429429     36.851441     36.851441     73.702882
     -4.419419     32.255216     32.255216     64.510432
     -4.409409     27.779433     27.779433     55.558866
     -4.399399     23.954268     23.954268     47.908536
     -4.389389     21.226181     21.226181     42.452361
     -4.379379     19.896612     19.896612     39.793223
     -4.369369     20.055671     20.055671     40.111342
     -4.359359     21.540611     21.540611     43.081222
     -4.349349     23.959567     23.959567     47.919133
     -4.339339     26.797006     26.797006     53.594013
     -4.329329     29.572174     29.572174     59.144347
     -4.319319     31.986733     31.986733     63.973466
     -4.309309     33.997527     33.997527     67.995054
     -4.299299     35.784363     35.784363     71.568727
     -4.289289     37.628469     37.628469     75.256938
     -4.279279     39.749676     39.749676     79.499351
     -4.269269     42.160628     42.160628     84.321257
     -4.259259     44.590768     44.590768     89.181536
     -4.249249     46.518080     46.518080     93.036160
     -4.239239     47.318651     47.318651     94.637301
     -4.229229     46.498025     46.498025     92.996051
     -4.219219     43.917552     43.917552     87.835104
     -4.209209     39.907396     39.907396     79.814791
     -4.199199     35.195187     35.195187     70.390374
     -4.189189     30.667368     30.667368     61.334735
     -4.179179     27.069576     27.069576     54.139153
     -4.169169     24.785246     24.785246     49.570492
     -4.159159     23.786911     23.786911     47.573822
     -4.149149     23.762563     23.762563     47.525127
     -4.139139     24.335435     24.335435     48.670870
     -4.129129     25.261179     25.261179     50.522358
     -4.119119     26.508684     26.508684     53.017367
     -4.109109     28.191271     28.191271     56.382543
     -4.099099     30.387679     30.387679     60.775357
     -4.089089     32.950989     32.950989     65.901977
     -4.079079     35.421848     35.421848     70.843696
     -4.069069     37.120656     37.120656     74.241313
     -4.059059     37.400276     37.400276     74.800552
     -4.049049     35.942942     35.942942     71.885884
     -4.039039     32.945761     32.945761     65.891521
     -4.029029     29.091887     29.091887     58.183774
     -4.019019     25.320914     25.320914     50.641828
     -4.009009     22.518018     22.518018     45.036036
     -3.998999     21.270899     21.270899     42.541799
     -3.988989     21.785391     21.785391     43.570782
     -3.978979     23.951974     23.951974     47.903949
     -3.968969     27.483032     27.483032     54.966064
     -3.958959     32.033303     32.033303     64.066606
     -3.948949     37.262874     37.262874     74.525748
     -3.938939     42.857534     42.857534     85.715069
     -3.928929     48.542575     48.542575     97.085150
     -3.918919     54.104566     54.104566    108.209132
     -3.908909     59.400036     59.400036    118.800072
     -3.898899     64.318775     64.318775    128.637551
     -3.888889     68.697396     68.697396    137.394791
     -3.878879     72.224924     72.224924    144.449847
     -3.868869     74.408757     74.408757    148.817515
     -3.858859     74.651911     74.651911    149.303821
     -3.848849     72.437447     72.437447    144.874893
     -3.838839     67.554371     67.554371    135.108742
     -3.828829     60.266285     60.266285    120.532570
     -3.818819     51.339089     51.339089    102.678178
     -3.808809     41.900614     41.900614     83.801229
     -3.798799     33.175092     33.175092     66.350183
     -3.788789     26.184589     26.184589     52.369179
     -3.778779     21.516592     21.516592     43.033184
     -3.768769     19.224245     19.224245     38.448490
     -3.758759     18.874782     18.874782     37.749565
     -3.748749     19.716670     19.716670     39.433339
     -3.738739     20.910527     20.910527     41.821053
     -3.728729     21.762795     21.762795     43.525590
     -3.718719     21.907376     21.907376     43.814752
     -3.708709     21.393349     21.393349     42.786697
     -3.698699     20.655014     20.655014     41.310029
     -3.688689     20.365228     20.365228     40.730456
     -3.678679     21.204112     21.204112     42.408224
     -3.668669     23.607018     23.607018     47.214035
     -3.658659     27.575129     27.575129     55.150258
     -3.648649     32.623660     32.623660     65.247320
     -3.638639     37.898415     37.898415     75.796830
     -3.628629     42.423625     42.423625     84.847251
     -3.618619     45.385193     45.385193     90.770387
     -3.608609     46.339289     46.339289     92.678579
     -3.598599     45.278108     45.278108     90.556216
     -3.588589     42.556422     42.556422     85.112844
     -3.578579     38.738425     38.738425     77.476850
     -3.568569     34.434485     34.434485     68.868971
     -3.558559     30.170328     30.170328     60.340656
     -3.548549     26.300590     26.300590     52.601180
     -3.538539     22.968818     22.968818     45.937635
     -3.528529     20.121082     20.121082     40.242164
     -3.518519     17.577520     17.577520     35.155040
     -3.508509     15.144438     15.144438     30.288875
     -3.498498     12.723958     12.723958     25.447915
     -3.488488     10.373278     10.373278     20.746555
     -3.478478      8.289795      8.289795     16.579591
     -3.468468      6.735090      6.735090     13.470181
     -3.458458      5.934890      5.934890     11.869780
     -3.448448      5.992827      5.992827     11.985655
     -3.438438      6.842129      6.842129     13.684259
     -3.428428      8.246550      8.246550     16.493101
     -3.418418      9.854445      9.854445     19.708890
     -3.408408     11.300188     11.300188     22.600376
     -3.398398     12.328866     12.328866     24.657732
     -3.388388     12.900511     12.900511     25.801022
     -3.378378     13.226608     13.226608     26.453216
     -3.368368     13.714835     13.714835     27.429669
     -3.358358     14.838273     14.838273     29.676546
     -3.348348     16.977652     16.977652     33.955305
     -3.338338     20.289518     20.289518     40.579036
     -3.328328     24.632156     24.632156     49.264312
     -3.318318     29.556795     29.556795     59.113590
     -3.308308     34.363631     34.363631     68.727263
     -3.298298     38.226894     38.226894     76.453788
     -3.288288     40.386938     40.386938     80.773876
     -3.278278     40.373874     40.373874     80.747748
     -3.268268     38.182930     38.182930     76.365860
     -3.258258     34.308765     34.308765     68.617530
     -3.248248     29.594260     29.594260     59.188519
     -3.238238     24.941715     24.941715     49.883430
     -3.228228     21.012959     21.012959     42.025918
     -3.218218     18.054637     18.054637     36.109275
     -3.208208     15.917877     15.917877     31.835754
     -3.198198     14.240961     14.240961     28.481922
     -3.188188     12.690759     12.690759     25.381517
     -3.178178     11.149780     11.149780     22.299559
     -3.168168      9.783310      9.783310     19.566620
     -3.158158      8.986172      8.986172     17.972343
     -3.148148      9.251903      9.251903     18.503807
     -3.138138     11.014267     11.014267     22.028534
     -3.128128     14.496720     14.496720     28.993439
     -3.118118     19.594868     19.594868     39.189736
     -3.108108     25.820868     25.820868     51.641736
     -3.098098     32.344422     32.344422     64.688844
     -3.088088     38.149697     38.149697     76.299394
     -3.078078     42.283097     42.283097     84.566194
     -3.068068     44.113412     44.113412     88.226824
     -3.058058     43.500476     43.500476     87.000952
     -3.048048     40.797073     40.797073     81.594147
     -3.038038     36.683794     36.683794     73.367587
     -3.028028     31.917138     31.917138     63.834275
     -3.018018     27.109463     27.109463     54.218926
     -3.008008     22.632216     22.632216     45.264432
     -2.997998     18.659753     18.659753     37.319506
     -2.987988     15.296817     15.296817     30.593635
     -2.977978     12.700942     12.700942     25.401884
     -2.967968     11.131777     11.131777     22.263555
     -2.957958     10.908785     10.908785     21.817569
     -2.947948     12.302931     12.302931     24.605861
     -2.937938     15.408659     15.408659     30.817318
     -2.927928     20.042862     20.042862     40.085723
     -2.917918     25.709179     25.709179     51.418358
     -2.907908     31.652533     31.652533     63.305066
     -2.897898     37.005756     37.005756     74.011513
     -2.887888     40.996281     40.996281     81.992563
     -2.877878     43.147604     43.147604     86.295208
     -2.867868     43.398066     43.398066     86.796133
     -2.857858     42.083095     42.083095     84.166191
     -2.847848     39.781995     39.781995     79.563989
     -2.837838     37.091984     37.091984     74.183968
     -2.827828     34.427698     34.427698     68.855395
     -2.817818     31.932079     31.932079     63.864157
     -2.807808     29.528125     29.528125     59.056250
     -2.797798     27.069214     27.069214     54.138429
     -2.787788     24.497840     24.497840     48.995679
     -2.777778     21.925050     21.925050     43.850100
     -2.767768     19.593865     19.593865     39.187730
     -2.757758     17.759526     17.759526     35.519052
     -2.747748     16.566870     16.566870     33.133740
     -2.737738     16.002214     16.002214     32.004429
     -2.727728     15.945665     15.945665     31.891331
     -2.717718     16.281830     16.281830     32.563660
     -2.707708     16.986766     16.986766     33.973533
     -2.697698     18.125054     18.125054     36.250108
     -2.687688     19.754996     19.754996     39.509993
     -2.677678     21.809599     21.809599     43.619199
     -2.667668     24.046094     24.046094     48.092189
     -2.657658     26.115470     26.115470     52.230940
     -2.647648     27.720841     27.720841     55.441683
     -2.637638     28.767193     28.767193     57.534386
     -2.627628     29.404521     29.404521     58.809041
     -2.617618     29.934667     29.934667     59.869334
     -2.607608     30.640612     30.640612     61.281223
     -2.597598     31.641600     31.641600     63.283200
     -2.587588     32.848555     32.848555     65.697109
     -2.577578     34.019629     34.019629     68.039259
     -2.567568     34.856597     34.856597     69.713194
     -2.557558     35.081130     35.081130     70.162260
     -2.547548     34.475575     34.475575     68.951149
     -2.537538     32.916057     32.916057     65.832115
     -2.527528     30.425748     30.425748     60.851495
     -2.517518     27.236423     27.236423     54.472845
     -2.507508     23.808689     23.808689     47.617378
     -2.497497     20.764062     20.764062     41.528123
     -2.487487     18.727784     18.727784     37.455569
     -2.477477     18.137052     18.137052     36.274104
     -2.467467     19.097194     19.097194     38.194388
     -2.457457     21.352327     21.352327     42.704654
     -2.447447     24.387655     24.387655     48.775311
     -2.437437     27.622956     27.622956     55.245912
     -2.427427     30.616066     30.616066     61.232131
     -2.417417     33.188694     33.188694     66.377387
     -2.407407     35.418890     35.418890     70.837780
     -2.397397     37.503568     37.503568     75.007136
     -2.387387     39.556109     39.556109     79.112218
     -2.377377     41.440140     41.440140     82.880280
     -2.367367     42.731447     42.731447     85.462894
     -2.357357     42.844326     42.844326     85.688653
     -2.347347     41.277811     41.277811     82.555623
     -2.337337     37.870917     37.870917     75.741835
     -2.327327     32.943570     32.943570     65.887139
     -2.317317     27.253674     27.253674     54.507347
     -2.307307     21.791682     21.791682     43.583364
     -2.297297     17.507781     17.507781     35.015563
     -2.287287     15.082466     15.082466     30.164931
     -2.277277     14.809704     14.809704     29.619409
     -2.267267     16.599483     16.599483     33.198966
     -2.257257     20.062211     20.062211     40.124423
     -2.247247     24.626218     24.626218     49.252437
     -2.237237     29.650909     29.650909     59.301818
     -2.227227     34.515048     34.515048     69.030096
     -2.217217     38.673442     38.673442     77.346883
     -2.207207     41.686696     41.686696     83.373392
     -2.197197     43.238646     43.238646     86.477292
     -2.187187     43.159413     43.159413     86.318826
     -2.177177     41.461678     41.461678     82.923357
     -2.167167     38.374589     38.374589     76.749177
     -2.157157     34.338997     34.338997     68.677994
     -2.147147     29.931026     29.931026     59.862052
     -2.137137     25.716513     25.716513     51.433027
     -2.127127     22.088075     22.088075     44.176150
     -2.117117     19.162580     19.162580     38.325160
     -2.107107     16.794113     16.794113     33.588226
     -2.097097     14.695749     14.695749     29.391497
     -2.087087     12.603373     12.603373     25.206746
     -2.077077     10.396905     10.396905     20.793809
     -2.067067      8.127785      8.127785     16.255571
     -2.057057      5.959639      5.959639     11.919278
     -2.047047      4.072000      4.072000      8.144000
     -2.037037      2.582515      2.582515      5.165030
     -2.027027      1.517420      1.517420      3.034840
     -2.017017      0.827217      0.827217      1.654434
     -2.007007      0.425154      0.425154      0.850308
     -1.996997      0.225832      0.225832      0.451663
     -1.986987      0.172456      0.172456      0.344912
     -1.976977      0.252771      0.252771      0.505541
     -1.966967      0.508673      0.508673      1.017346
     -1.956957      1.042055      1.042055      2.084109
     -1.946947      2.012655      2.012655      4.025310
     -1.936937      3.617709      3.617709      7.235418
     -1.926927      6.043462      6.043462     12.086923
     -1.916917      9.388829      9.388829     18.777658
     -1.906907     13.579975     13.579975     27.159951
     -1.896897     18.312141     18.312141     36.624283
     -1.886887     23.058293     23.058293     46.116586
     -1.876877     27.164476     27.164476     54.328953
     -1.866867     30.014327     30.014327     60.028653
     -1.856857     31.208459     31.208459     62.416918
     -1.846847     30.689498     30.689498     61.378995
     -1.836837     28.759876     28.759876     57.519753
     -1.826827     25.980310     25.980310     51.960620
     -1.816817     22.984045     22.984045     45.968090
     -1.806807     20.276324     20.276324     40.552647
     -1.796797     18.095868     18.095868     36.191735
     -1.786787     16.390382     16.390382     32.780765
     -1.776777     14.908674     14.908674     29.817348
     -1.766767     13.359588     13.359588     26.719176
     -1.756757     11.560167     11.560167     23.120334
     -1.746747      9.508585      9.508585     19.017170
     -1.736737      7.363310      7.363310     14.726621
     -1.726727      5.359690      5.359690     10.719381
     -1.716717      3.719248      3.719248      7.438496
     -1.706707      2.595659      2.595659      5.191318
     -1.696697      2.068279      2.068279      4.136557
     -1.686687      2.163108      2.163108      4.326217
     -1.676677      2.869653      2.869653      5.739305
     -1.666667      4.133008      4.133008      8.266017
     -1.656657      5.824483      5.824483     11.648965
     -1.646647      7.716277      7.716277     15.432554
     -1.636637      9.492693      9.492693     18.985387
     -1.626627     10.815520     10.815520     21.631040
     -1.616617     11.430781     11.430781     22.861562
     -1.606607     11.275531     11.275531     22.551062
     -1.596597     10.535685     10.535685     21.071371
     -1.586587      9.624893      9.624893     19.249785
     -1.576577      9.087624      9.087624     18.175249
     -1.566567      9.456336      9.456336     18.912672
     -1.556557     11.101341     11.101341     22.202682
     -1.546547     14.108045     14.108045     28.216090
     -1.536537     18.211084     18.211084     36.422167
     -1.526527     22.811210     22.811210     45.622420
     -1.516517     27.088750     27.088750     54.177500
     -1.506507     30.198508     30.198508     60.397017
     -1.496496     31.493254     31.493254     62.986508
     -1.486486     30.699743     30.699743     61.399485
     -1.476476     27.982968     27.982968     55.965936
     -1.466466     23.879266     23.879266     47.758531
     -1.456456     19.132823     19.132823     38.265645
     -1.446446     14.503512     14.503512     29.007023
     -1.436436     10.611790     10.611790     21.223580
     -1.426426      7.855551      7.855551     15.711103
     -1.416416      6.395706      6.395706     12.791412
     -1.406406      6.183514      6.183514     12.367027
     -1.396396      7.003013      7.003013     14.006026
     -1.386386      8.519381      8.519381     17.038762
     -1.376376     10.340369     10.340369     20.680737
     -1.366366     12.096579     12.096579     24.193158
     -1.356356     13.526618     13.526618     27.053236
     -1.346346     14.532836     14.532836     29.065672
     -1.336336     15.175350     15.175350     30.350700
     -1.326326     15.602579     15.602579     31.205158
     -1.316316     15.955925     15.955925     31.911851
     -1.306306     16.302474     16.302474     32.604947
     -1.296296     16.626919     16.626919     33.253838
     -1.286286     16.869351     16.869351     33.738702
     -1.276276     16.965881     16.965881     33.931761
     -1.266266     16.858551     16.858551     33.717102
     -1.256256     16.478508     16.478508     32.957017
     -1.246246     15.736165     15.736165     31.472330
     -1.236236     14.546651     14.546651     29.093301
     -1.226226     12.884440     12.884440     25.768880
     -1.216216     10.830036     10.830036     21.660072
     -1.206206      8.571880      8.571880     17.143761
     -1.196196      6.357018      6.357018     12.714036
     -1.186186      4.418428      4.418428      8.836856
     -1.176176      2.919158      2.919158      5.838315
     -1.166166      1.937985      1.937985      3.875971
     -1.156156      1.493223      1.493223      2.986446
     -1.146146      1.580058      1.580058      3.160116
     -1.136136      2.192862      2.192862      4.385725
     -1.126126      3.315789      3.315789      6.631578
     -1.116116      4.885157      4.885157      9.770315
     -1.106106      6.746644      6.746644     13.493288
     -1.096096      8.640009      8.640009     17.280018
     -1.086086     10.236540     10.236540     20.473080
     -1.076076     11.229135     11.229135     22.458270
     -1.066066     11.443140     11.443140     22.886279
     -1.056056     10.916941     10.916941     21.833882
     -1.046046      9.909170      9.909170     19.818339
     -1.036036      8.821647      8.821647     17.643293
     -1.026026      8.065366      8.065366     16.130731
     -1.016016      7.920264      7.920264     15.840529
     -1.006006      8.439673      8.439673     16.879346
     -0.995996      9.432156      9.432156     18.864311
     -0.985986     10.526762     10.526762     21.053524
     -0.975976     11.299754     11.299754     22.599507
     -0.965966     11.417943     11.417943     22.835886
     -0.955956     10.744987     10.744987     21.489973
     -0.945946      9.370591      9.370591     18.741182
     -0.935936      7.556435      7.556435     15.112870
     -0.925926      5.630049      5.630049     11.260097
     -0.915916      3.877582      3.877582      7.755165
     -0.905906      2.478300      2.478300      4.956600
     -0.895896      1.496095      1.496095      2.992190
     -0.885886      0.915226      0.915226      1.830453
     -0.875876      0.693244      0.693244      1.386487
     -0.865866      0.805473      0.805473      1.610947
     -0.855856      1.265028      1.265028      2.530056
     -0.845846      2.112429      2.112429      4.224858
     -0.835836      3.377745      3.377745      6.755490
     -0.825826      5.027708      5.027708     10.055416
     -0.815816      6.920519      6.920519     13.841037
     -0.805806      8.795941      8.795941     17.591882
     -0.795796     10.319414     10.319414     20.638828
     -0.785786     11.174397     11.174397     22.348794
     -0.775776     11.168175     11.168175     22.336349
     -0.765766     10.302154     10.302154     20.604308
     -0.755756      8.771279      8.771279     17.542559
     -0.745746      6.892788      6.892788     13.785576
     -0.735736      4.999930      4.999930      9.999860
     -0.725726      3.349390      3.349390      6.698779
     -0.715716      2.076623      2.076623      4.153246
     -0.705706      1.204393      1.204393      2.408786
     -0.695696      0.686050      0.686050      1.372100
     -0.685686      0.457557      0.457557      0.915114
     -0.675676      0.478547      0.478547      0.957095
     -0.665666      0.753105      0.753105      1.506210
     -0.655656      1.327782      1.327782      2.655564
     -0.645646      2.267026      2.267026      4.534052
     -0.635636      3.609292      3.609292      7.218583
     -0.625626      5.314833      5.314833     10.629667
     -0.615616      7.226552      7.226552     14.453104
     -0.605606      9.069797      9.069797     18.139593
     -0.595596     10.506513     10.506513     21.013026
     -0.585586     11.233319     11.233319     22.466638
     -0.575576     11.085231     11.085231     22.170463
     -0.565566     10.096442     10.096442     20.192883
     -0.555556      8.487480      8.487480     16.974961
     -0.545546      6.585308      6.585308     13.170615
     -0.535536      4.715853      4.715853      9.431705
     -0.525526      3.116960      3.116960      6.233920
     -0.515516      1.901468      1.901468      3.802936
     -0.505506      1.070616      1.070616      2.141232
     -0.495495      0.556372      0.556372      1.112744
     -0.485485      0.266860      0.266860      0.533720
     -0.475475      0.118138      0.118138      0.236276
     -0.465465      0.048270      0.048270      0.096541
     -0.455455      0.018204      0.018204      0.036407
     -0.445445      0.006336      0.006336      0.012673
     -0.435435      0.002036      0.002036      0.004072
     -0.425425      0.000606      0.000606      0.001213
     -0.415415      0.000178      0.000178      0.000357
     -0.405405      0.000097      0.000097      0.000194
     -0.395395      0.000225      0.000225      0.000450
     -0.385385      0.000776      0.000776      0.001553
     -0.375375      0.002570      0.002570      0.005140
     -0.365365      0.007872      0.007872      0.015744
     -0.355355      0.022257      0.022257      0.044513
     -0.345345      0.058081      0.058081      0.116162
     -0.335335      0.139892      0.139892      0.279784
     -0.325325      0.310986      0.310986      0.621972
     -0.315315      0.638080      0.638080      1.276160
     -0.305305      1.208359      1.208359      2.416718
     -0.295295      2.112049      2.112049      4.224098
     -0.285285      3.407209      3.407209      6.814418
     -0.275275      5.073181      5.073181     10.146362
     -0.265265      6.971863      6.971863     13.943726
     -0.255255      8.843092      8.843092     17.686185
     -0.245245     10.352526     10.352526     20.705052
     -0.235235     11.186014     11.186014     22.372027
     -0.225225     11.155556     11.155556     22.311112
     -0.215215     10.268191     10.268191     20.536382
     -0.205205      8.723354      8.723354     17.446708
     -0.195195      6.840060      6.840060     13.680120
     -0.185185      4.950205      4.950205      9.900410
     -0.175175      3.306536      3.306536      6.613073
     -0.165165      2.038498      2.038498      4.076996
     -0.155155      1.159936      1.159936      2.319872
     -0.145145      0.609179      0.609179      1.218358
     -0.135135      0.295286      0.295286      0.590571
     -0.125125      0.132107      0.132107      0.264214
     -0.115115      0.054550      0.054550      0.109101
     -0.105105      0.020790      0.020790      0.041580
     -0.095095      0.007313      0.007313      0.014626
     -0.085085      0.002374      0.002374      0.004749
     -0.075075      0.000711      0.000711      0.001423
     -0.065065      0.000197      0.000197      0.000394
     -0.055055      0.000050      0.000050      0.000100
     -0.045045      0.000012      0.000012      0.000024
     -0.035035      0.000003      0.000003      0.000005
     -0.025025      0.000001      0.000001      0.000001
     -0.015015      0.000000      0.000000      0.000000
     -0.005005      0.000000      0.000000      0.000000
      0.005005      0.000000      0.000000      0.000000
      0.015015      0.000000      0.000000      0.000000
      0.025025      0.000001      0.000001      0.000001
      0.035035      0.000003      0.000003      0.000005
      0.045045      0.000012      0.000012      0.000024
      0.055055      0.000050      0.000050      0.000100
      0.065065      0.000197      0.000197      0.000394
      0.075075      0.000711      0.000711      0.001423
      0.085085      0.002374      0.002374      0.004749
      0.095095      0.007313      0.007313      0.014626
      0.105105      0.020790      0.020790      0.041580
      0.115115      0.054550      0.054550      0.109101
      0.125125      0.132107      0.132107      0.264214
      0.135135      0.295286      0.295286      0.590571
      0.145145      0.609179      0.609179      1.218358
      0.155155      1.159936      1.159936      2.319872
      0.165165      2.038498      2.038498      4.076996
      0.175175      3.306536      3.306536      6.613073
      0.185185      4.950205      4.950205      9.900410
      0.195195      6.840060      6.840060     13.680120
      0.205205      8.723354      8.723354     17.446708
      0.215215     10.268191     10.268191     20.536382
      0.225225     11.155556     11.155556     22.311112
      0.235235     11.186014     11.186014     22.372027
      0.245245     10.352526     10.352526     20.705052
      0.255255      8.843092      8.843092     17.686185
      0.265265      6.971863      6.971863     13.943726
      0.275275      5.073181      5.073181     10.146362
      0.285285      3.407209      3.407209      6.814418
      0.295295      2.112049      2.112049      4.224098
      0.305305      1.208359      1.208359      2.416718
      0.315315      0.638080      0.638080      1.276160
      0.325325      0.310986      0.310986      0.621972
      0.335335      0.139892      0.139892      0.279784
      0.345345      0.058081      0.058081      0.116162
      0.355355      0.022257      0.022257      0.044513
      0.365365      0.007872      0.007872      0.015744
      0.375375      0.002570      0.002570      0.005140
      0.385385      0.000777      0.000777      0.001554
      0.395395      0.000228      0.000228      0.000456
      0.405405      0.000110      0.000110      0.000220
      0.415415      0.000226      0.000226      0.000452
      0.425425      0.000769      0.000769      0.001537
      0.435435      0.002544      0.002544      0.005088
      0.445445      0.007797      0.007797      0.015593
      0.455455      0.022059      0.022059      0.044119
      0.465465      0.057607      0.057607      0.115215
      0.475475      0.138851      0.138851      0.277701
      0.485485      0.308891      0.308891      0.617782
      0.495495      0.634234      0.634234      1.268468
      0.505506      1.201934      1.201934      2.403868
      0.515516      2.102319      2.102319      4.204637
      0.525526      3.393933      3.393933      6.787866
      0.535536      5.057022      5.057022     10.114043
      0.545546      6.954618      6.954618     13.909236
      0.555556      8.827522      8.827522     17.655044
      0.565566     10.341697     10.341697     20.683395
      0.575576     11.182379     11.182379     22.364757
      0.585586     11.160219     11.160219     22.320438
      0.595596     10.280940     10.280940     20.561880
      0.605606      8.743984      8.743984     17.487968
      0.615616      6.871566      6.871566     13.743132
      0.625626      5.004762      5.004762     10.009524
      0.635636      3.415728      3.415728      6.831456
      0.645646      2.269332      2.269332      4.538664
      0.655656      1.636511      1.636511      3.273022
      0.665666      1.535430      1.535430      3.070860
      0.675676      1.967473      1.967473      3.934947
      0.685686      2.924041      2.924041      5.848083
      0.695696      4.360014      4.360014      8.720028
      0.705706      6.151448      6.151448     12.302896
      0.715716      8.069341      8.069341     16.138682
      0.725726      9.799715      9.799715     19.599431
      0.735736     11.019663     11.019663     22.039326
      0.745746     11.506919     11.506919     23.013838
      0.755756     11.234932     11.234932     22.469864
      0.765766     10.403930     10.403930     20.807861
      0.775776      9.384955      9.384955     18.769909
      0.785786      8.593855      8.593855     17.187710
      0.795796      8.343706      8.343706     16.687412
      0.805806      8.732449      8.732449     17.464898
      0.815816      9.607685      9.607685     19.215369
      0.825826     10.621446     10.621446     21.242891
      0.835836     11.354908     11.354908     22.709816
      0.845846     11.466137     11.466137     22.932274
      0.855856     10.803639     10.803639     21.607279
      0.865866      9.442439      9.442439     18.884878
      0.875876      7.634360      7.634360     15.268719
      0.885886      5.702877      5.702877     11.405753
      0.895896      3.933720      3.933720      7.867439
      0.905906      2.504907      2.504907      5.009813
      0.915916      1.472370      1.472370      2.944740
      0.925926      0.798947      0.798947      1.597894
      0.935936      0.400614      0.400614      0.801228
      0.945946      0.186994      0.186994      0.373988
      0.955956      0.085479      0.085479      0.170958
      0.965966      0.050015      0.050015      0.100029
      0.975976      0.061426      0.061426      0.122852
      0.985986      0.126151      0.126151      0.252301
      0.995996      0.276840      0.276840      0.553679
      1.006006      0.573728      0.573728      1.147456
      1.016016      1.101541      1.101541      2.203081
      1.026026      1.954817      1.954817      3.909635
      1.036036      3.207383      3.207383      6.414766
      1.046046      4.870720      4.870720      9.741440
      1.056056      6.858339      6.858339     13.716679
      1.066066      8.980558      8.980558     17.961117
      1.076076     10.986530     10.986530     21.973060
      1.086086     12.645959     12.645959     25.291918
      1.096096     13.834085     13.834085     27.668170
      1.106106     14.572244     14.572244     29.144488
      1.116116     14.997150     14.997150     29.994300
      1.126126     15.275986     15.275986     30.551973
      1.136136     15.520773     15.520773     31.041547
      1.146146     15.754714     15.754714     31.509428
      1.156156     15.943502     15.943502     31.887003
      1.166166     16.056363     16.056363     32.112726
      1.176176     16.103893     16.103893     32.207787
      1.186186     16.126134     16.126134     32.252269
      1.196196     16.150567     16.150567     32.301134
      1.206206     16.164563     16.164563     32.329126
      1.216216     16.129121     16.129121     32.258242
      1.226226     16.018199     16.018199     32.036398
      1.236236     15.841044     15.841044     31.682088
      1.246246     15.619321     15.619321     31.238642
      1.256256     15.334054     15.334054     30.668108
      1.266266     14.890180     14.890180     29.780361
      1.276276     14.138598     14.138598     28.277196
      1.286286     12.952750     12.952750     25.905499
      1.296296     11.314643     11.314643     22.629285
      1.306306      9.357639      9.357639     18.715279
      1.316316      7.344081      7.344081     14.688161
      1.326326      5.598049      5.598049     11.196098
      1.336336      4.434795      4.434795      8.869589
      1.346346      4.116342      4.116342      8.232683
      1.356356      4.832236      4.832236      9.664471
      1.366366      6.681964      6.681964     13.363929
      1.376376      9.639032      9.639032     19.278064
      1.386386     13.502726     13.502726     27.005451
      1.396396     17.871224     17.871224     35.742448
      1.406406     22.174884     22.174884     44.349768
      1.416416     25.782190     25.782190     51.564381
      1.426426     28.148010     28.148010     56.296020
      1.436436     28.944665     28.944665     57.889330
      1.446446     28.123308     28.123308     56.246617
      1.456456     25.891331     25.891331     51.782662
      1.466466     22.632648     22.632648     45.265297
      1.476476     18.814245     18.814245     37.628490
      1.486486     14.909998     14.909998     29.819996
      1.496496     11.349598     11.349598     22.699196
      1.506507      8.485942      8.485942     16.971884
      1.516517      6.573343      6.573343     13.146686
      1.526527      5.753105      5.753105     11.506210
      1.536537      6.045238      6.045238     12.090476
      1.546547      7.346343      7.346343     14.692685
      1.556557      9.437415      9.437415     18.874831
      1.566567     12.009450     12.009450     24.018901
      1.576577     14.712528     14.712528     29.425057
      1.586587     17.223288     17.223288     34.446576
      1.596597     19.313172     19.313172     38.626343
      1.606607     20.895844     20.895844     41.791689
      1.616617     22.039471     22.039471     44.078942
      1.626627     22.941090     22.941090     45.882181
      1.636637     23.868193     23.868193     47.736386
      1.646647     25.076779     25.076779     50.153558
      1.656657     26.721862     26.721862     53.443723
      1.666667     28.787196     28.787196     57.574392
      1.676677     31.067143     31.067143     62.134285
      1.686687     33.222309     33.222309     66.444617
      1.696697     34.898607     34.898607     69.797214
      1.706707     35.860437     35.860437     71.720874
      1.716717     36.068740     36.068740     72.137481
      1.726727     35.655322     35.655322     71.310644
      1.736737     34.803731     34.803731     69.607462
      1.746747     33.610871     33.610871     67.221741
      1.756757     32.025448     32.025448     64.050896
      1.766767     29.915071     29.915071     59.830143
      1.776777     27.227289     27.227289     54.454578
      1.786787     24.140713     24.140713     48.281426
      1.796797     21.100495     21.100495     42.200989
      1.806807     18.698736     18.698736     37.397472
      1.816817     17.449218     17.449218     34.898437
      1.826827     17.562825     17.562825     35.125651
      1.836837     18.829391     18.829391     37.658782
      1.846847     20.662827     20.662827     41.325654
      1.856857     22.296776     22.296776     44.593551
      1.866867     23.055505     23.055505     46.111011
      1.876877     22.591860     22.591860     45.183721
      1.886887     20.995355     20.995355     41.990709
      1.896897     18.728185     18.728185     37.456371
      1.906907     16.422700     16.422700     32.845399
      1.916917     14.634322     14.634322     29.268645
      1.926927     13.659087     13.659087     27.318174
      1.936937     13.488423     13.488423     26.976846
      1.946947     13.905124     13.905124     27.810248
      1.956957     14.656612     14.656612     29.313225
      1.966967     15.606284     15.606284     31.212569
      1.976977     16.778854     16.778854     33.557709
      1.986987     18.276712     18.276712     36.553423
      1.996997     20.122091     20.122091     40.244182
      2.007007     22.130127     22.130127     44.260254
      2.017017     23.905980     23.905980     47.811960
      2.027027     24.985749     24.985749     49.971498
      2.037037     25.048228     25.048228     50.096456
      2.047047     24.073351     24.073351     48.146702
      2.057057     22.350466     22.350466     44.700932
      2.067067     20.330201     20.330201     40.660403
      2.077077     18.408203     18.408203     36.816406
      2.087087     16.765670     16.765670     33.531340
      2.097097     15.349657     15.349657     30.699313
      2.107107     13.988139     13.988139     27.976278
      2.117117     12.559975     12.559975     25.119949
      2.127127     11.121072     11.121072     22.242144
      2.137137      9.926573      9.926573     19.853147
      2.147147      9.350738      9.350738     18.701476
      2.157157      9.752023      9.752023     19.504045
      2.167167     11.341747     11.341747     22.683494
      2.177177     14.097964     14.097964     28.195927
      2.187187     17.741226     17.741226     35.482452
      2.197197     21.770495     21.770495     43.540990
      2.207207     25.548358     25.548358     51.096717
      2.217217     28.420363     28.420363     56.840727
      2.227227     29.848194     29.848194     59.696389
      2.237237     29.529380     29.529380     59.058759
      2.247247     27.471228     27.471228     54.942455
      2.257257     23.991445     23.991445     47.982890
      2.267267     19.637651     19.637651     39.275303
      2.277277     15.048416     15.048416     30.096832
      2.287287     10.804384     10.804384     21.608768
      2.297297      7.323010      7.323010     14.646019
      2.307307      4.829422      4.829422      9.658844
      2.317317      3.400359      3.400359      6.800717
      2.327327      3.047321      3.047321      6.094641
      2.337337      3.792989      3.792989      7.585977
      2.347347      5.703129      5.703129     11.406257
      2.357357      8.857313      8.857313     17.714625
      2.367367     13.266736     13.266736     26.533471
      2.377377     18.769563     18.769563     37.539126
      2.387387     24.948604     24.948604     49.897209
      2.397397     31.117435     31.117435     62.234870
      2.407407     36.404786     36.404786     72.809573
      2.417417     39.933129     39.933129     79.866258
      2.427427     41.045096     41.045096     82.090192
      2.437437     39.499362     39.499362     78.998724
      2.447447     35.556373     35.556373     71.112746
      2.457457     29.912493     29.912493     59.824987
      2.467467     23.504611     23.504611     47.009221
      2.477477     17.263418     17.263418     34.526836
      2.487487     11.910977     11.910977     23.821953
      2.497497      7.868086      7.868086     15.736172
      2.507508      5.279341      5.279341     10.558681
      2.517518      4.111987      4.111987      8.223974
      2.527528      4.263656      4.263656      8.527312
      2.537538      5.627222      5.627222     11.254444
      2.547548      8.094407      8.094407     16.188814
      2.557558     11.513658     11.513658     23.027316
      2.567568     15.637864     15.637864     31.275728
      2.577578     20.098574     20.098574     40.197149
      2.587588     24.429056     24.429056     48.858113
      2.597598     28.137132     28.137132     56.274263
      2.607608     30.808541     30.808541     61.617082
      2.617618     32.208081     32.208081     64.416161
      2.627628     32.342445     32.342445     64.684890
      2.637638     31.458804     31.458804     62.917609
      2.647648     29.976809     29.976809     59.953617
      2.657658     28.380604     28.380604     56.761208
      2.667668     27.114925     27.114925     54.229850
      2.677678     26.521846     26.521846     53.043692
      2.687688     26.825767     26.825767     53.651535
      2.697698     28.143994     28.143994     56.287988
      2.707708     30.490182     30.490182     60.980365
      2.717718     33.752837     33.752837     67.505675
      2.727728     37.658260     37.658260     75.316519
      2.737738     41.749350     41.749350     83.498700
      2.747748     45.417047     45.417047     90.834095
      2.757758     48.006008     48.006008     96.012015
      2.767768     48.982089     48.982089     97.964178
      2.777778     48.107605     48.107605     96.215209
      2.787788     45.544715     45.544715     91.089430
      2.797798     41.822528     41.822528     83.645055
      2.807808     37.662917     37.662917     75.325834
      2.817818     33.733892     33.733892     67.467783
      2.827828     30.440791     30.440791     60.881583
      2.837838     27.846176     27.846176     55.692353
      2.847848     25.741320     25.741320     51.482639
      2.857858     23.818252     23.818252     47.636505
      2.867868     21.851591     21.851591     43.703182
      2.877878     19.807541     19.807541     39.615081
      2.887888     17.840596     17.840596     35.681191
      2.897898     16.192781     16.192781     32.385562
      2.907908     15.053670     15.053670     30.107340
      2.917918     14.455435     14.455435     28.910870
      2.927928     14.257473     14.257473     28.514947
      2.937938     14.226011     14.226011     28.452023
      2.947948     14.159570     14.159570     28.319141
      2.957958     13.983623     13.983623     27.967245
      2.967968     13.756973     13.756973     27.513946
      2.977978     13.588810     13.588810     27.177620
      2.987988     13.523241     13.523241     27.046482
      2.997998     13.468899     13.468899     26.937797
      3.008008     13.221136     13.221136     26.442272
      3.018018     12.564449     12.564449     25.128898
      3.028028     11.393888     11.393888     22.787777
      3.038038      9.787163      9.787163     19.574327
      3.048048      7.993799      7.993799     15.987597
      3.058058      6.356003      6.356003     12.712005
      3.068068      5.205026      5.205026     10.410051
      3.078078      4.773727      4.773727      9.547455
      3.088088      5.143399      5.143399     10.286798
      3.098098      6.223930      6.223930     12.447860
      3.108108      7.764094      7.764094     15.528187
      3.118118      9.396263      9.396263     18.792526
      3.128128     10.720410     10.720410     21.440821
      3.138138     11.416661     11.416661     22.833323
      3.148148     11.352894     11.352894     22.705788
      3.158158     10.643424     10.643424     21.286848
      3.168168      9.629043      9.629043     19.258086
      3.178178      8.780918      8.780918     17.561835
      3.188188      8.561098      8.561098     17.122195
      3.198198      9.284406      9.284406     18.568811
      3.208208     11.019677     11.019677     22.039354
      3.218218     13.553567     13.553567     27.107135
      3.228228     16.426367     16.426367     32.852734
      3.238238     19.036031     19.036031     38.072062
      3.248248     20.789402     20.789402     41.578803
      3.258258     21.260277     21.260277     42.520554
      3.268268     20.303474     20.303474     40.606949
      3.278278     18.083938     18.083938     36.167876
      3.288288     15.010834     15.010834     30.021667
      3.298298     11.604701     11.604701     23.209402
      3.308308      8.350948      8.350948     16.701895
      3.318318      5.592428      5.592428     11.184856
      3.328328      3.489939      3.489939      6.979878
      3.338338      2.047509      2.047509      4.095017
      3.348348      1.176322      1.176322      2.352643
      3.358358      0.765300      0.765300      1.530599
      3.368368      0.734316      0.734316      1.468632
      3.378378      1.058348      1.058348      2.116696
      3.388388      1.760252      1.760252      3.520504
      3.398398      2.875719      2.875719      5.751438
      3.408408      4.400312      4.400312      8.800624
      3.418418      6.237608      6.237608     12.475217
      3.428428      8.175204      8.175204     16.350408
      3.438438      9.912424      9.912424     19.824849
      3.448448     11.143917     11.143917     22.287834
      3.458458     11.672638     11.672638     23.345277
      3.468468     11.501707     11.501707     23.003414
      3.478478     10.855471     10.855471     21.710943
      3.488488     10.110083     10.110083     20.220166
      3.498498      9.657909      9.657909     19.315817
      3.508509      9.763794      9.763794     19.527589
      3.518519     10.476332     10.476332     20.952663
      3.528529     11.631537     11.631537     23.263074
      3.538539     12.942324     12.942324     25.884649
      3.548549     14.125710     14.125710     28.251420
      3.558559     15.002128     15.002128     30.004255
      3.568569     15.519396     15.519396     31.038793
      3.578579     15.700394     15.700394     31.400787
      3.588589     15.560824     15.560824     31.121647
      3.598599     15.059574     15.059574     30.119149
      3.608609     14.116760     14.116760     28.233519
      3.618619     12.683512     12.683512     25.367024
      3.628629     10.810803     10.810803     21.621607
      3.638639      8.667905      8.667905     17.335810
      3.648649      6.498395      6.498395     12.996791
      3.658659      4.542555      4.542555      9.085110
      3.668669      2.971193      2.971193      5.942387
      3.678679      1.861784      1.861784      3.723568
      3.688689      1.218956      1.218956      2.437911
      3.698699      1.018385      1.018385      2.036769
      3.708709      1.246106      1.246106      2.492211
      3.718719      1.911954      1.911954      3.823909
      3.728729      3.029451      3.029451      6.058903
      3.738739      4.569863      4.569863      9.139726
      3.748749      6.412434      6.412434     12.824869
      3.758759      8.320788      8.320788     16.641576
      3.768769      9.970043      9.970043     19.940085
      3.778779     11.027227     11.027227     22.054453
      3.788789     11.257310     11.257310     22.514620
      3.798799     10.607005     10.607005     21.214009
      3.808809      9.224407      9.224407     18.448815
      3.818819      7.404083      7.404083     14.808165
      3.828829      5.485183      5.485183     10.970366
      3.838839      3.750586      3.750586      7.501173
      3.848849      2.367025      2.367025      4.734050
      3.858859      1.378958      1.378958      2.757917
      3.868869      0.742111      0.742111      1.484222
      3.878879      0.370763      0.370763      0.741527
      3.888889      0.177475      0.177475      0.354951
      3.898899      0.096513      0.096513      0.193027
      3.908909      0.093235      0.093235      0.186470
      3.918919      0.166296      0.166296      0.332591
      3.928929      0.348032      0.348032      0.696064
      3.938939      0.703569      0.703569      1.407137
      3.948949      1.324322      1.324322      2.648643
      3.958959      2.309717      2.309717      4.619434
      3.968969      3.734775      3.734775      7.469550
      3.978979      5.610869      5.610869     11.221737
      3.988989      7.857779      7.857779     15.715557
      3.998999     10.308144     10.308144     20.616287
      4.009009     12.753039     12.753039     25.506077
      4.019019     15.012605     15.012605     30.025210
      4.029029     16.994030     16.994030     33.988059
      4.039039     18.699667     18.699667     37.399335
      4.049049     20.176255     20.176255     40.352510
      4.059059     21.435582     21.435582     42.871164
      4.069069     22.399714     22.399714     44.799428
      4.079079     22.912321     22.912321     45.824641
      4.089089     22.818588     22.818588     45.637176
      4.099099     22.074580     22.074580     44.149161
      4.109109     20.826987     20.826987     41.653975
      4.119119     19.415252     19.415252     38.830505
      4.129129     18.283066     18.283066     36.566133
      4.139139     17.828750     17.828750     35.657501
      4.149149     18.255499     18.255499     36.510998
      4.159159     19.487783     19.487783     38.975565
      4.169169     21.194287     21.194287     42.388575
      4.179179     22.910334     22.910334     45.820668
      4.189189     24.206350     24.206350     48.412700
      4.199199     24.828182     24.828182     49.656363
      4.209209     24.751909     24.751909     49.503818
      4.219219     24.141368     24.141368     48.282736
      4.229229     23.244529     23.244529     46.489057
      4.239239     22.287475     22.287475     44.574949
      4.249249     21.411342     21.411342     42.822684
      4.259259     20.662551     20.662551     41.325103
      4.269269     20.017622     20.017622     40.035243
      4.279279     19.418589     19.418589     38.837178
      4.289289     18.807466     18.807466     37.614932
      4.299299     18.157658     18.157658     36.315316
      4.309309     17.495873     17.495873     34.991747
      4.319319     16.900365     16.900365     33.800731
      4.329329     16.468731     16.468731     32.937462
      4.339339     16.272197     16.272197     32.544394
      4.349349     16.331271     16.331271     32.662543
      4.359359     16.635827     16.635827     33.271654
      4.369369     17.193461     17.193461     34.386923
      4.379379     18.055889     18.055889     36.111779
      4.389389     19.279398     19.279398     38.558796
      4.399399     20.825705     20.825705     41.651410
      4.409409     22.467671     22.467671     44.935343
      4.419419     23.781293     23.781293     47.562587
      4.429429     24.260592     24.260592     48.521184
      4.439439     23.512797     23.512797     47.025594
      4.449449     21.433855     21.433855     42.867710
      4.459459     18.270654     18.270654     36.541307
      4.469469     14.541720     14.541720     29.083440
      4.479479     10.866135     10.866135     21.732269
      4.489489      7.789741      7.789741     15.579483
      4.499499      5.679650      5.679650     11.359301
      4.509510      4.704790      4.704790      9.409580
      4.519520      4.872641      4.872641      9.745283
      4.529530      6.078100      6.078100     12.156200
      4.539540      8.138487      8.138487     16.276975
      4.549550     10.816211     10.816211     21.632421
      4.559560     13.843415     13.843415     27.686830
      4.569570     16.954055     16.954055     33.908110
      4.579580     19.911351     19.911351     39.822702
      4.589590     22.513668     22.513668     45.027335
      4.599600     24.578313     24.578313     49.156626
      4.609610     25.927504     25.927504     51.855009
      4.619620     26.408410     26.408410     52.816820
      4.629630     25.956317     25.956317     51.912635
      4.639640     24.670097     24.670097     49.340194
      4.649650     22.844470     22.844470     45.688939
      4.659660     20.918043     20.918043     41.836086
      4.669670     19.344056     19.344056     38.688111
      4.679680     18.439873     18.439873     36.879746
      4.689690     18.287256     18.287256     36.574512
      4.699700     18.727909     18.727909     37.455818
      4.709710     19.448165     19.448165     38.896330
      4.719720     20.106654     20.106654     40.213309
      4.729730     20.450627     20.450627     40.901255
      4.739740     20.385581     20.385581     40.771162
      4.749750     19.988070     19.988070     39.976140
      4.759760     19.467579     19.467579     38.935158
      4.769770     19.091250     19.091250     38.182500
      4.779780     19.094056     19.094056     38.188111
      4.789790     19.606986     19.606986     39.213973
      4.799800     20.635193     20.635193     41.270386
      4.809810     22.097168     22.097168     44.194335
      4.819820     23.901768     23.901768     47.803536
      4.829830     26.013708     26.013708     52.027416
      4.839840     28.459625     28.459625     56.919250
      4.849850     31.259255     31.259255     62.518510
      4.859860     34.314101     34.314101     68.628202
      4.869870     37.322794     37.322794     74.645587
      4.879880     39.792360     39.792360     79.584720
      4.889890     41.168305     41.168305     82.336610
      4.899900     41.033738     41.033738     82.067475
      4.909910     39.274945     39.274945     78.549891
      4.919920     36.120400     36.120400     72.240800
      4.929930     32.033456     32.033456     64.066912
      4.939940     27.526703     27.526703     55.053406
      4.949950     23.004776     23.004776     46.009553
      4.959960     18.707470     18.707470     37.414940
      4.969970     14.749380     14.749380     29.498760
      4.979980     11.195727     11.195727     22.391454
      4.989990      8.111753      8.111753     16.223506
      5.000000      5.562887      5.562887     11.125773
