# EIG2DOS: Utility for SIESTA to obtain the electronic density of states
#  E. Artacho, Apr 1999, A. Garcia, Apr 2012
#  Nick R. Papior, Feb 2017
# ------------------------------------------
# Eigenvalues calculated from a non-polarized calculation
# Eigenvalues read from siesta.EIG
# Kpoint weights read from siesta.KP
# Using smearing parameter:   0.0500
# Using 1000 points in the energy range
# Selected bands: 1 to: 2981
# Emin, Emax in file for selected band(s):    -27.1888487    218.3644180
# Nbands, Nspin, Nk   =   2981     1     1
# E_F                 =    -4.2417 eV --> (shifted to ZERO)
# Broadening          =     0.0500 eV
#
#        E            N(up)  (=)   N(down)         Ntot
     -5.000000     33.864092     33.864092     67.728184
     -4.989990     38.264766     38.264766     76.529532
     -4.979980     42.041254     42.041254     84.082508
     -4.969970     44.574470     44.574470     89.148939
     -4.959960     45.425229     45.425229     90.850458
     -4.949950     44.477281     44.477281     88.954562
     -4.939940     41.981257     41.981257     83.962515
     -4.929930     38.499962     38.499962     76.999924
     -4.919920     34.796050     34.796050     69.592101
     -4.909910     31.706596     31.706596     63.413193
     -4.899900     30.020367     30.020367     60.040734
     -4.889890     30.344211     30.344211     60.688422
     -4.879880     32.947926     32.947926     65.895852
     -4.869870     37.617718     37.617718     75.235435
     -4.859860     43.594612     43.594612     87.189225
     -4.849850     49.678217     49.678217     99.356435
     -4.839840     54.514888     54.514888    109.029775
     -4.829830     56.989662     56.989662    113.979325
     -4.819820     56.566807     56.566807    113.133613
     -4.809810     53.429953     53.429953    106.859906
     -4.799800     48.364178     48.364178     96.728355
     -4.789790     42.446026     42.446026     84.892051
     -4.779780     36.689365     36.689365     73.378730
     -4.769770     31.791438     31.791438     63.582875
     -4.759760     28.048781     28.048781     56.097562
     -4.749750     25.422002     25.422002     50.844004
     -4.739740     23.673864     23.673864     47.347728
     -4.729730     22.503287     22.503287     45.006574
     -4.719720     21.630518     21.630518     43.261035
     -4.709710     20.828077     20.828077     41.656153
     -4.699700     19.920220     19.920220     39.840440
     -4.689690     18.784243     18.784243     37.568487
     -4.679680     17.378753     17.378753     34.757506
     -4.669670     15.800393     15.800393     31.600785
     -4.659660     14.342848     14.342848     28.685695
     -4.649650     13.515947     13.515947     27.031894
     -4.639640     13.987583     13.987583     27.975167
     -4.629630     16.434295     16.434295     32.868591
     -4.619620     21.319482     21.319482     42.638963
     -4.609610     28.655198     28.655198     57.310397
     -4.599600     37.836357     37.836357     75.672713
     -4.589590     47.645828     47.645828     95.291656
     -4.579580     56.490295     56.490295    112.980590
     -4.569570     62.833874     62.833874    125.667748
     -4.559560     65.686339     65.686339    131.372679
     -4.549550     64.943082     64.943082    129.886163
     -4.539540     61.416285     61.416285    122.832570
     -4.529530     56.531017     56.531017    113.062034
     -4.519520     51.813792     51.813792    103.627585
     -4.509510     48.388969     48.388969     96.777938
     -4.499499     46.677615     46.677615     93.355229
     -4.489489     46.386395     46.386395     92.772791
     -4.479479     46.744304     46.744304     93.488608
     -4.469469     46.855462     46.855462     93.710924
     -4.459459     46.017980     46.017980     92.035960
     -4.449449     43.905013     43.905013     87.810026
     -4.439439     40.582038     40.582038     81.164076
     -4.429429     36.404783     36.404783     72.809567
     -4.419419     31.875747     31.875747     63.751494
     -4.409409     27.525305     27.525305     55.050609
     -4.399399     23.840919     23.840919     47.681838
     -4.389389     21.225776     21.225776     42.451553
     -4.379379     19.954761     19.954761     39.909522
     -4.369369     20.117407     20.117407     40.234814
     -4.359359     21.573240     21.573240     43.146481
     -4.349349     23.962233     23.962233     47.924465
     -4.339339     26.793912     26.793912     53.587824
     -4.329329     29.594485     29.594485     59.188969
     -4.319319     32.053269     32.053269     64.106538
     -4.309309     34.104167     34.104167     68.208334
     -4.299299     35.906888     35.906888     71.813776
     -4.289289     37.736071     37.736071     75.472142
     -4.279279     39.820748     39.820748     79.641496
     -4.269269     42.191788     42.191788     84.383576
     -4.259259     44.594578     44.594578     89.189155
     -4.249249     46.511611     46.511611     93.023223
     -4.239239     47.309897     47.309897     94.619793
     -4.229229     46.477849     46.477849     92.955698
     -4.219219     43.861669     43.861669     87.723338
     -4.209209     39.787946     39.787946     79.575891
     -4.199199     34.996973     34.996973     69.993945
     -4.189189     30.401414     30.401414     60.802829
     -4.179179     26.777095     26.777095     53.554189
     -4.169169     24.528694     24.528694     49.057388
     -4.159159     23.630658     23.630658     47.261316
     -4.149149     23.751095     23.751095     47.502190
     -4.139139     24.478850     24.478850     48.957701
     -4.129129     25.534278     25.534278     51.068556
     -4.119119     26.862927     26.862927     53.725853
     -4.109109     28.572530     28.572530     57.145060
     -4.099099     30.750841     30.750841     61.501681
     -4.089089     33.265794     33.265794     66.531588
     -4.079079     35.670121     35.670121     71.340241
     -4.069069     37.289557     37.289557     74.579115
     -4.059059     37.477102     37.477102     74.954204
     -4.049049     35.914745     35.914745     71.829490
     -4.039039     32.803773     32.803773     65.607546
     -4.029029     28.838338     28.838338     57.676677
     -4.019019     24.974982     24.974982     49.949963
     -4.009009     22.117976     22.117976     44.235952
     -3.998999     20.870635     20.870635     41.741270
     -3.988989     21.445299     21.445299     42.890598
     -3.978979     23.726589     23.726589     47.453178
     -3.968969     27.409519     27.409519     54.819039
     -3.958959     32.124692     32.124692     64.249384
     -3.948949     37.507524     37.507524     75.015047
     -3.938939     43.223418     43.223418     86.446835
     -3.928929     48.983609     48.983609     97.967217
     -3.918919     54.567065     54.567065    109.134131
     -3.908909     59.828979     59.828979    119.657958
     -3.898899     64.664213     64.664213    129.328426
     -3.888889     68.920778     68.920778    137.841555
     -3.878879     72.304480     72.304480    144.608961
     -3.868869     74.343222     74.343222    148.686444
     -3.858859     74.462181     74.462181    148.924363
     -3.848849     72.165331     72.165331    144.330662
     -3.838839     67.256740     67.256740    134.513480
     -3.828829     60.003610     60.003610    120.007220
     -3.818819     51.160317     51.160317    102.320634
     -3.808809     41.829887     41.829887     83.659773
     -3.798799     33.206565     33.206565     66.413130
     -3.788789     26.288078     26.288078     52.576157
     -3.778779     21.651088     21.651088     43.302177
     -3.768769     19.352602     19.352602     38.705204
     -3.758759     18.973308     18.973308     37.946616
     -3.748749     19.777057     19.777057     39.554113
     -3.738739     20.935490     20.935490     41.870980
     -3.728729     21.758835     21.758835     43.517670
     -3.718719     21.878064     21.878064     43.756128
     -3.708709     21.335539     21.335539     42.671078
     -3.698699     20.559322     20.559322     41.118644
     -3.688689     20.221000     20.221000     40.442001
     -3.678679     21.007573     21.007573     42.015146
     -3.668669     23.369360     23.369360     46.738719
     -3.658659     27.326119     27.326119     54.652237
     -3.648649     32.407198     32.407198     64.814395
     -3.638639     37.759999     37.759999     75.519997
     -3.628629     42.394393     42.394393     84.788785
     -3.618619     45.470142     45.470142     90.940283
     -3.608609     46.515913     46.515913     93.031826
     -3.598599     45.506258     45.506258     91.012516
     -3.588589     42.794028     42.794028     85.588055
     -3.578579     38.954951     38.954951     77.909902
     -3.568569     34.616282     34.616282     69.232564
     -3.558559     30.317436     30.317436     60.634873
     -3.548549     26.419173     26.419173     52.838347
     -3.538539     23.064496     23.064496     46.128991
     -3.528529     20.196241     20.196241     40.392481
     -3.518519     17.632425     17.632425     35.264850
     -3.508509     15.179956     15.179956     30.359911
     -3.498498     12.743629     12.743629     25.487258
     -3.488488     10.383682     10.383682     20.767364
     -3.478478      8.299378      8.299378     16.598756
     -3.468468      6.752168      6.752168     13.504336
     -3.458458      5.965503      5.965503     11.931006
     -3.448448      6.038867      6.038867     12.077734
     -3.438438      6.900153      6.900153     13.800306
     -3.428428      8.307812      8.307812     16.615623
     -3.418418      9.906576      9.906576     19.813153
     -3.408408     11.330377     11.330377     22.660755
     -3.398398     12.327480     12.327480     24.654959
     -3.388388     12.863568     12.863568     25.727137
     -3.378378     13.155883     13.155883     26.311767
     -3.368368     13.615610     13.615610     27.231219
     -3.358358     14.716217     14.716217     29.432433
     -3.348348     16.836983     16.836983     33.673966
     -3.338338     20.134045     20.134045     40.268089
     -3.328328     24.469241     24.469241     48.938481
     -3.318318     29.402589     29.402589     58.805178
     -3.308308     34.246990     34.246990     68.493981
     -3.298298     38.189675     38.189675     76.379349
     -3.288288     40.479567     40.479567     80.959134
     -3.278278     40.646304     40.646304     81.292607
     -3.268268     38.671713     38.671713     77.343426
     -3.258258     35.021504     35.021504     70.043008
     -3.248248     30.494300     30.494300     60.988600
     -3.238238     25.939005     25.939005     51.878010
     -3.228228     21.969043     21.969043     43.938085
     -3.218218     18.806914     18.806914     37.613828
     -3.208208     16.318950     16.318950     32.637900
     -3.198198     14.197406     14.197406     28.394812
     -3.188188     12.180617     12.180617     24.361233
     -3.178178     10.205975     10.205975     20.411950
     -3.168168      8.449032      8.449032     16.898064
     -3.158158      7.267662      7.267662     14.535323
     -3.148148      7.101619      7.101619     14.203239
     -3.138138      8.366293      8.366293     16.732587
     -3.128128     11.349238     11.349238     22.698476
     -3.118118     16.103134     16.103134     32.206267
     -3.108108     22.345476     22.345476     44.690952
     -3.098098     29.409031     29.409031     58.818063
     -3.088088     36.302847     36.302847     72.605694
     -3.078078     41.912904     41.912904     83.825809
     -3.068068     45.299245     45.299245     90.598490
     -3.058058     45.975340     45.975340     91.950680
     -3.048048     44.039948     44.039948     88.079895
     -3.038038     40.095285     40.095285     80.190571
     -3.028028     34.995705     34.995705     69.991411
     -3.018018     29.558068     29.558068     59.116137
     -3.008008     24.371709     24.371709     48.743418
     -2.997998     19.772133     19.772133     39.544267
     -2.987988     15.943127     15.943127     31.886255
     -2.977978     13.051728     13.051728     26.103456
     -2.967968     11.326898     11.326898     22.653796
     -2.957958     11.044337     11.044337     22.088675
     -2.947948     12.434379     12.434379     24.868758
     -2.937938     15.559767     15.559767     31.119533
     -2.927928     20.214634     20.214634     40.429267
     -2.917918     25.887254     25.887254     51.774508
     -2.907908     31.813652     31.813652     63.627305
     -2.897898     37.124241     37.124241     74.248483
     -2.887888     41.050721     41.050721     82.101442
     -2.877878     43.126926     43.126926     86.253852
     -2.867868     43.305400     43.305400     86.610799
     -2.857858     41.935796     41.935796     83.871592
     -2.847848     39.607235     39.607235     79.214469
     -2.837838     36.919047     36.919047     73.838093
     -2.827828     34.279719     34.279719     68.559438
     -2.817818     31.820402     31.820402     63.640803
     -2.807808     29.451298     29.451298     58.902597
     -2.797798     27.016539     27.016539     54.033077
     -2.787788     24.455396     24.455396     48.910792
     -2.777778     21.881355     21.881355     43.762710
     -2.767768     19.542911     19.542911     39.085822
     -2.757758     17.700490     17.700490     35.400980
     -2.747748     16.501294     16.501294     33.002589
     -2.737738     15.930382     15.930382     31.860765
     -2.727728     15.864061     15.864061     31.728121
     -2.717718     16.183164     16.183164     32.366327
     -2.707708     16.863161     16.863161     33.726322
     -2.697698     17.973651     17.973651     35.947302
     -2.687688     19.583742     19.583742     39.167484
     -2.677678     21.640021     21.640021     43.280041
     -2.667668     23.910408     23.910408     47.820816
     -2.657658     26.047734     26.047734     52.095468
     -2.647648     27.745102     27.745102     55.490203
     -2.637638     28.887773     28.887773     57.775546
     -2.627628     29.603155     29.603155     59.206309
     -2.617618     30.176000     30.176000     60.351999
     -2.607608     30.883526     30.883526     61.767052
     -2.597598     31.851242     31.851242     63.702483
     -2.587588     33.004192     33.004192     66.008384
     -2.577578     34.116152     34.116152     68.232305
     -2.567568     34.900696     34.900696     69.801393
     -2.557558     35.085213     35.085213     70.170425
     -2.547548     34.452445     34.452445     68.904891
     -2.537538     32.875926     32.875926     65.751852
     -2.527528     30.375413     30.375413     60.750826
     -2.517518     27.179655     27.179655     54.359310
     -2.507508     23.747053     23.747053     47.494107
     -2.497497     20.698066     20.698066     41.396132
     -2.487487     18.658530     18.658530     37.317061
     -2.477477     18.068199     18.068199     36.136399
     -2.467467     19.036440     19.036440     38.072881
     -2.457457     21.311429     21.311429     42.622858
     -2.447447     24.380607     24.380607     48.761213
     -2.437437     27.662942     27.662942     55.325885
     -2.427427     30.712476     30.712476     61.424952
     -2.417417     33.345159     33.345159     66.690318
     -2.407407     35.632291     35.632291     71.264583
     -2.397397     37.763131     37.763131     75.526263
     -2.387387     39.842068     39.842068     79.684136
     -2.377377     41.722966     41.722966     83.445932
     -2.367367     42.973989     42.973989     85.947979
     -2.357357     43.008701     43.008701     86.017403
     -2.347347     41.336142     41.336142     82.672284
     -2.337337     37.815731     37.815731     75.631461
     -2.327327     32.792495     32.792495     65.584990
     -2.317317     27.045400     27.045400     54.090800
     -2.307307     21.574628     21.574628     43.149256
     -2.297297     17.326556     17.326556     34.653111
     -2.287287     14.967654     14.967654     29.935308
     -2.277277     14.773982     14.773982     29.547964
     -2.267267     16.639590     16.639590     33.279179
     -2.257257     20.164147     20.164147     40.328295
     -2.247247     24.770783     24.770783     49.541567
     -2.237237     29.817776     29.817776     59.635553
     -2.227227     34.684857     34.684857     69.369713
     -2.217217     38.828307     38.828307     77.656614
     -2.207207     41.810053     41.810053     83.620105
     -2.197197     43.315515     43.315515     86.631031
     -2.187187     43.177970     43.177970     86.355940
     -2.177177     41.416147     41.416147     82.832294
     -2.167167     38.268272     38.268272     76.536544
     -2.157157     34.185411     34.185411     68.370822
     -2.147147     29.751536     29.751536     59.503072
     -2.137137     25.534668     25.534668     51.069337
     -2.127127     21.922948     21.922948     43.845896
     -2.117117     19.024226     19.024226     38.048452
     -2.107107     16.683132     16.683132     33.366264
     -2.097097     14.606567     14.606567     29.213134
     -2.087087     12.528961     12.528961     25.057921
     -2.077077     10.332357     10.332357     20.664715
     -2.067067      8.071451      8.071451     16.142902
     -2.057057      5.912127      5.912127     11.824253
     -2.047047      4.034390      4.034390      8.068781
     -2.037037      2.555005      2.555005      5.110010
     -2.027027      1.498911      1.498911      2.997821
     -2.017017      0.815634      0.815634      1.631268
     -2.007007      0.417954      0.417954      0.835908
     -1.996997      0.220204      0.220204      0.440409
     -1.986987      0.164960      0.164960      0.329921
     -1.976977      0.238355      0.238355      0.476710
     -1.966967      0.479274      0.479274      0.958547
     -1.956957      0.985308      0.985308      1.970615
     -1.946947      1.911703      1.911703      3.823406
     -1.936937      3.453427      3.453427      6.906854
     -1.926927      5.800109      5.800109     11.600218
     -1.916917      9.062728      9.062728     18.125456
     -1.906907     13.188515     13.188515     26.377030
     -1.896897     17.898381     17.898381     35.796763
     -1.886887     22.686549     22.686549     45.373098
     -1.876877     26.905570     26.905570     53.811141
     -1.866867     29.924633     29.924633     59.849265
     -1.856857     31.311265     31.311265     62.622530
     -1.846847     30.967234     30.967234     61.934468
     -1.836837     29.160731     29.160731     58.321462
     -1.826827     26.435603     26.435603     52.871206
     -1.816817     23.427993     23.427993     46.855986
     -1.806807     20.660214     20.660214     41.320428
     -1.796797     18.393162     18.393162     36.786323
     -1.786787     16.594331     16.594331     33.188662
     -1.776777     15.026519     15.026519     30.053039
     -1.766767     13.406795     13.406795     26.813589
     -1.756757     11.556006     11.556006     23.112011
     -1.746747      9.472815      9.472815     18.945630
     -1.736737      7.313469      7.313469     14.626937
     -1.726727      5.309022      5.309022     10.618043
     -1.716717      3.675695      3.675695      7.351391
     -1.706707      2.562152      2.562152      5.124304
     -1.696697      2.044056      2.044056      4.088113
     -1.686687      2.145477      2.145477      4.290954
     -1.676677      2.855586      2.855586      5.711173
     -1.666667      4.120271      4.120271      8.240542
     -1.656657      5.812188      5.812188     11.624376
     -1.646647      7.704950      7.704950     15.409900
     -1.636637      9.483945      9.483945     18.967890
     -1.626627     10.811520     10.811520     21.623041
     -1.616617     11.433811     11.433811     22.867622
     -1.606607     11.287903     11.287903     22.575805
     -1.596597     10.560129     10.560129     21.120258
     -1.586587      9.665131      9.665131     19.330262
     -1.576577      9.148462      9.148462     18.296923
     -1.566567      9.542520      9.542520     19.085040
     -1.556557     11.214940     11.214940     22.429881
     -1.546547     14.245061     14.245061     28.490121
     -1.536537     18.359010     18.359010     36.718019
     -1.526527     22.949511     22.949511     45.899022
     -1.516517     27.193203     27.193203     54.386407
     -1.506507     30.248362     30.248362     60.496724
     -1.496496     31.478274     31.478274     62.956548
     -1.486486     30.623846     30.623846     61.247692
     -1.476476     27.862672     27.862672     55.725345
     -1.466466     23.737776     23.737776     47.475552
     -1.456456     18.992604     18.992604     37.985208
     -1.446446     14.380499     14.380499     28.760997
     -1.436436     10.513046     10.513046     21.026092
     -1.426426      7.780313      7.780313     15.560627
     -1.416416      6.338426      6.338426     12.676852
     -1.406406      6.137196      6.137196     12.274392
     -1.396396      6.961595      6.961595     13.923190
     -1.386386      8.478657      8.478657     16.957314
     -1.376376     10.297640     10.297640     20.595279
     -1.366366     12.049792     12.049792     24.099584
     -1.356356     13.473985     13.473985     26.947970
     -1.346346     14.473683     14.473683     28.947366
     -1.336336     15.112085     15.112085     30.224170
     -1.326326     15.542616     15.542616     31.085232
     -1.316316     15.911829     15.911829     31.823659
     -1.306306     16.289171     16.289171     32.578342
     -1.296296     16.656436     16.656436     33.312872
     -1.286286     16.945253     16.945253     33.890505
     -1.276276     17.080206     17.080206     34.160412
     -1.266266     16.993046     16.993046     33.986092
     -1.256256     16.609872     16.609872     33.219744
     -1.246246     15.843095     15.843095     31.686190
     -1.236236     14.615765     14.615765     29.231531
     -1.226226     12.912899     12.912899     25.825797
     -1.216216     10.824368     10.824368     21.648735
     -1.206206      8.544152      8.544152     17.088304
     -1.196196      6.320339      6.320339     12.640679
     -1.186186      4.383602      4.383602      8.767205
     -1.176176      2.893366      2.893366      5.786732
     -1.166166      1.925307      1.925307      3.850614
     -1.156156      1.496042      1.496042      2.992085
     -1.146146      1.600221      1.600221      3.200443
     -1.136136      2.231759      2.231759      4.463518
     -1.126126      3.373171      3.373171      6.746342
     -1.116116      4.957256      4.957256      9.914513
     -1.106106      6.824706      6.824706     13.649412
     -1.096096      8.710388      8.710388     17.420776
     -1.086086     10.282776     10.282776     20.565553
     -1.076076     11.235242     11.235242     22.470483
     -1.066066     11.396423     11.396423     22.792847
     -1.056056     10.808946     10.808946     21.617892
     -1.046046      9.734862      9.734862     19.469723
     -1.036036      8.578780      8.578780     17.157560
     -1.026026      7.756495      7.756495     15.512989
     -1.016016      7.558076      7.558076     15.116152
     -1.006006      8.053011      8.053011     16.106021
     -0.995996      9.067624      9.067624     18.135248
     -0.985986     10.241619     10.241619     20.483238
     -0.975976     11.146345     11.146345     22.292689
     -0.965966     11.425662     11.425662     22.851323
     -0.955956     10.908615     10.908615     21.817229
     -0.945946      9.651341      9.651341     19.302682
     -0.935936      7.895405      7.895405     15.790811
     -0.925926      5.967425      5.967425     11.934850
     -0.915916      4.168832      4.168832      8.337664
     -0.905906      2.701559      2.701559      5.403117
     -0.895896      1.650317      1.650317      3.300635
     -0.885886      1.012803      1.012803      2.025606
     -0.875876      0.751791      0.751791      1.503582
     -0.865866      0.841907      0.841907      1.683814
     -0.855856      1.292653      1.292653      2.585305
     -0.845846      2.140151      2.140151      4.280302
     -0.835836      3.410155      3.410155      6.820311
     -0.825826      5.065314      5.065314     10.130627
     -0.815816      6.960131      6.960131     13.920263
     -0.805806      8.831648      8.831648     17.663295
     -0.795796     10.344379     10.344379     20.688759
     -0.785786     11.183191     11.183191     22.366382
     -0.775776     11.158779     11.158779     22.317557
     -0.765766     10.276742     10.276742     20.553484
     -0.755756      8.735410      8.735410     17.470820
     -0.745746      6.853432      6.853432     13.706864
     -0.735736      4.963288      4.963288      9.926575
     -0.725726      3.319417      3.319417      6.638835
     -0.715716      2.054660      2.054660      4.109319
     -0.705706      1.189681      1.189681      2.379362
     -0.695696      0.676623      0.676623      1.353247
     -0.685686      0.451005      0.451005      0.902010
     -0.675676      0.472441      0.472441      0.944881
     -0.665666      0.745150      0.745150      1.490301
     -0.655656      1.315939      1.315939      2.631878
     -0.645646      2.249802      2.249802      4.499605
     -0.635636      3.586282      3.586282      7.172565
     -0.625626      5.287313      5.287313     10.574626
     -0.615616      7.197744      7.197744     14.395488
     -0.605606      9.044448      9.044448     18.088895
     -0.595596     10.489678     10.489678     20.979356
     -0.585586     11.228730     11.228730     22.457460
     -0.575576     11.093953     11.093953     22.187905
     -0.565566     10.116467     10.116467     20.232935
     -0.555556      8.514484      8.514484     17.028968
     -0.545546      6.614159      6.614159     13.228317
     -0.535536      4.742177      4.742177      9.484354
     -0.525526      3.138107      3.138107      6.276214
     -0.515516      1.916658      1.916658      3.833316
     -0.505506      1.080459      1.080459      2.160918
     -0.495495      0.562159      0.562159      1.124317
     -0.485485      0.269958      0.269958      0.539916
     -0.475475      0.119652      0.119652      0.239304
     -0.465465      0.048948      0.048948      0.097895
     -0.455455      0.018481      0.018481      0.036962
     -0.445445      0.006441      0.006441      0.012881
     -0.435435      0.002072      0.002072      0.004144
     -0.425425      0.000618      0.000618      0.001235
     -0.415415      0.000181      0.000181      0.000362
     -0.405405      0.000096      0.000096      0.000193
     -0.395395      0.000219      0.000219      0.000439
     -0.385385      0.000757      0.000757      0.001513
     -0.375375      0.002509      0.002509      0.005017
     -0.365365      0.007697      0.007697      0.015394
     -0.355355      0.021798      0.021798      0.043596
     -0.345345      0.056979      0.056979      0.113958
     -0.335335      0.137468      0.137468      0.274936
     -0.325325      0.306107      0.306107      0.612214
     -0.315315      0.629118      0.629118      1.258236
     -0.305305      1.193377      1.193377      2.386755
     -0.295295      2.089347      2.089347      4.178693
     -0.285285      3.376214      3.376214      6.752428
     -0.275275      5.035427      5.035427     10.070853
     -0.265265      6.931536      6.931536     13.863071
     -0.255255      8.806625      8.806625     17.613249
     -0.245245     10.327052     10.327052     20.654104
     -0.235235     11.177125     11.177125     22.354249
     -0.225225     11.165307     11.165307     22.330614
     -0.215215     10.294330     10.294330     20.588661
     -0.205205      8.760167      8.760167     17.520334
     -0.195195      6.880397      6.880397     13.760794
     -0.185185      4.987713      4.987713      9.975427
     -0.175175      3.337155      3.337155      6.674309
     -0.165165      2.060810      2.060810      4.121620
     -0.155155      1.174591      1.174591      2.349181
     -0.145145      0.617905      0.617905      1.235811
     -0.135135      0.300016      0.300016      0.600032
     -0.125125      0.134448      0.134448      0.268895
     -0.115115      0.055610      0.055610      0.111219
     -0.105105      0.021229      0.021229      0.042458
     -0.095095      0.007480      0.007480      0.014960
     -0.085085      0.002433      0.002433      0.004865
     -0.075075      0.000730      0.000730      0.001460
     -0.065065      0.000202      0.000202      0.000405
     -0.055055      0.000052      0.000052      0.000103
     -0.045045      0.000012      0.000012      0.000024
     -0.035035      0.000003      0.000003      0.000005
     -0.025025      0.000001      0.000001      0.000001
     -0.015015      0.000000      0.000000      0.000000
     -0.005005      0.000000      0.000000      0.000000
      0.005005      0.000000      0.000000      0.000000
      0.015015      0.000000      0.000000      0.000000
      0.025025      0.000001      0.000001      0.000001
      0.035035      0.000003      0.000003      0.000005
      0.045045      0.000012      0.000012      0.000024
      0.055055      0.000052      0.000052      0.000103
      0.065065      0.000202      0.000202      0.000405
      0.075075      0.000730      0.000730      0.001460
      0.085085      0.002433      0.002433      0.004865
      0.095095      0.007480      0.007480      0.014960
      0.105105      0.021229      0.021229      0.042458
      0.115115      0.055609      0.055609      0.111219
      0.125125      0.134448      0.134448      0.268895
      0.135135      0.300016      0.300016      0.600031
      0.145145      0.617905      0.617905      1.235810
      0.155155      1.174590      1.174590      2.349180
      0.165165      2.060809      2.060809      4.121618
      0.175175      3.337153      3.337153      6.674306
      0.185185      4.987712      4.987712      9.975423
      0.195195      6.880395      6.880395     13.760791
      0.205205      8.760165      8.760165     17.520330
      0.215215     10.294329     10.294329     20.588658
      0.225225     11.165307     11.165307     22.330613
      0.235235     11.177125     11.177125     22.354250
      0.245245     10.327053     10.327053     20.654107
      0.255255      8.806626      8.806626     17.613253
      0.265265      6.931538      6.931538     13.863075
      0.275275      5.035429      5.035429     10.070857
      0.285285      3.376215      3.376215      6.752431
      0.295295      2.089348      2.089348      4.178695
      0.305305      1.193378      1.193378      2.386756
      0.315315      0.629118      0.629118      1.258237
      0.325325      0.306107      0.306107      0.612214
      0.335335      0.137468      0.137468      0.274936
      0.345345      0.056979      0.056979      0.113958
      0.355355      0.021798      0.021798      0.043596
      0.365365      0.007697      0.007697      0.015394
      0.375375      0.002509      0.002509      0.005018
      0.385385      0.000757      0.000757      0.001514
      0.395395      0.000220      0.000220      0.000441
      0.405405      0.000101      0.000101      0.000201
      0.415415      0.000197      0.000197      0.000394
      0.425425      0.000672      0.000672      0.001344
      0.435435      0.002243      0.002243      0.004486
      0.445445      0.006934      0.006934      0.013867
      0.455455      0.019789      0.019789      0.039577
      0.465465      0.052127      0.052127      0.104254
      0.475475      0.126736      0.126736      0.253472
      0.485485      0.284396      0.284396      0.568791
      0.495495      0.589024      0.589024      1.178047
      0.505506      1.125977      1.125977      2.251953
      0.515516      1.986611      1.986611      3.973222
      0.525526      3.235066      3.235066      6.470133
      0.535536      4.862285      4.862285      9.724570
      0.545546      6.745040      6.745040     13.490079
      0.555556      8.636059      8.636059     17.272118
      0.565566     10.205498     10.205498     20.410995
      0.575576     11.131197     11.131197     22.262395
      0.585586     11.205853     11.205853     22.411705
      0.595596     10.412771     10.412771     20.825542
      0.605606      8.932887      8.932887     17.865774
      0.615616      7.080109      7.080109     14.160218
      0.625626      5.198635      5.198635     10.397270
      0.635636      3.571422      3.571422      7.142844
      0.645646      2.375833      2.375833      4.751665
      0.655656      1.692144      1.692144      3.384288
      0.665666      1.542998      1.542998      3.085996
      0.675676      1.930826      1.930826      3.861652
      0.685686      2.847701      2.847701      5.695401
      0.695696      4.251478      4.251478      8.502955
      0.705706      6.024212      6.024212     12.048424
      0.715716      7.944127      7.944127     15.888254
      0.725726      9.702230      9.702230     19.404460
      0.735736     10.975191     10.975191     21.950382
      0.745746     11.534088     11.534088     23.068176
      0.755756     11.341684     11.341684     22.683368
      0.765766     10.587359     10.587359     21.174719
      0.775776      9.634015      9.634015     19.268031
      0.785786      8.892073      8.892073     17.784145
      0.795796      8.669534      8.669534     17.339068
      0.805806      9.057669      9.057669     18.115338
      0.815816      9.896998      9.896998     19.793996
      0.825826     10.836688     10.836688     21.673375
      0.835836     11.464390     11.464390     22.928780
      0.845846     11.455463     11.455463     22.910927
      0.855856     10.682176     10.682176     21.364351
      0.865866      9.241327      9.241327     18.482653
      0.875876      7.396559      7.396559     14.793119
      0.885886      5.469990      5.469990     10.939980
      0.895896      3.735490      3.735490      7.470980
      0.905906      2.355028      2.355028      4.710056
      0.915916      1.370523      1.370523      2.741045
      0.925926      0.736298      0.736298      1.472596
      0.935936      0.365537      0.365537      0.731075
      0.945946      0.168958      0.168958      0.337915
      0.955956      0.076640      0.076640      0.153280
      0.965966      0.045094      0.045094      0.090188
      0.975976      0.056695      0.056695      0.113391
      0.985986      0.118175      0.118175      0.236351
      0.995996      0.261361      0.261361      0.522722
      1.006006      0.545015      0.545015      1.090030
      1.016016      1.052605      1.052605      2.105211
      1.026026      1.878874      1.878874      3.757748
      1.036036      3.100539      3.100539      6.201079
      1.046046      4.735081      4.735081      9.470163
      1.056056      6.703871      6.703871     13.407742
      1.066066      8.823944      8.823944     17.647888
      1.076076     10.846476     10.846476     21.692951
      1.086086     12.536593     12.536593     25.073185
      1.096096     13.759911     13.759911     27.519823
      1.106106     14.527876     14.527876     29.055752
      1.116116     14.972360     14.972360     29.944721
      1.126126     15.263098     15.263098     30.526197
      1.136136     15.519647     15.519647     31.039293
      1.146146     15.772192     15.772192     31.544383
      1.156156     15.988122     15.988122     31.976245
      1.166166     16.132492     16.132492     32.264984
      1.176176     16.209592     16.209592     32.419184
      1.186186     16.256044     16.256044     32.512089
      1.196196     16.301226     16.301226     32.602452
      1.206206     16.337766     16.337766     32.675533
      1.216216     16.330325     16.330325     32.660651
      1.226226     16.250342     16.250342     32.500684
      1.236236     16.097250     16.097250     32.194499
      1.246246     15.878963     15.878963     31.757926
      1.256256     15.565195     15.565195     31.130389
      1.266266     15.058246     15.058246     30.116493
      1.276276     14.217905     14.217905     28.435809
      1.286286     12.935748     12.935748     25.871496
      1.296296     11.214648     11.214648     22.429297
      1.306306      9.203956      9.203956     18.407912
      1.316316      7.172136      7.172136     14.344272
      1.326326      5.439224      5.439224     10.878448
      1.336336      4.310002      4.310002      8.620004
      1.346346      4.034842      4.034842      8.069684
      1.356356      4.794489      4.794489      9.588978
      1.366366      6.684021      6.684021     13.368042
      1.376376      9.676255      9.676255     19.352511
      1.386386     13.571723     13.571723     27.143446
      1.396396     17.969785     17.969785     35.939570
      1.406406     22.300191     22.300191     44.600383
      1.416416     25.927913     25.927913     51.855826
      1.426426     28.301494     28.301494     56.602988
      1.436436     29.086048     29.086048     58.172096
      1.446446     28.228209     28.228209     56.456418
      1.456456     25.937236     25.937236     51.874472
      1.466466     22.606793     22.606793     45.213585
      1.476476     18.719225     18.719225     37.438451
      1.486486     14.764026     14.764026     29.528052
      1.496496     11.180995     11.180995     22.361990
      1.506507      8.324480      8.324480     16.648959
      1.516517      6.442334      6.442334     12.884667
      1.526527      5.665082      5.665082     11.330164
      1.536537      6.001781      6.001781     12.003561
      1.546547      7.340715      7.340715     14.681430
      1.556557      9.458196      9.458196     18.916391
      1.566567     12.043889     12.043889     24.087779
      1.576577     14.749192     14.749192     29.498385
      1.586587     17.253934     17.253934     34.507868
      1.596597     19.333852     19.333852     38.667705
      1.606607     20.907190     20.907190     41.814380
      1.616617     22.046113     22.046113     44.092227
      1.626627     22.950259     22.950259     45.900518
      1.636637     23.887504     23.887504     47.775008
      1.646647     25.111384     25.111384     50.222769
      1.656657     26.771538     26.771538     53.543076
      1.666667     28.844543     28.844543     57.689086
      1.676677     31.118283     31.118283     62.236565
      1.686687     33.250810     33.250810     66.501619
      1.696697     34.891754     34.891754     69.783507
      1.706707     35.815295     35.815295     71.630590
      1.716717     35.994878     35.994878     71.989755
      1.726727     35.572309     35.572309     71.144619
      1.736737     34.734249     34.734249     69.468498
      1.746747     33.572860     33.572860     67.145720
      1.756757     32.027538     32.027538     64.055076
      1.766767     29.957728     29.957728     59.915456
      1.776777     27.308553     27.308553     54.617106
      1.786787     24.262184     24.262184     48.524368
      1.796797     21.268557     21.268557     42.537114
      1.806807     18.918714     18.918714     37.837429
      1.816817     17.714931     17.714931     35.429862
      1.826827     17.848000     17.848000     35.695999
      1.836837     19.087771     19.087771     38.175542
      1.846847     20.839694     20.839694     41.679387
      1.856857     22.347985     22.347985     44.695970
      1.866867     22.965105     22.965105     45.930210
      1.876877     22.379292     22.379292     44.758584
      1.886887     20.708530     20.708530     41.417060
      1.896897     18.426037     18.426037     36.852075
      1.906907     16.155625     16.155625     32.311250
      1.916917     14.430707     14.430707     28.861413
      1.926927     13.521876     13.521876     27.043751
      1.936937     13.400636     13.400636     26.801271
      1.946947     13.840140     13.840140     27.680280
      1.956957     14.588714     14.588714     29.177429
      1.966967     15.518407     15.518407     31.036814
      1.976977     16.666309     16.666309     33.332619
      1.986987     18.146984     18.146984     36.293968
      1.996997     19.991457     19.991457     39.982914
      2.007007     22.018171     22.018171     44.036341
      2.017017     23.829414     23.829414     47.658829
      2.027027     24.953279     24.953279     49.906559
      2.037037     25.058179     25.058179     50.116358
      2.047047     24.114958     24.114958     48.229917
      2.057057     22.408281     22.408281     44.816563
      2.067067     20.389681     20.389681     40.779361
      2.077077     18.460148     18.460148     36.920296
      2.087087     16.808052     16.808052     33.616104
      2.097097     15.386894     15.386894     30.773788
      2.107107     14.029158     14.029158     28.058316
      2.117117     12.616578     12.616578     25.233155
      2.127127     11.207296     11.207296     22.414592
      2.137137     10.058416     10.058416     20.116833
      2.147147      9.544713      9.544713     19.089425
      2.157157     10.021120     10.021120     20.042241
      2.167167     11.688706     11.688706     23.377413
      2.177177     14.507764     14.507764     29.015529
      2.187187     18.176484     18.176484     36.352967
      2.197197     22.173673     22.173673     44.347347
      2.207207     25.852716     25.852716     51.705431
      2.217217     28.567620     28.567620     57.135240
      2.227227     29.806870     29.806870     59.613740
      2.237237     29.306065     29.306065     58.612129
      2.247247     27.109362     27.109362     54.218724
      2.257257     23.557720     23.557720     47.115441
      2.267267     19.201924     19.201924     38.403847
      2.277277     14.665577     14.665577     29.331154
      2.287287     10.504694     10.504694     21.009388
      2.297297      7.112536      7.112536     14.225072
      2.307307      4.697621      4.697621      9.395243
      2.317317      3.329890      3.329890      6.659780
      2.327327      3.022050      3.022050      6.044100
      2.337337      3.802410      3.802410      7.604820
      2.347347      5.743403      5.743403     11.486807
      2.357357      8.929946      8.929946     17.859892
      2.367367     13.375769     13.375769     26.751538
      2.377377     18.917749     18.917749     37.835498
      2.387387     25.133012     25.133012     50.266024
      2.397397     31.325529     31.325529     62.651059
      2.407407     36.612824     36.612824     73.225649
      2.417417     40.108787     40.108787     80.217575
      2.427427     41.154887     41.154887     82.309775
      2.437437     39.518846     39.518846     79.037693
      2.447447     35.478951     35.478951     70.957902
      2.457457     29.752434     29.752434     59.504867
      2.467467     23.292507     23.292507     46.585014
      2.477477     17.036087     17.036087     34.072174
      2.487487     11.700467     11.700467     23.400935
      2.497497      7.694434      7.694434     15.388868
      2.507508      5.149266      5.149266     10.298532
      2.517518      4.022782      4.022782      8.045564
      2.527528      4.209589      4.209589      8.419179
      2.537538      5.605474      5.605474     11.210947
      2.547548      8.108221      8.108221     16.216442
      2.557558     11.571505     11.571505     23.143009
      2.567568     15.748712     15.748712     31.497425
      2.577578     20.264961     20.264961     40.529922
      2.587588     24.641085     24.641085     49.282170
      2.597598     28.370892     28.370892     56.741784
      2.607608     31.030822     31.030822     62.061645
      2.617618     32.386097     32.386097     64.772193
      2.627628     32.454350     32.454350     64.908699
      2.637638     31.500137     31.500137     63.000275
      2.647648     29.960307     29.960307     59.920614
      2.657658     28.330499     28.330499     56.660998
      2.667668     27.059318     27.059318     54.118636
      2.677678     26.486491     26.486491     52.972983
      2.687688     26.830288     26.830288     53.660575
      2.697698     28.199474     28.199474     56.398948
      2.707708     30.596848     30.596848     61.193697
      2.717718     33.898024     33.898024     67.796047
      2.727728     37.816440     37.816440     75.632880
      2.737738     41.886078     41.886078     83.772156
      2.747748     45.496954     45.496954     90.993908
      2.757758     48.002638     48.002638     96.005277
      2.767768     48.885884     48.885884     97.771769
      2.777778     47.928749     47.928749     95.857497
      2.787788     45.309687     45.309687     90.619374
      2.797798     41.565865     41.565865     83.131729
      2.807808     37.417542     37.417542     74.835084
      2.817818     33.523555     33.523555     67.047110
      2.827828     30.276825     30.276825     60.553650
      2.837838     27.728742     27.728742     55.457483
      2.847848     25.663640     25.663640     51.327279
      2.857858     23.771613     23.771613     47.543226
      2.867868     21.829196     21.829196     43.658392
      2.877878     19.806256     19.806256     39.612513
      2.887888     17.860792     17.860792     35.721584
      2.897898     16.237417     16.237417     32.474834
      2.907908     15.128180     15.128180     30.256360
      2.917918     14.569388     14.569388     29.138776
      2.927928     14.427355     14.427355     28.854710
      2.937938     14.476509     14.476509     28.953019
      2.947948     14.520009     14.520009     29.040018
      2.957958     14.478541     14.478541     28.957082
      2.967968     14.395408     14.395408     28.790816
      2.977978     14.362891     14.362891     28.725782
      2.987988     14.427853     14.427853     28.855707
      2.997998     14.545875     14.545875     29.091749
      3.008008     14.614294     14.614294     29.228588
      3.018018     14.554015     14.554015     29.108030
      3.028028     14.372895     14.372895     28.745791
      3.038038     14.157769     14.157769     28.315538
      3.048048     13.996787     13.996787     27.993574
      3.058058     13.887585     13.887585     27.775170
      3.068068     13.699811     13.699811     27.399621
      3.078078     13.223731     13.223731     26.447462
      3.088088     12.277930     12.277930     24.555861
      3.098098     10.810795     10.810795     21.621589
      3.108108      8.937611      8.937611     17.875223
      3.118118      6.898618      6.898618     13.797236
      3.128128      4.970345      4.970345      9.940691
      3.138138      3.382894      3.382894      6.765788
      3.148148      2.281918      2.281918      4.563836
      3.158158      1.741586      1.741586      3.483171
      3.168168      1.806021      1.806021      3.612042
      3.178178      2.525391      2.525391      5.050781
      3.188188      3.959556      3.959556      7.919111
      3.198198      6.140436      6.140436     12.280872
      3.208208      9.006280      9.006280     18.012560
      3.218218     12.339529     12.339529     24.679057
      3.228228     15.746903     15.746903     31.493805
      3.238238     18.709016     18.709016     37.418032
      3.248248     20.697761     20.697761     41.395522
      3.258258     21.324755     21.324755     42.649509
      3.268268     20.462371     20.462371     40.924742
      3.278278     18.285091     18.285091     36.570183
      3.288288     15.212512     15.212512     30.425024
      3.298298     11.778985     11.778985     23.557971
      3.308308      8.484801      8.484801     16.969602
      3.318318      5.685128      5.685128     11.370256
      3.328328      3.548273      3.548273      7.096546
      3.338338      2.080926      2.080926      4.161852
      3.348348      1.193539      1.193539      2.387078
      3.358358      0.772713      0.772713      1.545426
      3.368368      0.735793      0.735793      1.471586
      3.378378      1.055757      1.055757      2.111514
      3.388388      1.754249      1.754249      3.508499
      3.398398      2.866557      2.866557      5.733115
      3.408408      4.388556      4.388556      8.777111
      3.418418      6.224668      6.224668     12.449337
      3.428428      8.163593      8.163593     16.327187
      3.438438      9.905672      9.905672     19.811343
      3.448448     11.146215     11.146215     22.292430
      3.458458     11.688379     11.688379     23.376758
      3.468468     11.534999     11.534999     23.069999
      3.478478     10.909530     10.909530     21.819060
      3.488488     10.186236     10.186236     20.372472
      3.498498      9.754185      9.754185     19.508370
      3.508509      9.873602      9.873602     19.747204
      3.518519     10.588277     10.588277     21.176555
      3.528529     11.731309     11.731309     23.462617
      3.538539     13.016528     13.016528     26.033056
      3.548549     14.166133     14.166133     28.332266
      3.558559     15.008187     15.008187     30.016373
      3.568569     15.497295     15.497295     30.994591
      3.578579     15.659457     15.659457     31.318914
      3.588589     15.509214     15.509214     31.018427
      3.598599     15.001842     15.001842     30.003684
      3.608609     14.054259     14.054259     28.108519
      3.618619     12.616736     12.616736     25.233471
      3.628629     10.741662     10.741662     21.483324
      3.638639      8.600463      8.600463     17.200926
      3.648649      6.437965      6.437965     12.875930
      3.658659      4.494229      4.494229      8.988458
      3.668669      2.939114      2.939114      5.878228
      3.678679      1.849775      1.849775      3.699551
      3.688689      1.232174      1.232174      2.464348
      3.698699      1.064857      1.064857      2.129713
      3.708709      1.336677      1.336677      2.673354
      3.718719      2.057449      2.057449      4.114899
      3.728729      3.234872      3.234872      6.469744
      3.738739      4.827251      4.827251      9.654501
      3.748749      6.695854      6.695854     13.391709
      3.758759      8.587420      8.587420     17.174840
      3.768769     10.169393     10.169393     20.338787
      3.778779     11.116340     11.116340     22.232679
      3.788789     11.215819     11.215819     22.431637
      3.798799     10.444937     10.444937     20.889874
      3.808809      8.979050      8.979050     17.958100
      3.818819      7.128260      7.128260     14.256520
      3.828829      5.234324      5.234324     10.468649
      3.838839      3.577135      3.577135      7.154271
      3.848849      2.327913      2.327913      4.655825
      3.858859      1.556739      1.556739      3.113477
      3.868869      1.274627      1.274627      2.549254
      3.878879      1.478280      1.478280      2.956561
      3.888889      2.170621      2.170621      4.341241
      3.898899      3.345922      3.345922      6.691844
      3.908909      4.947887      4.947887      9.895774
      3.918919      6.825922      6.825922     13.651843
      3.928929      8.722252      8.722252     17.444504
      3.938939     10.313608     10.313608     20.627215
      3.948949     11.305433     11.305433     22.610866
      3.958959     11.545159     11.545159     23.090318
      3.968969     11.102963     11.102963     22.205926
      3.978979     10.277705     10.277705     20.555409
      3.988989      9.519106      9.519106     19.038212
      3.998999      9.295417      9.295417     18.590835
      4.009009      9.957311      9.957311     19.914623
      4.019019     11.644600     11.644600     23.289201
      4.029029     14.259297     14.259297     28.518595
      4.039039     17.500891     17.500891     35.001783
      4.049049     20.940223     20.940223     41.880445
      4.059059     24.103681     24.103681     48.207363
      4.069069     26.548991     26.548991     53.097982
      4.079079     27.929360     27.929360     55.858720
      4.089089     28.051391     28.051391     56.102781
      4.099099     26.925347     26.925347     53.850695
      4.109109     24.789302     24.789302     49.578604
      4.119119     22.078871     22.078871     44.157742
      4.129129     19.327616     19.327616     38.655232
      4.139139     17.018371     17.018371     34.036743
      4.149149     15.441506     15.441506     30.883013
      4.159159     14.625598     14.625598     29.251196
      4.169169     14.376762     14.376762     28.753525
      4.179179     14.407834     14.407834     28.815668
      4.189189     14.489744     14.489744     28.979489
      4.199199     14.546121     14.546121     29.092241
      4.209209     14.647556     14.647556     29.295112
      4.219219     14.922824     14.922824     29.845649
      4.229229     15.451020     15.451020     30.902041
      4.239239     16.201094     16.201094     32.402188
      4.249249     17.045163     17.045163     34.090326
      4.259259     17.821626     17.821626     35.643253
      4.269269     18.400173     18.400173     36.800346
      4.279279     18.714975     18.714975     37.429949
      4.289289     18.764334     18.764334     37.528668
      4.299299     18.594390     18.594390     37.188781
      4.309309     18.279974     18.279974     36.559947
      4.319319     17.902747     17.902747     35.805495
      4.329329     17.526495     17.526495     35.052990
      4.339339     17.182736     17.182736     34.365472
      4.349349     16.886070     16.886070     33.772141
      4.359359     16.680123     16.680123     33.360246
      4.369369     16.681086     16.681086     33.362172
      4.379379     17.068847     17.068847     34.137695
      4.389389     18.000329     18.000329     36.000659
      4.399399     19.476640     19.476640     38.953280
      4.409409     21.244078     21.244078     42.488155
      4.419419     22.807975     22.807975     45.615950
      4.429429     23.580211     23.580211     47.160422
      4.439439     23.100737     23.100737     46.201474
      4.449449     21.224298     21.224298     42.448596
      4.459459     18.179601     18.179601     36.359202
      4.469469     14.478972     14.478972     28.957943
      4.479479     10.735232     10.735232     21.470464
      4.489489      7.480560      7.480560     14.961119
      4.499499      5.062553      5.062553     10.125107
      4.509510      3.637263      3.637263      7.274526
      4.519520      3.226756      3.226756      6.453513
      4.529530      3.788039      3.788039      7.576078
      4.539540      5.253775      5.253775     10.507549
      4.549550      7.536076      7.536076     15.072152
      4.559560     10.510295     10.510295     21.020591
      4.569570     14.002250     14.002250     28.004500
      4.579580     17.790685     17.790685     35.581370
      4.589590     21.620894     21.620894     43.241787
      4.599600     25.220974     25.220974     50.441949
      4.609610     28.322173     28.322173     56.644346
      4.619620     30.694780     30.694780     61.389561
      4.629630     32.203215     32.203215     64.406429
      4.639640     32.858496     32.858496     65.716992
      4.649650     32.827714     32.827714     65.655428
      4.659660     32.374334     32.374334     64.748668
      4.669670     31.748088     31.748088     63.496177
      4.679680     31.083560     31.083560     62.167121
      4.689690     30.365471     30.365471     60.730943
      4.699700     29.473702     29.473702     58.947403
      4.709710     28.268757     28.268757     56.537515
      4.719720     26.660871     26.660871     53.321742
      4.729730     24.632935     24.632935     49.265870
      4.739740     22.230329     22.230329     44.460658
      4.749750     19.551090     19.551090     39.102180
      4.759760     16.754488     16.754488     33.508976
      4.769770     14.074606     14.074606     28.149212
      4.779780     11.809136     11.809136     23.618273
      4.789790     10.266513     10.266513     20.533027
      4.799800      9.684986      9.684986     19.369971
      4.809810     10.160904     10.160904     20.321808
      4.819820     11.623263     11.623263     23.246525
      4.829830     13.867321     13.867321     27.734642
      4.839840     16.626644     16.626644     33.253289
      4.849850     19.640991     19.640991     39.281981
      4.859860     22.683240     22.683240     45.366481
      4.869870     25.541402     25.541402     51.082804
      4.879880     27.989536     27.989536     55.979072
      4.889890     29.793140     29.793140     59.586280
      4.899900     30.766238     30.766238     61.532477
      4.909910     30.849378     30.849378     61.698755
      4.919920     30.150634     30.150634     60.301268
      4.929930     28.910605     28.910605     57.821210
      4.939940     27.402918     27.402918     54.805835
      4.949950     25.823812     25.823812     51.647624
      4.959960     24.228176     24.228176     48.456353
      4.969970     22.538485     22.538485     45.076970
      4.979980     20.613722     20.613722     41.227443
      4.989990     18.340737     18.340737     36.681474
      5.000000     15.707001     15.707001     31.414002
