# EIG2DOS: Utility for SIESTA to obtain the electronic density of states
#  E. Artacho, Apr 1999, A. Garcia, Apr 2012
#  Nick R. Papior, Feb 2017
# ------------------------------------------
# Eigenvalues calculated from a non-polarized calculation
# Eigenvalues read from siesta.EIG
# Kpoint weights read from siesta.KP
# Using smearing parameter:   0.0500
# Using 1000 points in the energy range
# Selected bands: 1 to: 2981
# Emin, Emax in file for selected band(s):    -27.0722762    218.3281400
# Nbands, Nspin, Nk   =   2981     1     1
# E_F                 =    -4.2853 eV --> (shifted to ZERO)
# Broadening          =     0.0500 eV
#
#        E            N(up)  (=)   N(down)         Ntot
     -5.000000     38.955288     38.955288     77.910575
     -4.989990     40.732813     40.732813     81.465627
     -4.979980     42.356409     42.356409     84.712819
     -4.969970     43.510773     43.510773     87.021547
     -4.959960     43.842499     43.842499     87.684998
     -4.949950     43.105427     43.105427     86.210854
     -4.939940     41.269914     41.269914     82.539827
     -4.929930     38.564737     38.564737     77.129474
     -4.919920     35.456065     35.456065     70.912131
     -4.909910     32.585553     32.585553     65.171106
     -4.899900     30.681156     30.681156     61.362311
     -4.889890     30.433393     30.433393     60.866786
     -4.879880     32.324664     32.324664     64.649327
     -4.869870     36.429738     36.429738     72.859475
     -4.859860     42.259732     42.259732     84.519465
     -4.849850     48.754906     48.754906     97.509813
     -4.839840     54.497815     54.497815    108.995630
     -4.829830     58.114910     58.114910    116.229819
     -4.819820     58.717772     58.717772    117.435545
     -4.809810     56.187038     56.187038    112.374076
     -4.799800     51.167566     51.167566    102.335131
     -4.789790     44.789175     44.789175     89.578350
     -4.779780     38.260858     38.260858     76.521717
     -4.769770     32.525226     32.525226     65.050452
     -4.759760     28.092138     28.092138     56.184276
     -4.749750     25.056561     25.056561     50.113123
     -4.739740     23.223868     23.223868     46.447737
     -4.729730     22.252659     22.252659     44.505318
     -4.719720     21.761917     21.761917     43.523833
     -4.709710     21.393853     21.393853     42.787706
     -4.699700     20.848963     20.848963     41.697925
     -4.689690     19.913722     19.913722     39.827444
     -4.679680     18.493371     18.493371     36.986742
     -4.669670     16.649460     16.649460     33.298921
     -4.659660     14.628879     14.628879     29.257758
     -4.649650     12.863752     12.863752     25.727504
     -4.639640     11.924421     11.924421     23.848842
     -4.629630     12.419090     12.419090     24.838181
     -4.619620     14.848146     14.848146     29.696293
     -4.609610     19.436624     19.436624     38.873249
     -4.599600     25.986711     25.986711     51.973423
     -4.589590     33.809929     33.809929     67.619858
     -4.579580     41.799396     41.799396     83.598793
     -4.569570     48.667315     48.667315     97.334629
     -4.559560     53.301994     53.301994    106.603988
     -4.549550     55.124615     55.124615    110.249230
     -4.539540     54.296999     54.296999    108.593998
     -4.529530     51.677834     51.677834    103.355668
     -4.519520     48.530729     48.530729     97.061459
     -4.509510     46.098251     46.098251     92.196501
     -4.499499     45.211448     45.211448     90.422897
     -4.489489     46.076863     46.076863     92.153726
     -4.479479     48.293008     48.293008     96.586016
     -4.469469     51.048949     51.048949    102.097898
     -4.459459     53.399921     53.399921    106.799843
     -4.449449     54.518285     54.518285    109.036569
     -4.439439     53.863545     53.863545    107.727090
     -4.429429     51.264504     51.264504    102.529008
     -4.419419     46.931069     46.931069     93.862137
     -4.409409     41.410215     41.410215     82.820431
     -4.399399     35.488152     35.488152     70.976305
     -4.389389     30.039492     30.039492     60.078984
     -4.379379     25.841069     25.841069     51.682139
     -4.369369     23.393007     23.393007     46.786014
     -4.359359     22.803997     22.803997     45.607994
     -4.349349     23.787006     23.787006     47.574011
     -4.339339     25.774965     25.774965     51.549931
     -4.329329     28.118754     28.118754     56.237508
     -4.319319     30.295512     30.295512     60.591024
     -4.309309     32.052489     32.052489     64.104978
     -4.299299     33.440902     33.440902     66.881803
     -4.289289     34.738456     34.738456     69.476911
     -4.279279     36.295489     36.295489     72.590977
     -4.269269     38.356789     38.356789     76.713579
     -4.259259     40.913481     40.913481     81.826963
     -4.249249     43.635699     43.635699     87.271398
     -4.239239     45.924850     45.924850     91.849699
     -4.229229     47.091837     47.091837     94.183674
     -4.219219     46.612074     46.612074     93.224149
     -4.209209     44.353990     44.353990     88.707980
     -4.199199     40.667286     40.667286     81.334572
     -4.189189     36.274432     36.274432     72.548863
     -4.179179     32.009826     32.009826     64.019653
     -4.169169     28.533211     28.533211     57.066422
     -4.159159     26.152823     26.152823     52.305646
     -4.149149     24.825955     24.825955     49.651911
     -4.139139     24.307520     24.307520     48.615041
     -4.129129     24.349640     24.349640     48.699279
     -4.119119     24.845918     24.845918     49.691837
     -4.109109     25.853721     25.853721     51.707441
     -4.099099     27.489976     27.489976     54.979953
     -4.089089     29.757057     29.757057     59.514115
     -4.079079     32.395514     32.395514     64.791029
     -4.069069     34.859968     34.859968     69.719937
     -4.059059     36.461316     36.461316     72.922631
     -4.049049     36.628717     36.628717     73.257435
     -4.039039     35.167219     35.167219     70.334438
     -4.029029     32.375205     32.375205     64.750409
     -4.019019     28.956563     28.956563     57.913126
     -4.009009     25.774599     25.774599     51.549199
     -3.998999     23.576103     23.576103     47.152206
     -3.988989     22.813607     22.813607     45.627213
     -3.978979     23.618995     23.618995     47.237991
     -3.968969     25.889346     25.889346     51.778693
     -3.958959     29.398618     29.398618     58.797236
     -3.948949     33.869007     33.869007     67.738015
     -3.938939     38.994467     38.994467     77.988933
     -3.928929     44.453356     44.453356     88.906713
     -3.918919     49.944259     49.944259     99.888518
     -3.908909     55.238520     55.238520    110.477040
     -3.898899     60.205761     60.205761    120.411522
     -3.888889     64.770426     64.770426    129.540852
     -3.878879     68.801463     68.801463    137.602925
     -3.868869     71.993294     71.993294    143.986588
     -3.858859     73.823513     73.823513    147.647025
     -3.848849     73.647552     73.647552    147.295105
     -3.838839     70.921057     70.921057    141.842114
     -3.828829     65.463704     65.463704    130.927408
     -3.818819     57.639637     57.639637    115.279274
     -3.808809     48.356520     48.356520     96.713041
     -3.798799     38.866317     38.866317     77.732633
     -3.788789     30.441282     30.441282     60.882564
     -3.778779     24.048719     24.048719     48.097439
     -3.768769     20.136140     20.136140     40.272279
     -3.758759     18.581654     18.581654     37.163308
     -3.748749     18.800120     18.800120     37.600240
     -3.738739     19.953310     19.953310     39.906621
     -3.728729     21.198809     21.198809     42.397618
     -3.718719     21.917221     21.917221     43.834442
     -3.708709     21.868660     21.868660     43.737320
     -3.698699     21.243060     21.243060     42.486119
     -3.688689     20.587424     20.587424     41.174849
     -3.678679     20.620143     20.620143     41.240286
     -3.668669     21.976557     21.976557     43.953113
     -3.658659     24.961578     24.961578     49.923156
     -3.648649     29.397923     29.397923     58.795845
     -3.638639     34.636479     34.636479     69.272958
     -3.628629     39.736421     39.736421     79.472842
     -3.618619     43.748931     43.748931     87.497863
     -3.608609     45.990006     45.990006     91.980012
     -3.598599     46.197105     46.197105     92.394209
     -3.588589     44.528091     44.528091     89.056181
     -3.578579     41.437536     41.437536     82.875072
     -3.568569     37.506700     37.506700     75.013399
     -3.558559     33.292774     33.292774     66.585548
     -3.548549     29.225224     29.225224     58.450448
     -3.538539     25.549975     25.549975     51.099950
     -3.528529     22.320016     22.320016     44.640031
     -3.518519     19.436809     19.436809     38.873618
     -3.508509     16.738163     16.738163     33.476325
     -3.498498     14.104534     14.104534     28.209067
     -3.488488     11.538897     11.538897     23.077794
     -3.478478      9.184721      9.184721     18.369442
     -3.468468      7.278075      7.278075     14.556150
     -3.458458      6.060506      6.060506     12.121012
     -3.448448      5.689821      5.689821     11.379642
     -3.438438      6.177061      6.177061     12.354122
     -3.428428      7.364316      7.364316     14.728632
     -3.418418      8.950255      8.950255     17.900510
     -3.408408     10.564698     10.564698     21.129395
     -3.398398     11.880407     11.880407     23.760814
     -3.388388     12.729174     12.729174     25.458348
     -3.378378     13.174765     13.174765     26.349530
     -3.368368     13.504846     13.504846     27.009692
     -3.358358     14.139053     14.139053     28.278106
     -3.348348     15.490413     15.490413     30.980826
     -3.338338     17.834592     17.834592     35.669183
     -3.328328     21.225093     21.225093     42.450186
     -3.318318     25.459679     25.459679     50.919357
     -3.308308     30.084634     30.084634     60.169268
     -3.298298     34.434029     34.434029     68.868059
     -3.288288     37.723033     37.723033     75.446067
     -3.278278     39.212347     39.212347     78.424695
     -3.268268     38.419214     38.419214     76.838427
     -3.258258     35.296318     35.296318     70.592636
     -3.248248     30.284129     30.284129     60.568258
     -3.238238     24.192005     24.192005     48.384009
     -3.228228     17.952037     17.952037     35.904074
     -3.218218     12.355754     12.355754     24.711508
     -3.208208      7.883217      7.883217     15.766434
     -3.198198      4.673714      4.673714      9.347428
     -3.188188      2.613894      2.613894      5.227787
     -3.178178      1.477762      1.477762      2.955523
     -3.168168      1.055968      1.055968      2.111935
     -3.158158      1.240587      1.240587      2.481174
     -3.148148      2.059184      2.059184      4.118368
     -3.138138      3.663760      3.663760      7.327520
     -3.128128      6.279099      6.279099     12.558197
     -3.118118     10.113227     10.113227     20.226455
     -3.108108     15.240621     15.240621     30.481242
     -3.098098     21.486994     21.486994     42.973987
     -3.088088     28.362564     28.362564     56.725128
     -3.078078     35.092061     35.092061     70.184121
     -3.068068     40.762549     40.762549     81.525098
     -3.058058     44.558603     44.558603     89.117207
     -3.048048     46.002549     46.002549     92.005097
     -3.038038     45.098943     45.098943     90.197887
     -3.028028     42.316952     42.316952     84.633904
     -3.018018     38.418734     38.418734     76.837467
     -3.008008     34.214016     34.214016     68.428031
     -2.997998     30.347797     30.347797     60.695595
     -2.987988     27.197809     27.197809     54.395618
     -2.977978     24.896480     24.896480     49.792959
     -2.967968     23.437163     23.437163     46.874325
     -2.957958     22.798845     22.798845     45.597690
     -2.947948     23.026966     23.026966     46.053932
     -2.937938     24.231152     24.231152     48.462305
     -2.927928     26.497720     26.497720     52.995440
     -2.917918     29.758507     29.758507     59.517013
     -2.907908     33.690038     33.690038     67.380076
     -2.897898     37.714682     37.714682     75.429364
     -2.887888     41.129548     41.129548     82.259097
     -2.877878     43.319743     43.319743     86.639485
     -2.867868     43.960571     43.960571     87.921142
     -2.857858     43.111652     43.111652     86.223303
     -2.847848     41.157568     41.157568     82.315137
     -2.837838     38.625858     38.625858     77.251716
     -2.827828     35.971961     35.971961     71.943921
     -2.817818     33.432074     33.432074     66.864149
     -2.807808     31.005052     31.005052     62.010105
     -2.797798     28.556141     28.556141     57.112281
     -2.787788     25.974369     25.974369     51.948739
     -2.777778     23.292766     23.292766     46.585533
     -2.767768     20.707014     20.707014     41.414027
     -2.757758     18.488724     18.488724     36.977447
     -2.747748     16.850636     16.850636     33.701271
     -2.737738     15.848045     15.848045     31.696090
     -2.727728     15.377386     15.377386     30.754772
     -2.717718     15.271782     15.271782     30.543563
     -2.707708     15.430946     15.430946     30.861892
     -2.697698     15.898489     15.898489     31.796978
     -2.687688     16.831012     16.831012     33.662023
     -2.677678     18.373093     18.373093     36.746186
     -2.667668     20.516577     20.516577     41.033154
     -2.657658     23.038545     23.038545     46.077090
     -2.647648     25.566269     25.566269     51.132538
     -2.637638     27.736690     27.736690     55.473380
     -2.627628     29.355509     29.355509     58.711017
     -2.617618     30.460495     30.460495     60.920990
     -2.607608     31.256884     31.256884     62.513769
     -2.597598     31.975182     31.975182     63.950364
     -2.587588     32.743933     32.743933     65.487865
     -2.577578     33.544012     33.544012     67.088024
     -2.567568     34.243206     34.243206     68.486413
     -2.557558     34.658538     34.658538     69.317075
     -2.547548     34.598049     34.598049     69.196097
     -2.537538     33.880172     33.880172     67.760343
     -2.527528     32.366392     32.366392     64.732784
     -2.517518     30.032630     30.032630     60.065260
     -2.507508     27.055935     27.055935     54.111869
     -2.497497     23.853008     23.853008     47.706016
     -2.487487     21.016146     21.016146     42.032292
     -2.477477     19.148374     19.148374     38.296748
     -2.467467     18.663156     18.663156     37.326312
     -2.457457     19.641979     19.641979     39.283958
     -2.447447     21.819262     21.819262     43.638525
     -2.437437     24.703730     24.703730     49.407460
     -2.427427     27.780472     27.780472     55.560944
     -2.417417     30.699185     30.699185     61.398371
     -2.407407     33.359879     33.359879     66.719758
     -2.397397     35.856628     35.856628     71.713256
     -2.387387     38.310923     38.310923     76.621846
     -2.377377     40.683979     40.683979     81.367958
     -2.367367     42.671733     42.671733     85.343465
     -2.357357     43.748224     43.748224     87.496449
     -2.347347     43.350379     43.350379     86.700758
     -2.337337     41.125628     41.125628     82.251256
     -2.327327     37.129473     37.129473     74.258945
     -2.317317     31.881099     31.881099     63.762197
     -2.307307     26.250895     26.250895     52.501791
     -2.297297     21.228818     21.228818     42.457636
     -2.287287     17.667583     17.667583     35.335165
     -2.277277     16.090835     16.090835     32.181670
     -2.267267     16.615202     16.615202     33.230403
     -2.257257     18.985599     18.985599     37.971197
     -2.247247     22.688983     22.688983     45.377965
     -2.237237     27.098821     27.098821     54.197642
     -2.227227     31.604991     31.604991     63.209983
     -2.217217     35.696122     35.696122     71.392243
     -2.207207     38.982739     38.982739     77.965478
     -2.197197     41.177201     41.177201     82.354402
     -2.187187     42.068532     42.068532     84.137063
     -2.177177     41.530557     41.530557     83.061114
     -2.167167     39.573223     39.573223     79.146446
     -2.157157     36.404061     36.404061     72.808121
     -2.147147     32.440681     32.440681     64.881363
     -2.137137     28.231677     28.231677     56.463355
     -2.127127     24.298672     24.298672     48.597344
     -2.117117     20.970250     20.970250     41.940499
     -2.107107     18.295334     18.295334     36.590667
     -2.097097     16.082896     16.082896     32.165792
     -2.087087     14.042574     14.042574     28.085148
     -2.077077     11.945940     11.945940     23.891880
     -2.067067      9.725695      9.725695     19.451390
     -2.057057      7.476148      7.476148     14.952296
     -2.047047      5.377293      5.377293     10.754586
     -2.037037      3.598629      3.598629      7.197257
     -2.027027      2.233492      2.233492      4.466983
     -2.017017      1.283995      1.283995      2.567991
     -2.007007      0.685894      0.685894      1.371787
     -1.996997      0.348879      0.348879      0.697759
     -1.986987      0.191869      0.191869      0.383739
     -1.976977      0.164973      0.164973      0.329946
     -1.966967      0.259769      0.259769      0.519538
     -1.956957      0.512444      0.512444      1.024888
     -1.946947      1.001329      1.001329      2.002658
     -1.936937      1.835590      1.835590      3.671181
     -1.926927      3.129944      3.129944      6.259889
     -1.916917      4.964320      4.964320      9.928640
     -1.906907      7.336739      7.336739     14.673477
     -1.896897     10.127164     10.127164     20.254327
     -1.886887     13.092252     13.092252     26.184505
     -1.876877     15.901794     15.901794     31.803589
     -1.866867     18.210703     18.210703     36.421405
     -1.856857     19.745217     19.745217     39.490433
     -1.846847     20.376162     20.376162     40.752324
     -1.836837     20.155939     20.155939     40.311878
     -1.826827     19.304885     19.304885     38.609769
     -1.816817     18.144768     18.144768     36.289536
     -1.806807     16.994408     16.994408     33.988816
     -1.796797     16.063051     16.063051     32.126102
     -1.786787     15.389156     15.389156     30.778313
     -1.776777     14.859879     14.859879     29.719757
     -1.766767     14.307177     14.307177     28.614354
     -1.756757     13.630386     13.630386     27.260772
     -1.746747     12.874106     12.874106     25.748212
     -1.736737     12.213162     12.213162     24.426324
     -1.726727     11.851868     11.851868     23.703735
     -1.716717     11.898149     11.898149     23.796299
     -1.706707     12.289728     12.289728     24.579457
     -1.696697     12.818684     12.818684     25.637368
     -1.686687     13.241037     13.241037     26.482073
     -1.676677     13.405902     13.405902     26.811804
     -1.666667     13.326177     13.326177     26.652353
     -1.656657     13.148012     13.148012     26.296025
     -1.646647     13.038551     13.038551     26.077102
     -1.636637     13.062148     13.062148     26.124295
     -1.626627     13.122865     13.122865     26.245730
     -1.616617     13.010890     13.010890     26.021781
     -1.606607     12.528822     12.528822     25.057644
     -1.596597     11.629195     11.629195     23.258390
     -1.586587     10.492121     10.492121     20.984242
     -1.576577      9.507127      9.507127     19.014253
     -1.566567      9.169209      9.169209     18.338418
     -1.556557      9.928913      9.928913     19.857825
     -1.546547     12.042212     12.042212     24.084424
     -1.536537     15.459037     15.459037     30.918074
     -1.526527     19.781806     19.781806     39.563612
     -1.516517     24.316658     24.316658     48.633316
     -1.506507     28.220017     28.220017     56.440033
     -1.496496     30.708830     30.708830     61.417660
     -1.486486     31.269465     31.269465     62.538929
     -1.476476     29.791453     29.791453     59.582907
     -1.466466     26.579552     26.579552     53.159105
     -1.456456     22.247983     22.247983     44.495965
     -1.446446     17.546223     17.546223     35.092446
     -1.436436     13.182977     13.182977     26.365953
     -1.426426      9.699876      9.699876     19.399752
     -1.416416      7.413116      7.413116     14.826231
     -1.406406      6.410516      6.410516     12.821032
     -1.396396      6.578991      6.578991     13.157983
     -1.386386      7.645452      7.645452     15.290904
     -1.376376      9.231314      9.231314     18.462629
     -1.366366     10.929136     10.929136     21.858271
     -1.356356     12.398669     12.398669     24.797338
     -1.346346     13.455640     13.455640     26.911280
     -1.336336     14.111641     14.111641     28.223282
     -1.326326     14.536968     14.536968     29.073936
     -1.316316     14.957692     14.957692     29.915383
     -1.306306     15.537519     15.537519     31.075037
     -1.296296     16.303729     16.303729     32.607457
     -1.286286     17.146486     17.146486     34.292972
     -1.276276     17.874912     17.874912     35.749825
     -1.266266     18.286347     18.286347     36.572694
     -1.256256     18.214188     18.214188     36.428376
     -1.246246     17.549959     17.549959     35.099918
     -1.236236     16.256321     16.256321     32.512643
     -1.226226     14.382770     14.382770     28.765540
     -1.216216     12.075586     12.075586     24.151172
     -1.206206      9.563003      9.563003     19.126006
     -1.196196      7.108155      7.108155     14.216310
     -1.186186      4.945712      4.945712      9.891424
     -1.176176      3.231876      3.231876      6.463751
     -1.166166      2.030412      2.030412      4.060825
     -1.156156      1.336297      1.336297      2.672595
     -1.146146      1.118912      1.118912      2.237825
     -1.136136      1.359240      1.359240      2.718481
     -1.126126      2.060838      2.060838      4.121677
     -1.116116      3.227584      3.227584      6.455167
     -1.106106      4.817393      4.817393      9.634786
     -1.096096      6.695947      6.695947     13.391894
     -1.086086      8.621655      8.621655     17.243309
     -1.076076     10.285152     10.285152     20.570304
     -1.066066     11.401537     11.401537     22.803073
     -1.056056     11.821114     11.821114     23.642228
     -1.046046     11.604301     11.604301     23.208602
     -1.036036     11.014846     11.014846     22.029692
     -1.026026     10.422422     10.422422     20.844844
     -1.016016     10.151791     10.151791     20.303582
     -1.006006     10.345219     10.345219     20.690439
     -0.995996     10.901311     10.901311     21.802622
     -0.985986     11.518647     11.518647     23.037294
     -0.975976     11.823957     11.823957     23.647914
     -0.965966     11.525783     11.525783     23.051566
     -0.955956     10.524966     10.524966     21.049932
     -0.945946      8.937680      8.937680     17.875361
     -0.935936      7.031688      7.031688     14.063376
     -0.925926      5.116644      5.116644     10.233289
     -0.915916      3.443313      3.443313      6.886626
     -0.905906      2.150753      2.150753      4.301506
     -0.895896      1.269549      1.269549      2.539098
     -0.885886      0.763188      0.763188      1.526377
     -0.875876      0.580214      0.580214      1.160429
     -0.865866      0.694793      0.694793      1.389587
     -0.855856      1.123528      1.123528      2.247056
     -0.845846      1.914643      1.914643      3.829286
     -0.835836      3.111763      3.111763      6.223525
     -0.825826      4.701992      4.701992      9.403983
     -0.815816      6.568002      6.568002     13.136004
     -0.805806      8.470725      8.470725     16.941449
     -0.795796     10.083862     10.083862     20.167724
     -0.785786     11.079675     11.079675     22.159350
     -0.775776     11.236098     11.236098     22.472197
     -0.765766     10.516987     10.516987     21.033973
     -0.755756      9.085622      9.085622     18.171243
     -0.745746      7.244493      7.244493     14.488986
     -0.735736      5.331685      5.331685     10.663370
     -0.725726      3.622366      3.622366      7.244731
     -0.715716      2.273757      2.273757      4.547513
     -0.705706      1.324147      1.324147      2.648293
     -0.695696      0.730665      0.730665      1.461329
     -0.685686      0.420160      0.420160      0.840320
     -0.675676      0.332560      0.332560      0.665120
     -0.665666      0.447221      0.447221      0.894442
     -0.655656      0.790798      0.790798      1.581597
     -0.645646      1.426983      1.426983      2.853967
     -0.635636      2.427730      2.427730      4.855460
     -0.625626      3.828131      3.828131      7.656262
     -0.615616      5.575867      5.575867     11.151734
     -0.605606      7.497093      7.497093     14.994187
     -0.595596      9.304080      9.304080     18.608160
     -0.585586     10.657205     10.657205     21.314410
     -0.575576     11.266799     11.266799     22.533598
     -0.565566     10.993721     10.993721     21.987443
     -0.555556      9.900925      9.900925     19.801850
     -0.545546      8.229883      8.229883     16.459766
     -0.535536      6.313910      6.313910     12.627821
     -0.525526      4.470849      4.470849      8.941698
     -0.515516      2.921921      2.921921      5.843842
     -0.505506      1.762519      1.762519      3.525038
     -0.495495      0.981264      0.981264      1.962528
     -0.485485      0.504226      0.504226      1.008451
     -0.475475      0.239139      0.239139      0.478278
     -0.465465      0.104680      0.104680      0.209360
     -0.455455      0.042292      0.042292      0.084585
     -0.445445      0.015771      0.015771      0.031541
     -0.435435      0.005428      0.005428      0.010856
     -0.425425      0.001726      0.001726      0.003453
     -0.415415      0.000516      0.000516      0.001032
     -0.405405      0.000182      0.000182      0.000365
     -0.395395      0.000213      0.000213      0.000427
     -0.385385      0.000660      0.000660      0.001319
     -0.375375      0.002189      0.002189      0.004379
     -0.365365      0.006776      0.006776      0.013553
     -0.355355      0.019372      0.019372      0.038744
     -0.345345      0.051116      0.051116      0.102232
     -0.335335      0.124488      0.124488      0.248976
     -0.325325      0.279823      0.279823      0.559647
     -0.315315      0.580534      0.580534      1.161067
     -0.305305      1.111624      1.111624      2.223247
     -0.295295      1.964604      1.964604      3.929208
     -0.285285      3.204639      3.204639      6.409277
     -0.275275      4.824696      4.824696      9.649392
     -0.265265      6.704212      6.704212     13.408424
     -0.255255      8.598295      8.598295     17.196590
     -0.245245     10.178031     10.178031     20.356063
     -0.235235     11.119931     11.119931     22.239862
     -0.225225     11.213140     11.213140     22.426280
     -0.215215     10.436125     10.436125     20.872249
     -0.205205      8.964748      8.964748     17.929497
     -0.195195      7.107614      7.107614     14.215227
     -0.185185      5.201114      5.201114     10.402228
     -0.175175      3.512819      3.512819      7.025638
     -0.165165      2.189788      2.189788      4.379576
     -0.155155      1.259897      1.259897      2.519795
     -0.145145      0.669045      0.669045      1.338089
     -0.135135      0.327915      0.327915      0.655831
     -0.125125      0.148339      0.148339      0.296678
     -0.115115      0.061935      0.061935      0.123870
     -0.105105      0.023867      0.023867      0.047735
     -0.095095      0.008489      0.008489      0.016978
     -0.085085      0.002787      0.002787      0.005574
     -0.075075      0.000844      0.000844      0.001689
     -0.065065      0.000236      0.000236      0.000472
     -0.055055      0.000061      0.000061      0.000122
     -0.045045      0.000015      0.000015      0.000029
     -0.035035      0.000003      0.000003      0.000006
     -0.025025      0.000001      0.000001      0.000001
     -0.015015      0.000000      0.000000      0.000000
     -0.005005      0.000000      0.000000      0.000000
      0.005005      0.000000      0.000000      0.000000
      0.015015      0.000000      0.000000      0.000000
      0.025025      0.000001      0.000001      0.000001
      0.035035      0.000003      0.000003      0.000006
      0.045045      0.000015      0.000015      0.000029
      0.055055      0.000061      0.000061      0.000122
      0.065065      0.000236      0.000236      0.000472
      0.075075      0.000844      0.000844      0.001689
      0.085085      0.002787      0.002787      0.005574
      0.095095      0.008489      0.008489      0.016978
      0.105105      0.023867      0.023867      0.047735
      0.115115      0.061935      0.061935      0.123870
      0.125125      0.148339      0.148339      0.296679
      0.135135      0.327916      0.327916      0.655832
      0.145145      0.669046      0.669046      1.338091
      0.155155      1.259899      1.259899      2.519798
      0.165165      2.189790      2.189790      4.379580
      0.175175      3.512822      3.512822      7.025644
      0.185185      5.201118      5.201118     10.402235
      0.195195      7.107618      7.107618     14.215235
      0.205205      8.964752      8.964752     17.929504
      0.215215     10.436127     10.436127     20.872254
      0.225225     11.213141     11.213141     22.426282
      0.235235     11.119930     11.119930     22.239860
      0.245245     10.178029     10.178029     20.356058
      0.255255      8.598291      8.598291     17.196582
      0.265265      6.704208      6.704208     13.408416
      0.275275      4.824693      4.824693      9.649385
      0.285285      3.204636      3.204636      6.409271
      0.295295      1.964602      1.964602      3.929204
      0.305305      1.111622      1.111622      2.223245
      0.315315      0.580533      0.580533      1.161066
      0.325325      0.279823      0.279823      0.559646
      0.335335      0.124488      0.124488      0.248975
      0.345345      0.051116      0.051116      0.102232
      0.355355      0.019372      0.019372      0.038744
      0.365365      0.006776      0.006776      0.013552
      0.375375      0.002188      0.002188      0.004375
      0.385385      0.000653      0.000653      0.001305
      0.395395      0.000183      0.000183      0.000366
      0.405405      0.000062      0.000062      0.000125
      0.415415      0.000081      0.000081      0.000162
      0.425425      0.000272      0.000272      0.000544
      0.435435      0.000958      0.000958      0.001916
      0.445445      0.003134      0.003134      0.006268
      0.455455      0.009468      0.009468      0.018937
      0.465465      0.026404      0.026404      0.052808
      0.475475      0.067959      0.067959      0.135919
      0.485485      0.161442      0.161442      0.322884
      0.495495      0.353972      0.353972      0.707944
      0.505506      0.716322      0.716322      1.432645
      0.515516      1.337935      1.337935      2.675870
      0.525526      2.306474      2.306474      4.612947
      0.535536      3.669853      3.669853      7.339707
      0.545546      5.389343      5.389343     10.778687
      0.555556      7.304828      7.304828     14.609656
      0.565566      9.138429      9.138429     18.276858
      0.575576     10.551686     10.551686     21.103372
      0.585586     11.245166     11.245166     22.490332
      0.595596     11.061679     11.061679     22.123359
      0.605606     10.044990     10.044990     20.089980
      0.615616      8.425031      8.425031     16.850062
      0.625626      6.538331      6.538331     13.076662
      0.635636      4.724658      4.724658      9.449316
      0.645646      3.247623      3.247623      6.495246
      0.655656      2.266374      2.266374      4.532749
      0.665666      1.853432      1.853432      3.706864
      0.675676      2.030265      2.030265      4.060529
      0.685686      2.788772      2.788772      5.577544
      0.695696      4.082088      4.082088      8.164176
      0.705706      5.792425      5.792425     11.584850
      0.715716      7.704104      7.704104     15.408207
      0.725726      9.514771      9.514771     19.029542
      0.735736     10.901405     10.901405     21.802810
      0.745746     11.625659     11.625659     23.251318
      0.755756     11.632983     11.632983     23.265967
      0.765766     11.092092     11.092092     22.184185
      0.775776     10.344298     10.344298     20.688596
      0.785786      9.775321      9.775321     19.550642
      0.795796      9.661552      9.661552     19.323104
      0.805806     10.057284     10.057284     20.114568
      0.815816     10.772384     10.772384     21.544767
      0.825826     11.450210     11.450210     22.900419
      0.835836     11.711500     11.711500     23.423000
      0.845846     11.301319     11.301319     22.602638
      0.855856     10.176804     10.176804     20.353608
      0.865866      8.503903      8.503903     17.007806
      0.875876      6.575697      6.575697     13.151394
      0.885886      4.698886      4.698886      9.397772
      0.895896      3.100951      3.100951      6.201902
      0.905906      1.889324      1.889324      3.778649
      0.915916      1.062594      1.062594      2.125189
      0.925926      0.551657      0.551657      1.103313
      0.935936      0.264471      0.264471      0.528942
      0.945946      0.117487      0.117487      0.234974
      0.955956      0.049729      0.049729      0.099459
      0.965966      0.024259      0.024259      0.048518
      0.975976      0.024324      0.024324      0.048647
      0.985986      0.049996      0.049996      0.099992
      0.995996      0.118251      0.118251      0.236502
      1.006006      0.266555      0.266555      0.533110
      1.016016      0.557228      0.557228      1.114457
      1.026026      1.077123      1.077123      2.154247
      1.036036      1.925825      1.925825      3.851650
      1.046046      3.188161      3.188161      6.376322
      1.056056      4.894873      4.894873      9.789746
      1.066066      6.986537      6.986537     13.973073
      1.076076      9.302424      9.302424     18.604847
      1.086086     11.609454     11.609454     23.218908
      1.096096     13.665415     13.665415     27.330829
      1.106106     15.287316     15.287316     30.574632
      1.116116     16.389076     16.389076     32.778152
      1.126126     16.972351     16.972351     33.944702
      1.136136     17.088022     17.088022     34.176044
      1.146146     16.805864     16.805864     33.611729
      1.156156     16.217264     16.217264     32.434528
      1.166166     15.459821     15.459821     30.919643
      1.176176     14.725648     14.725648     29.451297
      1.186186     14.223518     14.223518     28.447036
      1.196196     14.104036     14.104036     28.208073
      1.206206     14.393395     14.393395     28.786791
      1.216216     14.982236     14.982236     29.964472
      1.226226     15.678697     15.678697     31.357395
      1.236236     16.288921     16.288921     32.577842
      1.246246     16.671826     16.671826     33.343651
      1.256256     16.740876     16.740876     33.481753
      1.266266     16.431089     16.431089     32.862178
      1.276276     15.675877     15.675877     31.351754
      1.286286     14.424518     14.424518     28.849035
      1.296296     12.691335     12.691335     25.382670
      1.306306     10.597669     10.597669     21.195339
      1.316316      8.371943      8.371943     16.743886
      1.326326      6.305182      6.305182     12.610364
      1.336336      4.690344      4.690344      9.380688
      1.346346      3.779108      3.779108      7.558217
      1.356356      3.768340      3.768340      7.536680
      1.366366      4.800083      4.800083      9.600165
      1.376376      6.946812      6.946812     13.893624
      1.386386     10.167257     10.167257     20.334514
      1.396396     14.248096     14.248096     28.496191
      1.406406     18.771705     18.771705     37.543409
      1.416416     23.149792     23.149792     46.299585
      1.426426     26.732953     26.732953     53.465906
      1.436436     28.963678     28.963678     57.927357
      1.446446     29.513416     29.513416     59.026831
      1.456456     28.351360     28.351360     56.702720
      1.466466     25.727915     25.727915     51.455831
      1.476476     22.093915     22.093915     44.187829
      1.486486     17.994883     17.994883     35.989767
      1.496496     13.973932     13.973932     27.947864
      1.506507     10.499937     10.499937     20.999874
      1.516517      7.923306      7.923306     15.846611
      1.526527      6.454370      6.454370     12.908739
      1.536537      6.157339      6.157339     12.314677
      1.546547      6.954365      6.954365     13.908729
      1.556557      8.639584      8.639584     17.279169
      1.566567     10.908838     10.908838     21.817676
      1.576577     13.410431     13.410431     26.820862
      1.586587     15.812530     15.812530     31.625060
      1.596597     17.869983     17.869983     35.739965
      1.606607     19.469191     19.469191     38.938381
      1.616617     20.638976     20.638976     41.277952
      1.626627     21.529963     21.529963     43.059925
      1.636637     22.372026     22.372026     44.744052
      1.646647     23.415845     23.415845     46.831690
      1.656657     24.860918     24.860918     49.721836
      1.666667     26.779930     26.779930     53.559861
      1.676677     29.065591     29.065591     58.131181
      1.686687     31.434418     31.434418     62.868836
      1.696697     33.506466     33.506466     67.012932
      1.706707     34.941315     34.941315     69.882630
      1.716717     35.569832     35.569832     71.139665
      1.726727     35.448217     35.448217     70.896434
      1.736737     34.794422     34.794422     69.588844
      1.746747     33.836230     33.836230     67.672460
      1.756757     32.663198     32.663198     65.326396
      1.766767     31.183329     31.183329     62.366658
      1.776777     29.223712     29.223712     58.447425
      1.786787     26.718595     26.718595     53.437190
      1.796797     23.864160     23.864160     47.728319
      1.806807     21.132500     21.132500     42.265000
      1.816817     19.118533     19.118533     38.237066
      1.826827     18.289102     18.289102     36.578204
      1.836837     18.757110     18.757110     37.514221
      1.846847     20.191935     20.191935     40.383870
      1.856857     21.914037     21.914037     43.828074
      1.866867     23.139262     23.139262     46.278524
      1.876877     23.271683     23.271683     46.543366
      1.886887     22.120962     22.120962     44.241923
      1.896897     19.953177     19.953177     39.906353
      1.906907     17.359838     17.359838     34.719676
      1.916917     15.011667     15.011667     30.023334
      1.926927     13.410620     13.410620     26.821240
      1.936937     12.744753     12.744753     25.489506
      1.946947     12.895355     12.895355     25.790711
      1.956957     13.573766     13.573766     27.147533
      1.966967     14.508275     14.508275     29.016551
      1.976977     15.582174     15.582174     31.164347
      1.986987     16.851481     16.851481     33.702963
      1.996997     18.436168     18.436168     36.872336
      2.007007     20.352413     20.352413     40.704827
      2.017017     22.394155     22.394155     44.788311
      2.027027     24.149709     24.149709     48.299418
      2.037037     25.159522     25.159522     50.319043
      2.047047     25.130355     25.130355     50.260710
      2.057057     24.079420     24.079420     48.158840
      2.067067     22.320753     22.320753     44.641506
      2.077077     20.302528     20.302528     40.605055
      2.087087     18.394284     18.394284     36.788569
      2.097097     16.748016     16.748016     33.496031
      2.107107     15.303846     15.303846     30.607693
      2.117117     13.919869     13.919869     27.839739
      2.127127     12.537155     12.537155     25.074310
      2.137137     11.283013     11.283013     22.566025
      2.147147     10.462151     10.462151     20.924302
      2.157157     10.448999     10.448999     20.897998
      2.167167     11.537382     11.537382     23.074764
      2.177177     13.811046     13.811046     27.622093
      2.187187     17.079107     17.079107     34.158214
      2.197197     20.892002     20.892002     41.784004
      2.207207     24.628639     24.628639     49.257278
      2.217217     27.628574     27.628574     55.257148
      2.227227     29.334684     29.334684     58.669368
      2.237237     29.411613     29.411613     58.823227
      2.247247     27.812361     27.812361     55.624722
      2.257257     24.777920     24.777920     49.555839
      2.267267     20.771031     20.771031     41.542062
      2.277277     16.362701     16.362701     32.725403
      2.287287     12.104979     12.104979     24.209958
      2.297297      8.428954      8.428954     16.857908
      2.307307      5.597953      5.597953     11.195905
      2.317317      3.724253      3.724253      7.448506
      2.327327      2.832666      2.832666      5.665331
      2.337337      2.937195      2.937195      5.874390
      2.347347      4.093972      4.093972      8.187944
      2.357357      6.404017      6.404017     12.808035
      2.367367      9.958386      9.958386     19.916773
      2.377377     14.740651     14.740651     29.481303
      2.387387     20.522195     20.522195     41.044390
      2.397397     26.797740     26.797740     53.595480
      2.407407     32.804514     32.804514     65.609028
      2.417417     37.644263     37.644263     75.288526
      2.427427     40.487339     40.487339     80.974678
      2.437437     40.797311     40.797311     81.594622
      2.447447     38.493781     38.493781     76.987562
      2.457457     33.986109     33.986109     67.972219
      2.467467     28.060069     28.060069     56.120138
      2.477477     21.661112     21.661112     43.322223
      2.487487     15.659960     15.659960     31.319919
      2.497497     10.686269     10.686269     21.372539
      2.507508      7.076181      7.076181     14.152361
      2.517518      4.923784      4.923784      9.847567
      2.527528      4.184661      4.184661      8.369322
      2.537538      4.769197      4.769197      9.538395
      2.547548      6.582858      6.582858     13.165715
      2.557558      9.505635      9.505635     19.011270
      2.567568     13.335693     13.335693     26.671386
      2.577578     17.739744     17.739744     35.479487
      2.587588     22.249299     22.249299     44.498597
      2.597598     26.320542     26.320542     52.641083
      2.607608     29.445927     29.445927     58.891853
      2.617618     31.280555     31.280555     62.561111
      2.627628     31.736273     31.736273     63.472545
      2.637638     31.005836     31.005836     62.011672
      2.647648     29.505939     29.505939     59.011877
      2.657658     27.761409     27.761409     55.522818
      2.667668     26.277845     26.277845     52.555691
      2.677678     25.451144     25.451144     50.902289
      2.687688     25.536713     25.536713     51.073426
      2.697698     26.663820     26.663820     53.327639
      2.707708     28.856937     28.856937     57.713874
      2.717718     32.032129     32.032129     64.064258
      2.727728     35.966078     35.966078     71.932156
      2.737738     40.265648     40.265648     80.531297
      2.747748     44.377024     44.377024     88.754047
      2.757758     47.660821     47.660821     95.321643
      2.767768     49.530575     49.530575     99.061151
      2.777778     49.618003     49.618003     99.236007
      2.787788     47.902539     47.902539     95.805077
      2.797798     44.740498     44.740498     89.480996
      2.807808     40.762211     40.762211     81.524423
      2.817818     36.665531     36.665531     73.331063
      2.827828     32.989993     32.989993     65.979986
      2.837838     29.970969     29.970969     59.941939
      2.847848     27.534149     27.534149     55.068298
      2.857858     25.419844     25.419844     50.839689
      2.867868     23.365406     23.365406     46.730811
      2.877878     21.253969     21.253969     42.507939
      2.887888     19.163682     19.163682     38.327364
      2.897898     17.305338     17.305338     34.610677
      2.907908     15.891307     15.891307     31.782613
      2.917918     15.010390     15.010390     30.020779
      2.927928     14.577221     14.577221     29.154443
      2.937938     14.382128     14.382128     28.764256
      2.947948     14.208982     14.208982     28.417965
      2.957958     13.947763     13.947763     27.895525
      2.967968     13.631922     13.631922     27.263843
      2.977978     13.378526     13.378526     26.757051
      2.987988     13.271750     13.271750     26.543500
      2.997998     13.266783     13.266783     26.533566
      3.008008     13.177339     13.177339     26.354678
      3.018018     12.755779     12.755779     25.511557
      3.028028     11.817040     11.817040     23.634080
      3.038038     10.333761     10.333761     20.667522
      3.048048      8.452487      8.452487     16.904974
      3.058058      6.430598      6.430598     12.861196
      3.068068      4.536068      4.536068      9.072136
      3.078078      2.963131      2.963131      5.926263
      3.088088      1.796855      1.796855      3.593711
      3.098098      1.027952      1.027952      2.055904
      3.108108      0.596957      0.596957      1.193914
      3.118118      0.442504      0.442504      0.885008
      3.128128      0.536478      0.536478      1.072956
      3.138138      0.898985      0.898985      1.797970
      3.148148      1.592039      1.592039      3.184078
      3.158158      2.693706      2.693706      5.387411
      3.168168      4.258787      4.258787      8.517574
      3.178178      6.280028      6.280028     12.560055
      3.188188      8.670301      8.670301     17.340602
      3.198198     11.281824     11.281824     22.563647
      3.208208     13.958210     13.958210     27.916419
      3.218218     16.588217     16.588217     33.176434
      3.228228     19.118119     19.118119     38.236239
      3.238238     21.500924     21.500924     43.001848
      3.248248     23.608827     23.608827     47.217653
      3.258258     25.176200     25.176200     50.352399
      3.268268     25.835840     25.835840     51.671680
      3.278278     25.254248     25.254248     50.508496
      3.288288     23.299652     23.299652     46.599304
      3.298298     20.144312     20.144312     40.288623
      3.308308     16.237291     16.237291     32.474583
      3.318318     12.160905     12.160905     24.321811
      3.328328      8.448249      8.448249     16.896499
      3.338338      5.449866      5.449866     10.899731
      3.348348      3.296829      3.296829      6.593658
      3.358358      1.950863      1.950863      3.901727
      3.368368      1.295599      1.295599      2.591198
      3.378378      1.219262      1.219262      2.438523
      3.388388      1.657389      1.657389      3.314778
      3.398398      2.587538      2.587538      5.175076
      3.408408      3.986855      3.986855      7.973710
      3.418418      5.776707      5.776707     11.553415
      3.428428      7.785883      7.785883     15.571765
      3.438438      9.760344      9.760344     19.520688
      3.448448     11.427907     11.427907     22.855814
      3.458458     12.594479     12.594479     25.188959
      3.468468     13.221920     13.221920     26.443840
      3.478478     13.437615     13.437615     26.875230
      3.488488     13.460175     13.460175     26.920351
      3.498498     13.477055     13.477055     26.954110
      3.508509     13.544479     13.544479     27.088957
      3.518519     13.571289     13.571289     27.142577
      3.528529     13.398309     13.398309     26.796617
      3.538539     12.924933     12.924933     25.849866
      3.548549     12.204021     12.204021     24.408043
      3.558559     11.444478     11.444478     22.888955
      3.568569     10.915774     10.915774     21.831548
      3.578579     10.805808     10.805808     21.611616
      3.588589     11.109808     11.109808     22.219616
      3.598599     11.610717     11.610717     23.221434
      3.608609     11.962485     11.962485     23.924969
      3.618619     11.834625     11.834625     23.669251
      3.628629     11.047382     11.047382     22.094764
      3.638639      9.636229      9.636229     19.272458
      3.648649      7.825172      7.825172     15.650344
      3.658659      5.935516      5.935516     11.871033
      3.668669      4.283356      4.283356      8.566712
      3.678679      3.112497      3.112497      6.224994
      3.688689      2.578936      2.578936      5.157872
      3.698699      2.770261      2.770261      5.540523
      3.708709      3.727643      3.727643      7.455287
      3.718719      5.445106      5.445106     10.890211
      3.728729      7.842643      7.842643     15.685286
      3.738739     10.731856     10.731856     21.463712
      3.748749     13.802394     13.802394     27.604788
      3.758759     16.649901     16.649901     33.299802
      3.768769     18.846419     18.846419     37.692838
      3.778779     20.033762     20.033762     40.067524
      3.788789     20.009495     20.009495     40.018991
      3.798799     18.777305     18.777305     37.554610
      3.808809     16.545409     16.545409     33.090817
      3.818819     13.672983     13.672983     27.345966
      3.828829     10.580754     10.580754     21.161508
      3.838839      7.653639      7.653639     15.307277
      3.848849      5.165603      5.165603     10.331206
      3.858859      3.247197      3.247197      6.494395
      3.868869      1.898166      1.898166      3.796333
      3.878879      1.030443      1.030443      2.060887
      3.888889      0.519242      0.519242      1.038484
      3.898899      0.243903      0.243903      0.487806
      3.908909      0.110681      0.110681      0.221361
      3.918919      0.059663      0.059663      0.119326
      3.928929      0.063107      0.063107      0.126214
      3.938939      0.122380      0.122380      0.244760
      3.948949      0.267357      0.267357      0.534715
      3.958959      0.557646      0.557646      1.115291
      3.968969      1.080903      1.080903      2.161806
      3.978979      1.941540      1.941540      3.883080
      3.988989      3.235424      3.235424      6.470848
      3.998999      5.014081      5.014081     10.028161
      4.009009      7.252468      7.252468     14.504935
      4.019019      9.840048      9.840048     19.680095
      4.029029     12.607186     12.607186     25.214372
      4.039039     15.377540     15.377540     30.755081
      4.049049     18.015055     18.015055     36.030110
      4.059059     20.431288     20.431288     40.862575
      4.069069     22.544580     22.544580     45.089160
      4.079079     24.222827     24.222827     48.445654
      4.089089     25.264529     25.264529     50.529057
      4.099099     25.454492     25.454492     50.908983
      4.109109     24.678105     24.678105     49.356210
      4.119119     23.028250     23.028250     46.056500
      4.129129     20.830267     20.830267     41.660533
      4.139139     18.553170     18.553170     37.106339
      4.149149     16.642930     16.642930     33.285859
      4.159159     15.362317     15.362317     30.724634
      4.169169     14.720565     14.720565     29.441130
      4.179179     14.525818     14.525818     29.051637
      4.189189     14.524490     14.524490     29.048981
      4.199199     14.545385     14.545385     29.090769
      4.209209     14.569888     14.569888     29.139776
      4.219219     14.699412     14.699412     29.398824
      4.229229     15.054832     15.054832     30.109664
      4.239239     15.678756     15.678756     31.357512
      4.249249     16.498618     16.498618     32.997236
      4.259259     17.360666     17.360666     34.721331
      4.269269     18.099598     18.099598     36.199197
      4.279279     18.597120     18.597120     37.194240
      4.289289     18.805351     18.805351     37.610701
      4.299299     18.741146     18.741146     37.482293
      4.309309     18.468500     18.468500     36.937000
      4.319319     18.076899     18.076899     36.153798
      4.329329     17.654104     17.654104     35.308208
      4.339339     17.258333     17.258333     34.516666
      4.349349     16.909200     16.909200     33.818399
      4.359359     16.615417     16.615417     33.230834
      4.369369     16.429928     16.429928     32.859857
      4.379379     16.488915     16.488915     32.977831
      4.389389     16.984441     16.984441     33.968883
      4.399399     18.057868     18.057868     36.115737
      4.409409     19.662133     19.662133     39.324267
      4.419419     21.480443     21.480443     42.960886
      4.429429     22.972195     22.972195     45.944389
      4.439439     23.547873     23.547873     47.095747
      4.449449     22.796029     22.796029     45.592057
      4.459459     20.649506     20.649506     41.299012
      4.469469     17.409609     17.409609     34.819218
      4.479479     13.625000     13.625000     27.250001
      4.489489      9.896207      9.896207     19.792414
      4.499499      6.702900      6.702900     13.405800
      4.509510      4.321649      4.321649      8.643298
      4.519520      2.844084      2.844084      5.688167
      4.529530      2.256798      2.256798      4.513597
      4.539540      2.526756      2.526756      5.053511
      4.549550      3.647912      3.647912      7.295823
      4.559560      5.631931      5.631931     11.263863
      4.569570      8.454105      8.454105     16.908210
      4.579580     11.986268     11.986268     23.972536
      4.589590     15.955979     15.955979     31.911959
      4.599600     19.961527     19.961527     39.923053
      4.609610     23.547062     23.547062     47.094123
      4.619620     26.312160     26.312160     52.624320
      4.629630     28.011925     28.011925     56.023849
      4.639640     28.608542     28.608542     57.217084
      4.649650     28.259276     28.259276     56.518552
      4.659660     27.253315     27.253315     54.506630
      4.669670     25.925440     25.925440     51.850879
      4.679680     24.574584     24.574584     49.149167
      4.689690     23.406801     23.406801     46.813602
      4.699700     22.512192     22.512192     45.024383
      4.709710     21.875741     21.875741     43.751482
      4.719720     21.412934     21.412934     42.825868
      4.729730     21.015543     21.015543     42.031087
      4.739740     20.594748     20.594748     41.189495
      4.749750     20.114750     20.114750     40.229499
      4.759760     19.612606     19.612606     39.225212
      4.769770     19.196627     19.196627     38.393253
      4.779780     19.014936     19.014936     38.029871
      4.789790     19.197358     19.197358     38.394717
      4.799800     19.794116     19.794116     39.588233
      4.809810     20.746268     20.746268     41.492536
      4.819820     21.910528     21.910528     43.821057
      4.829830     23.129227     23.129227     46.258453
      4.839840     24.306041     24.306041     48.612083
      4.849850     25.441024     25.441024     50.882048
      4.859860     26.600016     26.600016     53.200032
      4.869870     27.832251     27.832251     55.664502
      4.879880     29.084013     29.084013     58.168026
      4.889890     30.164351     30.164351     60.328703
      4.899900     30.791585     30.791585     61.583169
      4.909910     30.699389     30.699389     61.398778
      4.919920     29.741603     29.741603     59.483207
      4.929930     27.936209     27.936209     55.872418
      4.939940     25.432432     25.432432     50.864863
      4.949950     22.436587     22.436587     44.873174
      4.959960     19.151465     19.151465     38.302929
      4.969970     15.759407     15.759407     31.518814
      4.979980     12.437534     12.437534     24.875069
      4.989990      9.371799      9.371799     18.743598
      5.000000      6.748150      6.748150     13.496300
