# EIG2DOS: Utility for SIESTA to obtain the electronic density of states
#  E. Artacho, Apr 1999, A. Garcia, Apr 2012
#  Nick R. Papior, Feb 2017
# ------------------------------------------
# Eigenvalues calculated from a non-polarized calculation
# Eigenvalues read from siesta.EIG
# Kpoint weights read from siesta.KP
# Using smearing parameter:   0.0500
# Using 1000 points in the energy range
# Selected bands: 1 to: 2981
# Emin, Emax in file for selected band(s):    -27.2758522    218.3947690
# Nbands, Nspin, Nk   =   2981     1     1
# E_F                 =    -4.2014 eV --> (shifted to ZERO)
# Broadening          =     0.0500 eV
#
#        E            N(up)  (=)   N(down)         Ntot
     -5.000000     32.866985     32.866985     65.733970
     -4.989990     37.677538     37.677538     75.355077
     -4.979980     42.028519     42.028519     84.057039
     -4.969970     45.171850     45.171850     90.343700
     -4.959960     46.520837     46.520837     93.041674
     -4.949950     45.846758     45.846758     91.693516
     -4.939940     43.361801     43.361801     86.723602
     -4.929930     39.670592     39.670592     79.341185
     -4.919920     35.630899     35.630899     71.261798
     -4.909910     32.184015     32.184015     64.368030
     -4.899900     30.192476     30.192476     60.384953
     -4.889890     30.287673     30.287673     60.575345
     -4.879880     32.721405     32.721405     65.442810
     -4.869870     37.244898     37.244898     74.489797
     -4.859860     43.077363     43.077363     86.154727
     -4.849850     49.028477     49.028477     98.056954
     -4.839840     53.783720     53.783720    107.567439
     -4.829830     56.273878     56.273878    112.547757
     -4.819820     55.987540     55.987540    111.975080
     -4.809810     53.095338     53.095338    106.190676
     -4.799800     48.338500     48.338500     96.677001
     -4.789790     42.744195     42.744195     85.488389
     -4.779780     37.301841     37.301841     74.603681
     -4.769770     32.730322     32.730322     65.460644
     -4.759760     29.397784     29.397784     58.795569
     -4.749750     27.371602     27.371602     54.743203
     -4.739740     26.524381     26.524381     53.048762
     -4.729730     26.621867     26.621867     53.243734
     -4.719720     27.357704     27.357704     54.715409
     -4.709710     28.349883     28.349883     56.699765
     -4.699700     29.146941     29.146941     58.293883
     -4.689690     29.291105     29.291105     58.582210
     -4.679680     28.448910     28.448910     56.897820
     -4.669670     26.567031     26.567031     53.134061
     -4.659660     23.975892     23.975892     47.951784
     -4.649650     21.372556     21.372556     42.745112
     -4.639640     19.664116     19.664116     39.328232
     -4.629630     19.712914     19.712914     39.425829
     -4.619620     22.063126     22.063126     44.126252
     -4.609610     26.734327     26.734327     53.468655
     -4.599600     33.150710     33.150710     66.301420
     -4.589590     40.243676     40.243676     80.487352
     -4.579580     46.719842     46.719842     93.439685
     -4.569570     51.427678     51.427678    102.855355
     -4.559560     53.703905     53.703905    107.407810
     -4.549550     53.568632     53.568632    107.137265
     -4.539540     51.685939     51.685939    103.371877
     -4.529530     49.099675     49.099675     98.199351
     -4.519520     46.848059     46.848059     93.696118
     -4.509510     45.608559     45.608559     91.217118
     -4.499499     45.505303     45.505303     91.010605
     -4.489489     46.137167     46.137167     92.274335
     -4.479479     46.792170     46.792170     93.584340
     -4.469469     46.743885     46.743885     93.487771
     -4.459459     45.506511     45.506511     91.013022
     -4.449449     42.960587     42.960587     85.921174
     -4.439439     39.330163     39.330163     78.660326
     -4.429429     35.058735     35.058735     70.117469
     -4.419419     30.663197     30.663197     61.326395
     -4.409409     26.629869     26.629869     53.259739
     -4.399399     23.369231     23.369231     46.738461
     -4.389389     21.200759     21.200759     42.401519
     -4.379379     20.327524     20.327524     40.655048
     -4.369369     20.787761     20.787761     41.575523
     -4.359359     22.412303     22.412303     44.824605
     -4.349349     24.835817     24.835817     49.671634
     -4.339339     27.587840     27.587840     55.175680
     -4.329329     30.240745     30.240745     60.481490
     -4.319319     32.551211     32.551211     65.102421
     -4.309309     34.527240     34.527240     69.054481
     -4.299299     36.385735     36.385735     72.771469
     -4.289289     38.414360     38.414360     76.828719
     -4.279279     40.791004     40.791004     81.582009
     -4.269269     43.432024     43.432024     86.864048
     -4.259259     45.935924     45.935924     91.871848
     -4.249249     47.662907     47.662907     95.325814
     -4.239239     47.942685     47.942685     95.885370
     -4.229229     46.342736     46.342736     92.685471
     -4.219219     42.884394     42.884394     85.768787
     -4.209209     38.098860     38.098860     76.197720
     -4.199199     32.881087     32.881087     65.762173
     -4.189189     28.197365     28.197365     56.394730
     -4.179179     24.776079     24.776079     49.552158
     -4.169169     22.916208     22.916208     45.832417
     -4.159159     22.484072     22.484072     44.968144
     -4.149149     23.075813     23.075813     46.151626
     -4.139139     24.251727     24.251727     48.503454
     -4.129129     25.728187     25.728187     51.456374
     -4.119119     27.443148     27.443148     54.886297
     -4.109109     29.473330     29.473330     58.946660
     -4.099099     31.851621     31.851621     63.703242
     -4.089089     34.386932     34.386932     68.773864
     -4.079079     36.599029     36.599029     73.198057
     -4.069069     37.831486     37.831486     75.662973
     -4.059059     37.510604     37.510604     75.021208
     -4.049049     35.427264     35.427264     70.854528
     -4.039039     31.892261     31.892261     63.784522
     -4.029029     27.677724     27.677724     55.355448
     -4.019019     23.772035     23.772035     47.544070
     -4.009009     21.070328     21.070328     42.140657
     -3.998999     20.140794     20.140794     40.281589
     -3.988989     21.146940     21.146940     42.293881
     -3.978979     23.915365     23.915365     47.830729
     -3.968969     28.075584     28.075584     56.151168
     -3.958959     33.192609     33.192609     66.385219
     -3.948949     38.851925     38.851925     77.703850
     -3.938939     44.701769     44.701769     89.403537
     -3.928929     50.475214     50.475214    100.950428
     -3.918919     55.999445     55.999445    111.998889
     -3.908909     61.176318     61.176318    122.352636
     -3.898899     65.917364     65.917364    131.834728
     -3.888889     70.045747     70.045747    140.091494
     -3.878879     73.215205     73.215205    146.430411
     -3.868869     74.908058     74.908058    149.816116
     -3.858859     74.545021     74.545021    149.090042
     -3.848849     71.682684     71.682684    143.365368
     -3.838839     66.223121     66.223121    132.446242
     -3.828829     58.543739     58.543739    117.087478
     -3.818819     49.483054     49.483054     98.966109
     -3.808809     40.175522     40.175522     80.351043
     -3.798799     31.787912     31.787912     63.575824
     -3.788789     25.244616     25.244616     50.489233
     -3.778779     21.027413     21.027413     42.054826
     -3.768769     19.102933     19.102933     38.205865
     -3.758759     18.986629     18.986629     37.973258
     -3.748749     19.913905     19.913905     39.827809
     -3.738739     21.066810     21.066810     42.133620
     -3.728729     21.798464     21.798464     43.596927
     -3.718719     21.802422     21.802422     43.604843
     -3.708709     21.186635     21.186635     42.373269
     -3.698699     20.430180     20.430180     40.860361
     -3.688689     20.226154     20.226154     40.452308
     -3.678679     21.245182     21.245182     42.490364
     -3.668669     23.885105     23.885105     47.770210
     -3.658659     28.090584     28.090584     56.181167
     -3.648649     33.315967     33.315967     66.631933
     -3.638639     38.658402     38.658402     77.316804
     -3.628629     43.119007     43.119007     86.238013
     -3.618619     45.891799     45.891799     91.783599
     -3.608609     46.568821     46.568821     93.137642
     -3.598599     45.195193     45.195193     90.390386
     -3.588589     42.181866     42.181866     84.363732
     -3.578579     38.139530     38.139530     76.279060
     -3.568569     33.705970     33.705970     67.411941
     -3.558559     29.410932     29.410932     58.821864
     -3.548549     25.591401     25.591401     51.182802
     -3.538539     22.359239     22.359239     44.718479
     -3.528529     19.626194     19.626194     39.252387
     -3.518519     17.186370     17.186370     34.372739
     -3.508509     14.834445     14.834445     29.668890
     -3.498498     12.474639     12.474639     24.949277
     -3.488488     10.174106     10.174106     20.348213
     -3.478478      8.140985      8.140985     16.281969
     -3.468468      6.643860      6.643860     13.287720
     -3.458458      5.911658      5.911658     11.823317
     -3.448448      6.051708      6.051708     12.103417
     -3.438438      7.009213      7.009213     14.018425
     -3.428428      8.578063      8.578063     17.156126
     -3.418418     10.463975     10.463975     20.927949
     -3.408408     12.388309     12.388309     24.776618
     -3.398398     14.200421     14.200421     28.400842
     -3.388388     15.948980     15.948980     31.897960
     -3.378378     17.868504     17.868504     35.737008
     -3.368368     20.274600     20.274600     40.549201
     -3.358358     23.411923     23.411923     46.823846
     -3.348348     27.327124     27.327124     54.654248
     -3.338338     31.821411     31.821411     63.642822
     -3.328328     36.485977     36.485977     72.971954
     -3.318318     40.780046     40.780046     81.560092
     -3.308308     44.110468     44.110468     88.220936
     -3.298298     45.907800     45.907800     91.815599
     -3.288288     45.723640     45.723640     91.447281
     -3.278278     43.359773     43.359773     86.719546
     -3.268268     38.989429     38.989429     77.978859
     -3.258258     33.194634     33.194634     66.389268
     -3.248248     26.864252     26.864252     53.728505
     -3.238238     20.968229     20.968229     41.936458
     -3.228228     16.293108     16.293108     32.586215
     -3.218218     13.243864     13.243864     26.487729
     -3.208208     11.780857     11.780857     23.561714
     -3.198198     11.500032     11.500032     23.000064
     -3.188188     11.814998     11.814998     23.629995
     -3.178178     12.175598     12.175598     24.351195
     -3.168168     12.255147     12.255147     24.510295
     -3.158158     12.051106     12.051106     24.102212
     -3.148148     11.869693     11.869693     23.739386
     -3.138138     12.200375     12.200375     24.400749
     -3.128128     13.521183     13.521183     27.042366
     -3.118118     16.098337     16.098337     32.196675
     -3.108108     19.846865     19.846865     39.693729
     -3.098098     24.303004     24.303004     48.606007
     -3.088088     28.726747     28.726747     57.453494
     -3.078078     32.308536     32.308536     64.617072
     -3.068068     34.409772     34.409772     68.819544
     -3.058058     34.743914     34.743914     69.487828
     -3.048048     33.423774     33.423774     66.847549
     -3.038038     30.861205     30.861205     61.722411
     -3.028028     27.578317     27.578317     55.156634
     -3.018018     24.030692     24.030692     48.061384
     -3.008008     20.525681     20.525681     41.051363
     -2.997998     17.254801     17.254801     34.509601
     -2.987988     14.391999     14.391999     28.783997
     -2.977978     12.180743     12.180743     24.361485
     -2.967968     10.952757     10.952757     21.905514
     -2.957958     11.066773     11.066773     22.133545
     -2.947948     12.794870     12.794870     25.589741
     -2.937938     16.200880     16.200880     32.401761
     -2.927928     21.054193     21.054193     42.108386
     -2.917918     26.813368     26.813368     53.626737
     -2.907908     32.699630     32.699630     65.399259
     -2.897898     37.856280     37.856280     75.712559
     -2.887888     41.556711     41.556711     83.113423
     -2.877878     43.393692     43.393692     86.787384
     -2.867868     43.375733     43.375733     86.751466
     -2.857858     41.884909     41.884909     83.769818
     -2.847848     39.507542     39.507542     79.015084
     -2.837838     36.808295     36.808295     73.616589
     -2.827828     34.147041     34.147041     68.294081
     -2.817818     31.617220     31.617220     63.234439
     -2.807808     29.122087     29.122087     58.244174
     -2.797798     26.534245     26.534245     53.068490
     -2.787788     23.843699     23.843699     47.687397
     -2.777778     21.213095     21.213095     42.426189
     -2.767768     18.917305     18.917305     37.834611
     -2.757758     17.213401     17.213401     34.426803
     -2.747748     16.225562     16.225562     32.451124
     -2.737738     15.914958     15.914958     31.829917
     -2.727728     16.146290     16.146290     32.292580
     -2.717718     16.797485     16.797485     33.594970
     -2.707708     17.830289     17.830289     35.660578
     -2.697698     19.268459     19.268459     38.536917
     -2.687688     21.099686     21.099686     42.199371
     -2.677678     23.179089     23.179089     46.358177
     -2.667668     25.219348     25.219348     50.438695
     -2.657658     26.895188     26.895188     53.790375
     -2.647648     28.006009     28.006009     56.012017
     -2.637638     28.591375     28.591375     57.182749
     -2.627628     28.918541     28.918541     57.837082
     -2.617618     29.343767     29.343767     58.687534
     -2.607608     30.130008     30.130008     60.260015
     -2.597598     31.324673     31.324673     62.649345
     -2.587588     32.751542     32.751542     65.503084
     -2.577578     34.093908     34.093908     68.187816
     -2.567568     35.001339     35.001339     70.002678
     -2.557558     35.167102     35.167102     70.334203
     -2.547548     34.372258     34.372258     68.744515
     -2.537538     32.525844     32.525844     65.051688
     -2.527528     29.719401     29.719401     59.438801
     -2.517518     26.274254     26.274254     52.548509
     -2.507508     22.733274     22.733274     45.466548
     -2.497497     19.763534     19.763534     39.527068
     -2.487487     17.984118     17.984118     35.968235
     -2.477477     17.780217     17.780217     35.560435
     -2.467467     19.180721     19.180721     38.361443
     -2.457457     21.854051     21.854051     43.708102
     -2.447447     25.229264     25.229264     50.458528
     -2.437437     28.697497     28.697497     57.394993
     -2.427427     31.813187     31.813187     63.626374
     -2.417417     34.410414     34.410414     68.820828
     -2.407407     36.582504     36.582504     73.165009
     -2.397397     38.532927     38.532927     77.065855
     -2.387387     40.367961     40.367961     80.735922
     -2.377377     41.936718     41.936718     83.873435
     -2.367367     42.810242     42.810242     85.620484
     -2.357357     42.428050     42.428050     84.856101
     -2.347347     40.354255     40.354255     80.708510
     -2.337337     36.521981     36.521981     73.043962
     -2.327327     31.344097     31.344097     62.688194
     -2.317317     25.635203     25.635203     51.270405
     -2.307307     20.385036     20.385036     40.770071
     -2.297297     16.488917     16.488917     32.977834
     -2.287287     14.542032     14.542032     29.084064
     -2.277277     14.752685     14.752685     29.505369
     -2.267267     16.967053     16.967053     33.934106
     -2.257257     20.761033     20.761033     41.522065
     -2.247247     25.551825     25.551825     51.103649
     -2.237237     30.698451     30.698451     61.396903
     -2.227227     35.578536     35.578536     71.157073
     -2.217217     39.640825     39.640825     79.281651
     -2.207207     42.440512     42.440512     84.881025
     -2.197197     43.669149     43.669149     87.338298
     -2.187187     43.189635     43.189635     86.379269
     -2.177177     41.074987     41.074987     82.149973
     -2.167167     37.630055     37.630055     75.260109
     -2.157157     33.362516     33.362516     66.725033
     -2.147147     28.880993     28.880993     57.761986
     -2.137137     24.736860     24.736860     49.473721
     -2.127127     21.270396     21.270396     42.540792
     -2.117117     18.536682     18.536682     37.073363
     -2.107107     16.353420     16.353420     32.706840
     -2.097097     14.448061     14.448061     28.896122
     -2.087087     12.627209     12.627209     25.254417
     -2.077077     10.882571     10.882571     21.765142
     -2.067067      9.387219      9.387219     18.774439
     -2.057057      8.394993      8.394993     16.789985
     -2.047047      8.099249      8.099249     16.198499
     -2.037037      8.517293      8.517293     17.034587
     -2.027027      9.448302      9.448302     18.896604
     -2.017017     10.520182     10.520182     21.040365
     -2.007007     11.306938     11.306938     22.613875
     -1.996997     11.471534     11.471534     22.943067
     -1.986987     10.878790     10.878790     21.757581
     -1.976977      9.635535      9.635535     19.271070
     -1.966967      8.048029      8.048029     16.096059
     -1.956957      6.522767      6.522767     13.045533
     -1.946947      5.455280      5.455280     10.910559
     -1.936937      5.143948      5.143948     10.287895
     -1.926927      5.742201      5.742201     11.484403
     -1.916917      7.242737      7.242737     14.485474
     -1.906907      9.483347      9.483347     18.966693
     -1.896897     12.171655     12.171655     24.343310
     -1.886887     14.932080     14.932080     29.864160
     -1.876877     17.374286     17.374286     34.748572
     -1.866867     19.171722     19.171722     38.343444
     -1.856857     20.131010     20.131010     40.262020
     -1.846847     20.232954     20.232954     40.465908
     -1.836837     19.631464     19.631464     39.262928
     -1.826827     18.604507     18.604507     37.209015
     -1.816817     17.463208     17.463208     34.926417
     -1.806807     16.443418     16.443418     32.886836
     -1.796797     15.621444     15.621444     31.242888
     -1.786787     14.896076     14.896076     29.792151
     -1.776777     14.052398     14.052398     28.104797
     -1.766767     12.879587     12.879587     25.759174
     -1.756757     11.283125     11.283125     22.566250
     -1.746747      9.335489      9.335489     18.670977
     -1.736737      7.247002      7.247002     14.494005
     -1.726727      5.283959      5.283959     10.567918
     -1.716717      3.684180      3.684180      7.368361
     -1.706707      2.609587      2.609587      5.219173
     -1.696697      2.143733      2.143733      4.287466
     -1.686687      2.313161      2.313161      4.626322
     -1.676677      3.101966      3.101966      6.203932
     -1.666667      4.441582      4.441582      8.883164
     -1.656657      6.182363      6.182363     12.364726
     -1.646647      8.074503      8.074503     16.149005
     -1.636637      9.789637      9.789637     19.579274
     -1.626627     10.996226     10.996226     21.992452
     -1.616617     11.470112     11.470112     22.940224
     -1.606607     11.195574     11.195574     22.391147
     -1.596597     10.409359     10.409359     20.818718
     -1.586587      9.563115      9.563115     19.126231
     -1.576577      9.213196      9.213196     18.426392
     -1.566567      9.870966      9.870966     19.741931
     -1.556557     11.853041     11.853041     23.706083
     -1.546547     15.166471     15.166471     30.332941
     -1.536537     19.459054     19.459054     38.918108
     -1.526527     24.059531     24.059531     48.119062
     -1.516517     28.115672     28.115672     56.231343
     -1.506507     30.805257     30.805257     61.610515
     -1.496496     31.558041     31.558041     63.116083
     -1.486486     30.210780     30.210780     60.421559
     -1.476476     27.038626     27.038626     54.077252
     -1.466466     22.656947     22.656947     45.313893
     -1.456456     17.840124     17.840124     35.680248
     -1.446446     13.329951     13.329951     26.659902
     -1.436436      9.695361      9.695361     19.390722
     -1.426426      7.269107      7.269107     14.538213
     -1.416416      6.149316      6.149316     12.298632
     -1.406406      6.235138      6.235138     12.470277
     -1.396396      7.271955      7.271955     14.543910
     -1.386386      8.901806      8.901806     17.803612
     -1.376376     10.728623     10.728623     21.457246
     -1.366366     12.401436     12.401436     24.802873
     -1.356356     13.696101     13.696101     27.392201
     -1.346346     14.558555     14.558555     29.117110
     -1.336336     15.081562     15.081562     30.163125
     -1.326326     15.422823     15.422823     30.845647
     -1.316316     15.710304     15.710304     31.420608
     -1.306306     15.988808     15.988808     31.977617
     -1.296296     16.230322     16.230322     32.460643
     -1.286286     16.383123     16.383123     32.766247
     -1.276276     16.410000     16.410000     32.820000
     -1.266266     16.284201     16.284201     32.568403
     -1.256256     15.955862     15.955862     31.911723
     -1.246246     15.331894     15.331894     30.663788
     -1.236236     14.302291     14.302291     28.604582
     -1.226226     12.805109     12.805109     25.610218
     -1.216216     10.887145     10.887145     21.774290
     -1.206206      8.716902      8.716902     17.433803
     -1.196196      6.539373      6.539373     13.078747
     -1.186186      4.600456      4.600456      9.200912
     -1.176176      3.084095      3.084095      6.168190
     -1.166166      2.090615      2.090615      4.181230
     -1.156156      1.655091      1.655091      3.310182
     -1.146146      1.781238      1.781238      3.562476
     -1.136136      2.461294      2.461294      4.922589
     -1.126126      3.665062      3.665062      7.330123
     -1.116116      5.303186      5.303186     10.606372
     -1.106106      7.189932      7.189932     14.379863
     -1.096096      9.038509      9.038509     18.077018
     -1.086086     10.510617     10.510617     21.021234
     -1.076076     11.313684     11.313684     22.627369
     -1.066066     11.308597     11.308597     22.617194
     -1.056056     10.577122     10.577122     21.154243
     -1.046046      9.412594      9.412594     18.825187
     -1.036036      8.232224      8.232224     16.464449
     -1.026026      7.443735      7.443735     14.887470
     -1.016016      7.314950      7.314950     14.629900
     -1.006006      7.889343      7.889343     15.778686
     -0.995996      8.972447      8.972447     17.944893
     -0.985986     10.192899     10.192899     20.385798
     -0.975976     11.120648     11.120648     22.241295
     -0.965966     11.404877     11.404877     22.809755
     -0.955956     10.882829     10.882829     21.765658
     -0.945946      9.618343      9.618343     19.236686
     -0.935936      7.858069      7.858069     15.716138
     -0.925926      5.930398      5.930398     11.860795
     -0.915916      4.135687      4.135687      8.271375
     -0.905906      2.672942      2.672942      5.345884
     -0.895896      1.622927      1.622927      3.245855
     -0.885886      0.978727      0.978727      1.957453
     -0.875876      0.697932      0.697932      1.395864
     -0.865866      0.750014      0.750014      1.500028
     -0.855856      1.141268      1.141268      2.282537
     -0.845846      1.909955      1.909955      3.819910
     -0.835836      3.092946      3.092946      6.185891
     -0.825826      4.674256      4.674256      9.348511
     -0.815816      6.536181      6.536181     13.072363
     -0.805806      8.440446      8.440446     16.880893
     -0.795796     10.061155     10.061155     20.122310
     -0.785786     11.069532     11.069532     22.139065
     -0.775776     11.240880     11.240880     22.481761
     -0.765766     10.535598     10.535598     21.071196
     -0.755756      9.113954      9.113954     18.227908
     -0.745746      7.276959      7.276959     14.553918
     -0.735736      5.363171      5.363171     10.726341
     -0.725726      3.649918      3.649918      7.299837
     -0.715716      2.297822      2.297822      4.595645
     -0.705706      1.349828      1.349828      2.699655
     -0.695696      0.769866      0.769866      1.539733
     -0.685686      0.495243      0.495243      0.990486
     -0.675676      0.480935      0.480935      0.961869
     -0.665666      0.724261      0.724261      1.448522
     -0.655656      1.266239      1.266239      2.532477
     -0.645646      2.169481      2.169481      4.338962
     -0.635636      3.475744      3.475744      6.951487
     -0.625626      5.153538      5.153538     10.307075
     -0.615616      7.056560      7.056560     14.113121
     -0.605606      8.919028      8.919028     17.838056
     -0.595596     10.404930     10.404930     20.809859
     -0.585586     11.203397     11.203397     22.406793
     -0.575576     11.133906     11.133906     22.267813
     -0.565566     10.212507     10.212507     20.425014
     -0.555556      8.645777      8.645777     17.291554
     -0.545546      6.755579      6.755579     13.511157
     -0.535536      4.872007      4.872007      9.744014
     -0.525526      3.242949      3.242949      6.485898
     -0.515516      1.992320      1.992320      3.984641
     -0.505506      1.129705      1.129705      2.259410
     -0.495495      0.591232      0.591232      1.182464
     -0.485485      0.285586      0.285586      0.571173
     -0.475475      0.127322      0.127322      0.254644
     -0.465465      0.052391      0.052391      0.104782
     -0.455455      0.019897      0.019897      0.039795
     -0.445445      0.006975      0.006975      0.013950
     -0.435435      0.002257      0.002257      0.004514
     -0.425425      0.000677      0.000677      0.001354
     -0.415415      0.000200      0.000200      0.000399
     -0.405405      0.000105      0.000105      0.000211
     -0.395395      0.000237      0.000237      0.000475
     -0.385385      0.000813      0.000813      0.001627
     -0.375375      0.002684      0.002684      0.005369
     -0.365365      0.008197      0.008197      0.016394
     -0.355355      0.023106      0.023106      0.046213
     -0.345345      0.060117      0.060117      0.120234
     -0.335335      0.144361      0.144361      0.288723
     -0.325325      0.319957      0.319957      0.639913
     -0.315315      0.654512      0.654512      1.309025
     -0.305305      1.235753      1.235753      2.471506
     -0.295295      2.153438      2.153438      4.306875
     -0.285285      3.463537      3.463537      6.927073
     -0.275275      5.141551      5.141551     10.283102
     -0.265265      7.044583      7.044583     14.089167
     -0.255255      8.908475      8.908475     17.816949
     -0.245245     10.397723     10.397723     20.795446
     -0.235235     11.201082     11.201082     22.402164
     -0.225225     11.137009     11.137009     22.274017
     -0.215215     10.220308     10.220308     20.440616
     -0.205205      8.656579      8.656579     17.313157
     -0.195195      6.767300      6.767300     13.534600
     -0.185185      4.882828      4.882828      9.765655
     -0.175175      3.251728      3.251728      6.503456
     -0.165165      1.998683      1.998683      3.997366
     -0.155155      1.133863      1.133863      2.267725
     -0.145145      0.593696      0.593696      1.187391
     -0.135135      0.286916      0.286916      0.573831
     -0.125125      0.127977      0.127977      0.255954
     -0.115115      0.052686      0.052686      0.105372
     -0.105105      0.020019      0.020019      0.040038
     -0.095095      0.007021      0.007021      0.014042
     -0.085085      0.002273      0.002273      0.004545
     -0.075075      0.000679      0.000679      0.001358
     -0.065065      0.000187      0.000187      0.000374
     -0.055055      0.000048      0.000048      0.000095
     -0.045045      0.000011      0.000011      0.000022
     -0.035035      0.000002      0.000002      0.000005
     -0.025025      0.000000      0.000000      0.000001
     -0.015015      0.000000      0.000000      0.000000
     -0.005005      0.000000      0.000000      0.000000
      0.005005      0.000000      0.000000      0.000000
      0.015015      0.000000      0.000000      0.000000
      0.025025      0.000000      0.000000      0.000001
      0.035035      0.000002      0.000002      0.000005
      0.045045      0.000011      0.000011      0.000022
      0.055055      0.000048      0.000048      0.000095
      0.065065      0.000187      0.000187      0.000374
      0.075075      0.000679      0.000679      0.001358
      0.085085      0.002273      0.002273      0.004545
      0.095095      0.007021      0.007021      0.014041
      0.105105      0.020019      0.020019      0.040038
      0.115115      0.052686      0.052686      0.105372
      0.125125      0.127977      0.127977      0.255953
      0.135135      0.286915      0.286915      0.573831
      0.145145      0.593695      0.593695      1.187390
      0.155155      1.133862      1.133862      2.267724
      0.165165      1.998682      1.998682      3.997364
      0.175175      3.251727      3.251727      6.503453
      0.185185      4.882826      4.882826      9.765652
      0.195195      6.767298      6.767298     13.534596
      0.205205      8.656577      8.656577     17.313154
      0.215215     10.220307     10.220307     20.440614
      0.225225     11.137008     11.137008     22.274016
      0.235235     11.201082     11.201082     22.402165
      0.245245     10.397724     10.397724     20.795448
      0.255255      8.908476      8.908476     17.816953
      0.265265      7.044585      7.044585     14.089171
      0.275275      5.141553      5.141553     10.283105
      0.285285      3.463538      3.463538      6.927076
      0.295295      2.153439      2.153439      4.306878
      0.305305      1.235754      1.235754      2.471507
      0.315315      0.654513      0.654513      1.309026
      0.325325      0.319957      0.319957      0.639914
      0.335335      0.144361      0.144361      0.288723
      0.345345      0.060117      0.060117      0.120234
      0.355355      0.023106      0.023106      0.046213
      0.365365      0.008197      0.008197      0.016394
      0.375375      0.002684      0.002684      0.005369
      0.385385      0.000814      0.000814      0.001627
      0.395395      0.000238      0.000238      0.000476
      0.405405      0.000109      0.000109      0.000218
      0.415415      0.000213      0.000213      0.000427
      0.425425      0.000724      0.000724      0.001448
      0.435435      0.002404      0.002404      0.004808
      0.445445      0.007396      0.007396      0.014793
      0.455455      0.021009      0.021009      0.042018
      0.465465      0.055079      0.055079      0.110158
      0.475475      0.133276      0.133276      0.266552
      0.485485      0.297649      0.297649      0.595297
      0.495495      0.613540      0.613540      1.227080
      0.505506      1.167264      1.167264      2.334528
      0.515516      2.049660      2.049660      4.099321
      0.525526      3.321863      3.321863      6.643726
      0.535536      4.968992      4.968992      9.937985
      0.545546      6.860280      6.860280     13.720560
      0.555556      8.741829      8.741829     17.483659
      0.565566     10.281349     10.281349     20.562698
      0.575576     11.160571     11.160571     22.321142
      0.585586     11.181911     11.181911     22.363821
      0.595596     10.340867     10.340867     20.681734
      0.605606      8.828319      8.828319     17.656638
      0.615616      6.962105      6.962105     13.924210
      0.625626      5.083182      5.083182     10.166365
      0.635636      3.465580      3.465580      6.931161
      0.645646      2.274960      2.274960      4.549920
      0.655656      1.580175      1.580175      3.160349
      0.665666      1.395525      1.395525      2.791050
      0.675676      1.721117      1.721117      3.442234
      0.685686      2.555828      2.555828      5.111655
      0.695696      3.875345      3.875345      7.750689
      0.705706      5.588610      5.588610     11.177219
      0.715716      7.501883      7.501883     15.003766
      0.725726      9.322598      9.322598     18.645195
      0.735736     10.719856     10.719856     21.439713
      0.745746     11.428557     11.428557     22.857113
      0.755756     11.354850     11.354850     22.709701
      0.765766     10.631084     10.631084     21.262168
      0.775776      9.587265      9.587265     19.174530
      0.785786      8.643929      8.643929     17.287858
      0.795796      8.166642      8.166642     16.333283
      0.805806      8.337650      8.337650     16.675301
      0.815816      9.091821      9.091821     18.183642
      0.825826     10.139525     10.139525     20.279050
      0.835836     11.068445     11.068445     22.136890
      0.845846     11.487649     11.487649     22.975298
      0.855856     11.159798     11.159798     22.319597
      0.865866     10.070674     10.070674     20.141347
      0.875876      8.412133      8.412133     16.824267
      0.885886      6.493885      6.493885     12.987770
      0.895896      4.629585      4.629585      9.259170
      0.905906      3.047056      3.047056      6.094112
      0.915916      1.851261      1.851261      3.702522
      0.925926      1.038354      1.038354      2.076708
      0.935936      0.538243      0.538243      1.076485
      0.945946      0.259778      0.259778      0.519556
      0.955956      0.122555      0.122555      0.245109
      0.965966      0.072238      0.072238      0.144476
      0.975976      0.084741      0.084741      0.169482
      0.985986      0.166355      0.166355      0.332710
      0.995996      0.353886      0.353886      0.707773
      1.006006      0.713777      0.713777      1.427555
      1.016016      1.334660      1.334660      2.669320
      1.026026      2.306565      2.306565      4.613130
      1.036036      3.684594      3.684594      7.369188
      1.046046      5.445699      5.445699     10.891399
      1.056056      7.459536      7.459536     14.919072
      1.066066      9.498328      9.498328     18.996655
      1.076076     11.297590     11.297590     22.595180
      1.086086     12.650907     12.650907     25.301814
      1.096096     13.494108     13.494108     26.988215
      1.106106     13.929555     13.929555     27.859110
      1.116116     14.170310     14.170310     28.340620
      1.126126     14.431990     14.431990     28.863979
      1.136136     14.834143     14.834143     29.668287
      1.146146     15.366210     15.366210     30.732419
      1.156156     15.928416     15.928416     31.856833
      1.166166     16.408484     16.408484     32.816968
      1.176176     16.738195     16.738195     33.476390
      1.186186     16.900564     16.900564     33.801128
      1.196196     16.903103     16.903103     33.806205
      1.206206     16.756010     16.756010     33.512019
      1.216216     16.477754     16.477754     32.955509
      1.226226     16.113410     16.113410     32.226820
      1.236236     15.731202     15.731202     31.462404
      1.246246     15.380926     15.380926     30.761852
      1.256256     15.037970     15.037970     30.075940
      1.266266     14.580609     14.580609     29.161217
      1.276276     13.831596     13.831596     27.663191
      1.286286     12.649634     12.649634     25.299269
      1.296296     11.019072     11.019072     22.038144
      1.306306      9.086725      9.086725     18.173449
      1.316316      7.130652      7.130652     14.261303
      1.326326      5.487167      5.487167     10.974334
      1.336336      4.478646      4.478646      8.957292
      1.346346      4.368238      4.368238      8.736476
      1.356356      5.336659      5.336659     10.673318
      1.366366      7.457740      7.457740     14.915480
      1.376376     10.658051     10.658051     21.316101
      1.386386     14.673921     14.673921     29.347841
      1.396396     19.042754     19.042754     38.085509
      1.406406     23.161954     23.161954     46.323908
      1.416416     26.414878     26.414878     52.829756
      1.426426     28.320606     28.320606     56.641212
      1.436436     28.644738     28.644738     57.289477
      1.446446     27.428403     27.428403     54.856807
      1.456456     24.937802     24.937802     49.875604
      1.466466     21.573623     21.573623     43.147245
      1.476476     17.784853     17.784853     35.569705
      1.486486     14.009515     14.009515     28.019029
      1.496496     10.639542     10.639542     21.279085
      1.506507      7.997065      7.997065     15.994130
      1.516517      6.314152      6.314152     12.628304
      1.526527      5.715523      5.715523     11.431045
      1.536537      6.206438      6.206438     12.412875
      1.546547      7.668404      7.668404     15.336807
      1.556557      9.867892      9.867892     19.735783
      1.566567     12.485708     12.485708     24.971415
      1.576577     15.170714     15.170714     30.341428
      1.586587     17.610086     17.610086     35.220172
      1.596597     19.596948     19.596948     39.193896
      1.606607     21.074192     21.074192     42.148385
      1.616617     22.141450     22.141450     44.282901
      1.626627     23.022962     23.022962     46.045925
      1.636637     24.001246     24.001246     48.002491
      1.646647     25.327109     25.327109     50.654218
      1.656657     27.126326     27.126326     54.252653
      1.666667     29.335319     29.335319     58.670638
      1.676677     31.700400     31.700400     63.400801
      1.686687     33.855715     33.855715     67.711430
      1.696697     35.456332     35.456332     70.912664
      1.706707     36.305656     36.305656     72.611311
      1.716717     36.407948     36.407948     72.815896
      1.726727     35.912313     35.912313     71.824626
      1.736737     34.980038     34.980038     69.960076
      1.746747     33.661990     33.661990     67.323980
      1.756757     31.874292     31.874292     63.748584
      1.766767     29.499258     29.499258     58.998516
      1.776777     26.552199     26.552199     53.104398
      1.786787     23.303710     23.303710     46.607421
      1.796797     20.267986     20.267986     40.535973
      1.806807     18.045267     18.045267     36.090535
      1.816817     17.088603     17.088603     34.177206
      1.826827     17.504244     17.504244     35.008489
      1.836837     18.977676     18.977676     37.955353
      1.846847     20.861219     20.861219     41.722437
      1.856857     22.392513     22.392513     44.785027
      1.866867     22.960287     22.960287     45.920575
      1.876877     22.312667     22.312667     44.625334
      1.886887     20.624408     20.624408     41.248817
      1.896897     18.398279     18.398279     36.796558
      1.906907     16.248301     16.248301     32.496602
      1.916917     14.663967     14.663967     29.327934
      1.926927     13.858857     13.858857     27.717713
      1.936937     13.762470     13.762470     27.524941
      1.946947     14.142762     14.142762     28.285524
      1.956957     14.783179     14.783179     29.566357
      1.966967     15.612909     15.612909     31.225819
      1.976977     16.716719     16.716719     33.433437
      1.986987     18.220295     18.220295     36.440591
      1.996997     20.123150     20.123150     40.246301
      2.007007     22.189162     22.189162     44.378324
      2.017017     23.976912     23.976912     47.953823
      2.027027     25.008808     25.008808     50.017616
      2.037037     24.988722     24.988722     49.977445
      2.047047     23.941220     23.941220     47.882440
      2.057057     22.188992     22.188992     44.377985
      2.067067     20.182786     20.182786     40.365573
      2.077077     18.285968     18.285968     36.571935
      2.087087     16.636975     16.636975     33.273950
      2.097097     15.157425     15.157425     30.314850
      2.107107     13.683079     13.683079     27.366159
      2.117117     12.129236     12.129236     24.258473
      2.127127     10.597062     10.597062     21.194123
      2.137137      9.374305      9.374305     18.748610
      2.147147      8.844119      8.844119     17.688238
      2.157157      9.352564      9.352564     18.705128
      2.167167     11.087465     11.087465     22.174931
      2.177177     14.001762     14.001762     28.003524
      2.187187     17.793286     17.793286     35.586572
      2.197197     21.940467     21.940467     43.880935
      2.207207     25.787661     25.787661     51.575321
      2.217217     28.667993     28.667993     57.335986
      2.227227     30.042303     30.042303     60.084605
      2.237237     29.622462     29.622462     59.244924
      2.247247     27.442900     27.442900     54.885799
      2.257257     23.852705     23.852705     47.705411
      2.267267     19.424626     19.424626     38.849253
      2.277277     14.809054     14.809054     29.618107
      2.287287     10.584828     10.584828     21.169657
      2.297297      7.159654      7.159654     14.319308
      2.307307      4.748843      4.748843      9.497685
      2.317317      3.425003      3.425003      6.850006
      2.327327      3.202090      3.202090      6.404181
      2.337337      4.107558      4.107558      8.215115
      2.347347      6.206696      6.206696     12.413392
      2.357357      9.565733      9.565733     19.131466
      2.367367     14.165706     14.165706     28.331411
      2.377377     19.800572     19.800572     39.601144
      2.387387     26.005288     26.005288     52.010575
      2.397397     32.057730     32.057730     64.115460
      2.407407     37.078943     37.078943     74.157885
      2.417417     40.220831     40.220831     80.441662
      2.427427     40.889583     40.889583     81.779166
      2.437437     38.925563     38.925563     77.851126
      2.447447     34.665117     34.665117     69.330234
      2.457457     28.852235     28.852235     57.704469
      2.467467     22.431419     22.431419     44.862838
      2.477477     16.304339     16.304339     32.608677
      2.487487     11.143025     11.143025     22.286050
      2.497497      7.317149      7.317149     14.634298
      2.507508      4.934777      4.934777      9.869554
      2.517518      3.947963      3.947963      7.895927
      2.527528      4.258283      4.258283      8.516566
      2.537538      5.773630      5.773630     11.547260
      2.547548      8.401495      8.401495     16.802989
      2.557558     11.997052     11.997052     23.994104
      2.567568     16.304027     16.304027     32.608054
      2.577578     20.927613     20.927613     41.855227
      2.587588     25.364029     25.364029     50.728058
      2.597598     29.087298     29.087298     58.174596
      2.607608     31.669141     31.669141     63.338282
      2.617618     32.890809     32.890809     65.781618
      2.627628     32.803656     32.803656     65.607312
      2.637638     31.712113     31.712113     63.424226
      2.647648     30.084730     30.084730     60.169461
      2.657658     28.431231     28.431231     56.862461
      2.667668     27.196531     27.196531     54.393063
      2.677678     26.706376     26.706376     53.412753
      2.687688     27.163925     27.163925     54.327850
      2.697698     28.666730     28.666730     57.333461
      2.707708     31.208488     31.208488     62.416975
      2.717718     34.650334     34.650334     69.300668
      2.727728     38.677195     38.677195     77.354390
      2.737738     42.777827     42.777827     85.555655
      2.747748     46.290556     46.290556     92.581112
      2.757758     48.534621     48.534621     97.069243
      2.767768     49.003052     49.003052     98.006104
      2.777778     47.545531     47.545531     95.091061
      2.787788     44.450095     44.450095     88.900189
      2.797798     40.364699     40.364699     80.729399
      2.807808     36.075849     36.075849     72.151698
      2.817818     32.238455     32.238455     64.476909
      2.827828     29.178848     29.178848     58.357695
      2.837838     26.852943     26.852943     53.705886
      2.847848     24.960709     24.960709     49.921418
      2.857858     23.145994     23.145994     46.291987
      2.867868     21.183380     21.183380     42.366761
      2.877878     19.074638     19.074638     38.149275
      2.887888     17.026363     17.026363     34.052726
      2.897898     15.332984     15.332984     30.665967
      2.907908     14.227283     14.227283     28.454565
      2.917918     13.772284     13.772284     27.544567
      2.927928     13.847579     13.847579     27.695158
      2.937938     14.235053     14.235053     28.470105
      2.947948     14.754105     14.754105     29.508210
      2.957958     15.365218     15.365218     30.730435
      2.967968     16.175037     16.175037     32.350075
      2.977978     17.332543     17.332543     34.665086
      2.987988     18.873043     18.873043     37.746087
      2.997998     20.603528     20.603528     41.207057
      3.008008     22.104787     22.104787     44.209575
      3.018018     22.861762     22.861762     45.723523
      3.028028     22.461619     22.461619     44.923238
      3.038038     20.761628     20.761628     41.523256
      3.048048     17.946857     17.946857     35.893714
      3.058058     14.457673     14.457673     28.915346
      3.068068     10.831653     10.831653     21.663305
      3.078078      7.537655      7.537655     15.075311
      3.088088      4.868542      4.868542      9.737084
      3.098098      2.918193      2.918193      5.836385
      3.108108      1.626432      1.626432      3.252865
      3.118118      0.853950      0.853950      1.707900
      3.128128      0.452348      0.452348      0.904696
      3.138138      0.311482      0.311482      0.622965
      3.148148      0.383012      0.383012      0.766024
      3.158158      0.686841      0.686841      1.373681
      3.168168      1.305378      1.305378      2.610755
      3.178178      2.364379      2.364379      4.728757
      3.188188      3.995397      3.995397      7.990794
      3.198198      6.278639      6.278639     12.557278
      3.208208      9.176625      9.176625     18.353250
      3.218218     12.482770     12.482770     24.965541
      3.228228     15.814908     15.814908     31.629816
      3.238238     18.673599     18.673599     37.347199
      3.248248     20.559273     20.559273     41.118546
      3.258258     21.112317     21.112317     42.224634
      3.268268     20.223178     20.223178     40.446356
      3.278278     18.067132     18.067132     36.134264
      3.288288     15.048963     15.048963     30.097925
      3.298298     11.681030     11.681030     23.362060
      3.308308      8.444372      8.444372     16.888743
      3.318318      5.683913      5.683913     11.367826
      3.328328      3.567460      3.567460      7.134919
      3.338338      2.107731      2.107731      4.215463
      3.348348      1.223612      1.223612      2.447225
      3.358358      0.809630      0.809630      1.619260
      3.368368      0.789204      0.789204      1.578409
      3.378378      1.138794      1.138794      2.277588
      3.388388      1.879777      1.879777      3.759555
      3.398398      3.041791      3.041791      6.083581
      3.408408      4.608693      4.608693      9.217386
      3.418418      6.467856      6.467856     12.935712
      3.428428      8.390293      8.390293     16.780586
      3.438438     10.064241     10.064241     20.128481
      3.448448     11.183401     11.183401     22.366802
      3.458458     11.560528     11.560528     23.121055
      3.468468     11.215596     11.215596     22.431191
      3.478478     10.391985     10.391985     20.783970
      3.488488      9.485138      9.485138     18.970277
      3.498498      8.909371      8.909371     17.818743
      3.508509      8.957268      8.957268     17.914536
      3.518519      9.708502      9.708502     19.417005
      3.528529     11.022093     11.022093     22.044186
      3.538539     12.609409     12.609409     25.218818
      3.548549     14.150084     14.150084     28.300169
      3.558559     15.394974     15.394974     30.789948
      3.568569     16.210412     16.210412     32.420824
      3.578579     16.554311     16.554311     33.108622
      3.588589     16.416703     16.416703     32.833407
      3.598599     15.776621     15.776621     31.553242
      3.608609     14.608740     14.608740     29.217480
      3.618619     12.930848     12.930848     25.861696
      3.628629     10.850135     10.850135     21.700270
      3.638639      8.567592      8.567592     17.135184
      3.648649      6.331694      6.331694     12.663388
      3.658659      4.367956      4.367956      8.735913
      3.668669      2.824034      2.824034      5.648069
      3.678679      1.755831      1.755831      3.511662
      3.688689      1.153539      1.153539      2.307078
      3.698699      0.986387      0.986387      1.972775
      3.708709      1.239719      1.239719      2.479437
      3.718719      1.925216      1.925216      3.850432
      3.728729      3.058106      3.058106      6.116211
      3.738739      4.609799      4.609799      9.219598
      3.748749      6.458091      6.458091     12.916182
      3.758759      8.364615      8.364615     16.729229
      3.768769     10.003507     10.003507     20.007013
      3.778779     11.043036     11.043036     22.086072
      3.788789     11.251800     11.251800     22.503599
      3.798799     10.581442     10.581442     21.162885
      3.808809      9.184493      9.184493     18.368987
      3.818819      7.357878      7.357878     14.715755
      3.828829      5.440476      5.440476     10.880951
      3.838839      3.712859      3.712859      7.425719
      3.848849      2.338678      2.338678      4.677355
      3.858859      1.359699      1.359699      2.719398
      3.868869      0.729908      0.729908      1.459816
      3.878879      0.362612      0.362612      0.725224
      3.888889      0.169371      0.169371      0.338742
      3.898899      0.082182      0.082182      0.164363
      3.908909      0.061318      0.061318      0.122635
      3.918919      0.096027      0.096027      0.192053
      3.928929      0.204325      0.204325      0.408650
      3.938939      0.434033      0.434033      0.868066
      3.948949      0.862354      0.862354      1.724709
      3.958959      1.587878      1.587878      3.175755
      3.968969      2.709196      2.709196      5.418393
      3.978979      4.290404      4.290404      8.580808
      3.988989      6.324371      6.324371     12.648742
      3.998999      8.713758      8.713758     17.427516
      4.009009     11.287836     11.287836     22.575673
      4.019019     13.855521     13.855521     27.711042
      4.029029     16.269251     16.269251     32.538501
      4.039039     18.459432     18.459432     36.918863
      4.049049     20.411837     20.411837     40.823674
      4.059059     22.098243     22.098243     44.196487
      4.069069     23.408644     23.408644     46.817288
      4.079079     24.141387     24.141387     48.282773
      4.089089     24.074862     24.074862     48.149724
      4.099099     23.090786     23.090786     46.181571
      4.109109     21.280669     21.280669     42.561338
      4.119119     18.969664     18.969664     37.939329
      4.129129     16.634071     16.634071     33.268143
      4.139139     14.745131     14.745131     29.490263
      4.149149     13.611142     13.611142     27.222284
      4.159159     13.292462     13.292462     26.584924
      4.169169     13.628907     13.628907     27.257813
      4.179179     14.363128     14.363128     28.726256
      4.189189     15.294129     15.294129     30.588259
      4.199199     16.378435     16.378435     32.756869
      4.209209     17.724328     17.724328     35.448656
      4.219219     19.484185     19.484185     38.968369
      4.229229     21.707614     21.707614     43.415227
      4.239239     24.239429     24.239429     48.478857
      4.249249     26.719232     26.719232     53.438463
      4.259259     28.682810     28.682810     57.365619
      4.269269     29.715422     29.715422     59.430844
      4.279279     29.589768     29.589768     59.179537
      4.289289     28.338050     28.338050     56.676100
      4.299299     26.239628     26.239628     52.479257
      4.309309     23.734859     23.734859     47.469719
      4.319319     21.295693     21.295693     42.591386
      4.329329     19.296685     19.296685     38.593370
      4.339339     17.933964     17.933964     35.867928
      4.349349     17.224935     17.224935     34.449871
      4.359359     17.084105     17.084105     34.168209
      4.369369     17.425671     17.425671     34.851342
      4.379379     18.222705     18.222705     36.445409
      4.389389     19.478669     19.478669     38.957339
      4.399399     21.130024     21.130024     42.260048
      4.409409     22.956174     22.956174     45.912349
      4.419419     24.579273     24.579273     49.158546
      4.429429     25.579748     25.579748     51.159496
      4.439439     25.670409     25.670409     51.340818
      4.449449     24.823113     24.823113     49.646226
      4.459459     23.265922     23.265922     46.531845
      4.469469     21.351025     21.351025     42.702051
      4.479479     19.376227     19.376227     38.752454
      4.489489     17.467727     17.467727     34.935453
      4.499499     15.585031     15.585031     31.170062
      4.509510     13.627997     13.627997     27.255994
      4.519520     11.568768     11.568768     23.137536
      4.529530      9.531058      9.531058     19.062116
      4.539540      7.784340      7.784340     15.568679
      4.549550      6.670934      6.670934     13.341868
      4.559560      6.506592      6.506592     13.013184
      4.569570      7.486707      7.486707     14.973415
      4.579580      9.612783      9.612783     19.225566
      4.589590     12.649148     12.649148     25.298296
      4.599600     16.129269     16.129269     32.258538
      4.609610     19.435004     19.435004     38.870007
      4.619620     21.951467     21.951467     43.902934
      4.629630     23.257372     23.257372     46.514743
      4.639640     23.273637     23.273637     46.547274
      4.649650     22.294655     22.294655     44.589309
      4.659660     20.876480     20.876480     41.752959
      4.669670     19.628449     19.628449     39.256898
      4.679680     19.003904     19.003904     38.007807
      4.689690     19.180046     19.180046     38.360092
      4.699700     20.061747     20.061747     40.123494
      4.709710     21.377238     21.377238     42.754475
      4.719720     22.797276     22.797276     45.594552
      4.729730     24.020537     24.020537     48.041075
      4.739740     24.809745     24.809745     49.619489
      4.749750     25.001001     25.001001     50.002002
      4.759760     24.517539     24.517539     49.035077
      4.769770     23.398442     23.398442     46.796884
      4.779780     21.823804     21.823804     43.647607
      4.789790     20.104837     20.104837     40.209673
      4.799800     18.621896     18.621896     37.243792
      4.809810     17.725579     17.725579     35.451159
      4.819820     17.642573     17.642573     35.285145
      4.829830     18.427483     18.427483     36.854965
      4.839840     19.973001     19.973001     39.946003
      4.849850     22.055425     22.055425     44.110850
      4.859860     24.379903     24.379903     48.759807
      4.869870     26.609708     26.609708     53.219415
      4.879880     28.395057     28.395057     56.790114
      4.889890     29.425803     29.425803     58.851606
      4.899900     29.506090     29.506090     59.012181
      4.909910     28.612939     28.612939     57.225878
      4.919920     26.894197     26.894197     53.788394
      4.929930     24.598086     24.598086     49.196172
      4.939940     21.977332     21.977332     43.954664
      4.949950     19.229889     19.229889     38.459778
      4.959960     16.507179     16.507179     33.014358
      4.969970     13.965850     13.965850     27.931699
      4.979980     11.805687     11.805687     23.611374
      4.989990     10.248901     10.248901     20.497801
      5.000000      9.461058      9.461058     18.922116
