# EIG2DOS: Utility for SIESTA to obtain the electronic density of states
#  E. Artacho, Apr 1999, A. Garcia, Apr 2012
#  Nick R. Papior, Feb 2017
# ------------------------------------------
# Eigenvalues calculated from a non-polarized calculation
# Eigenvalues read from siesta.EIG
# Kpoint weights read from siesta.KP
# Using smearing parameter:   0.0500
# Using 1000 points in the energy range
# Selected bands: 1 to: 2981
# Emin, Emax in file for selected band(s):    -27.2310607    218.3747600
# Nbands, Nspin, Nk   =   2981     1     1
# E_F                 =    -4.2304 eV --> (shifted to ZERO)
# Broadening          =     0.0500 eV
#
#        E            N(up)  (=)   N(down)         Ntot
     -5.000000     32.780129     32.780129     65.560258
     -4.989990     37.193286     37.193286     74.386573
     -4.979980     41.167209     41.167209     82.334418
     -4.969970     44.065143     44.065143     88.130285
     -4.959960     45.372831     45.372831     90.745661
     -4.949950     44.867656     44.867656     89.735312
     -4.939940     42.700950     42.700950     85.401899
     -4.929930     39.373467     39.373467     78.746933
     -4.919920     35.632525     35.632525     71.265049
     -4.909910     32.337799     32.337799     64.675599
     -4.899900     30.324439     30.324439     60.648877
     -4.889890     30.261078     30.261078     60.522157
     -4.879880     32.492626     32.492626     64.985252
     -4.869870     36.888831     36.888831     73.777661
     -4.859860     42.766187     42.766187     85.532374
     -4.849850     48.965067     48.965067     97.930135
     -4.839840     54.114651     54.114651    108.229302
     -4.829830     57.021666     57.021666    114.043331
     -4.819820     57.034837     57.034837    114.069673
     -4.809810     54.226833     54.226833    108.453666
     -4.799800     49.315619     49.315619     98.631238
     -4.789790     43.372645     43.372645     86.745290
     -4.779780     37.460168     37.460168     74.920336
     -4.769770     32.350811     32.350811     64.701621
     -4.759760     28.414150     28.414150     56.828300
     -4.749750     25.661046     25.661046     51.322093
     -4.739740     23.874231     23.874231     47.748462
     -4.729730     22.746225     22.746225     45.492449
     -4.719720     21.976921     21.976921     43.953841
     -4.709710     21.322601     21.322601     42.645202
     -4.699700     20.614815     20.614815     41.229629
     -4.689690     19.774843     19.774843     39.549686
     -4.679680     18.838804     18.838804     37.677608
     -4.669670     17.986539     17.986539     35.973077
     -4.659660     17.547852     17.547852     35.095703
     -4.649650     17.957990     17.957990     35.915979
     -4.639640     19.655130     19.655130     39.310259
     -4.629630     22.943300     22.943300     45.886600
     -4.619620     27.864064     27.864064     55.728129
     -4.609610     34.119275     34.119275     68.238550
     -4.599600     41.071936     41.071936     82.143872
     -4.589590     47.835236     47.835236     95.670473
     -4.579580     53.444327     53.444327    106.888655
     -4.569570     57.084597     57.084597    114.169194
     -4.559560     58.321322     58.321322    116.642643
     -4.549550     57.252116     57.252116    114.504232
     -4.539540     54.508706     54.508706    109.017412
     -4.529530     51.080581     51.080581    102.161162
     -4.519520     48.006024     48.006024     96.012048
     -4.509510     46.039835     46.039835     92.079670
     -4.499499     45.425526     45.425526     90.851051
     -4.489489     45.859050     45.859050     91.718100
     -4.479479     46.649377     46.649377     93.298753
     -4.469469     46.998726     46.998726     93.997453
     -4.459459     46.282524     46.282524     92.565047
     -4.449449     44.224471     44.224471     88.448943
     -4.439439     40.923122     40.923122     81.846244
     -4.429429     36.757716     36.757716     73.515432
     -4.419419     32.245346     32.245346     64.490692
     -4.409409     27.919211     27.919211     55.838422
     -4.399399     24.257834     24.257834     48.515669
     -4.389389     21.649187     21.649187     43.298375
     -4.379379     20.354799     20.354799     40.709599
     -4.369369     20.458207     20.458207     40.916414
     -4.359359     21.820007     21.820007     43.640014
     -4.349349     24.083685     24.083685     48.167370
     -4.339339     26.760642     26.760642     53.521284
     -4.329329     29.378223     29.378223     58.756446
     -4.319319     31.632743     31.632743     63.265486
     -4.309309     33.479210     33.479210     66.958421
     -4.299299     35.115917     35.115917     70.231834
     -4.289289     36.866847     36.866847     73.733693
     -4.279279     39.004282     39.004282     78.008564
     -4.269269     41.575696     41.575696     83.151393
     -4.259259     44.302699     44.302699     88.605397
     -4.249249     46.605440     46.605440     93.210880
     -4.239239     47.768534     47.768534     95.537069
     -4.229229     47.205119     47.205119     94.410237
     -4.219219     44.716250     44.716250     89.432501
     -4.209209     40.622542     40.622542     81.245084
     -4.199199     35.691089     35.691089     71.382177
     -4.189189     30.878855     30.878855     61.757709
     -4.179179     27.008377     27.008377     54.016754
     -4.169169     24.524162     24.524162     49.048324
     -4.159159     23.429773     23.429773     46.859545
     -4.149149     23.409622     23.409622     46.819243
     -4.139139     24.053305     24.053305     48.106611
     -4.129129     25.065204     25.065204     50.130408
     -4.119119     26.363711     26.363711     52.727422
     -4.109109     28.032859     28.032859     56.065719
     -4.099099     30.158435     30.158435     60.316870
     -4.089089     32.637745     32.637745     65.275491
     -4.079079     35.074363     35.074363     70.148726
     -4.069069     36.837784     36.837784     73.675569
     -4.059059     37.285743     37.285743     74.571487
     -4.049049     36.051706     36.051706     72.103412
     -4.039039     33.250455     33.250455     66.500910
     -4.029029     29.489359     29.489359     58.978718
     -4.019019     25.676095     25.676095     51.352191
     -4.009009     22.721010     22.721010     45.442020
     -3.998999     21.277100     21.277100     42.554199
     -3.988989     21.620783     21.620783     43.241566
     -3.978979     23.686966     23.686966     47.373932
     -3.968969     27.194145     27.194145     54.388290
     -3.958959     31.773607     31.773607     63.547214
     -3.948949     37.051178     37.051178     74.102357
     -3.938939     42.682966     42.682966     85.365931
     -3.928929     48.375088     48.375088     96.750176
     -3.918919     53.905401     53.905401    107.810802
     -3.908909     59.133165     59.133165    118.266330
     -3.898899     63.966774     63.966774    127.933548
     -3.888889     68.280095     68.280095    136.560189
     -3.878879     71.811402     71.811402    143.622804
     -3.868869     74.110823     74.110823    148.221646
     -3.858859     74.594355     74.594355    149.188711
     -3.848849     72.713578     72.713578    145.427157
     -3.838839     68.185756     68.185756    136.371512
     -3.828829     61.185798     61.185798    122.371595
     -3.818819     52.405686     52.405686    104.811372
     -3.808809     42.939418     42.939418     85.878836
     -3.798799     34.026148     34.026148     68.052297
     -3.788789     26.742781     26.742781     53.485561
     -3.778779     21.751831     21.751831     43.503663
     -3.768769     19.179815     19.179815     38.359629
     -3.758759     18.647872     18.647872     37.295744
     -3.748749     19.427856     19.427856     38.855712
     -3.738739     20.669544     20.669544     41.339088
     -3.728729     21.638063     21.638063     43.276126
     -3.718719     21.906589     21.906589     43.813178
     -3.708709     21.461122     21.461122     42.922243
     -3.698699     20.690320     20.690320     41.380640
     -3.688689     20.256000     20.256000     40.511999
     -3.678679     20.869894     20.869894     41.739788
     -3.668669     23.035245     23.035245     46.070490
     -3.658659     26.835904     26.835904     53.671809
     -3.648649     31.854263     31.854263     63.708526
     -3.638639     37.261264     37.261264     74.522528
     -3.628629     42.054265     42.054265     84.108530
     -3.618619     45.352229     45.352229     90.704457
     -3.608609     46.631889     46.631889     93.263778
     -3.598599     45.822162     45.822162     91.644323
     -3.588589     43.247032     43.247032     86.494064
     -3.578579     39.472187     39.472187     78.944374
     -3.568569     35.130699     35.130699     70.261399
     -3.558559     30.779560     30.779560     61.559120
     -3.548549     26.804612     26.804612     53.609224
     -3.538539     23.375722     23.375722     46.751443
     -3.528529     20.456651     20.456651     40.913302
     -3.518519     17.873106     17.873106     35.746213
     -3.508509     15.423628     15.423628     30.847256
     -3.498498     12.992555     12.992555     25.985110
     -3.488488     10.616692     10.616692     21.233384
     -3.478478      8.478720      8.478720     16.957439
     -3.468468      6.836798      6.836798     13.673597
     -3.458458      5.925952      5.925952     11.851904
     -3.448448      5.869573      5.869573     11.739146
     -3.438438      6.626249      6.626249     13.252499
     -3.428428      7.983743      7.983743     15.967486
     -3.418418      9.604718      9.604718     19.209436
     -3.408408     11.120661     11.120661     22.241321
     -3.398398     12.253561     12.253561     24.507122
     -3.388388     12.924560     12.924560     25.849120
     -3.378378     13.302099     13.302099     26.604197
     -3.368368     13.762149     13.762149     27.524299
     -3.358358     14.772796     14.772796     29.545593
     -3.348348     16.749523     16.749523     33.499047
     -3.338338     19.932861     19.932861     39.865722
     -3.328328     24.315893     24.315893     48.631786
     -3.318318     29.619252     29.619252     59.238504
     -3.308308     35.302106     35.302106     70.604212
     -3.298298     40.612893     40.612893     81.225787
     -3.288288     44.699034     44.699034     89.398068
     -3.278278     46.782084     46.782084     93.564167
     -3.268268     46.362359     46.362359     92.724718
     -3.258258     43.377093     43.377093     86.754186
     -3.248248     38.237145     38.237145     76.474289
     -3.238238     31.717621     31.717621     63.435242
     -3.228228     24.746672     24.746672     49.493343
     -3.218218     18.179996     18.179996     36.359991
     -3.208208     12.643302     12.643302     25.286604
     -3.198198      8.481877      8.481877     16.963753
     -3.188188      5.805257      5.805257     11.610514
     -3.178178      4.581337      4.581337      9.162674
     -3.168168      4.727463      4.727463      9.454927
     -3.158158      6.161488      6.161488     12.322976
     -3.148148      8.801823      8.801823     17.603646
     -3.138138     12.529959     12.529959     25.059917
     -3.128128     17.142302     17.142302     34.284604
     -3.118118     22.317397     22.317397     44.634793
     -3.108108     27.614315     27.614315     55.228630
     -3.098098     32.507064     32.507064     65.014128
     -3.088088     36.453306     36.453306     72.906612
     -3.078078     38.990080     38.990080     77.980160
     -3.068068     39.837606     39.837606     79.675212
     -3.058058     38.976281     38.976281     77.952561
     -3.048048     36.656504     36.656504     73.313007
     -3.038038     33.321754     33.321754     66.643508
     -3.028028     29.469436     29.469436     58.938872
     -3.018018     25.513902     25.513902     51.027803
     -3.008008     21.719495     21.719495     43.438990
     -2.997998     18.230683     18.230683     36.461366
     -2.987988     15.168022     15.168022     30.336044
     -2.977978     12.722937     12.722937     25.445874
     -2.967968     11.191834     11.191834     22.383669
     -2.957958     10.928860     10.928860     21.857720
     -2.947948     12.237280     12.237280     24.474560
     -2.937938     15.241584     15.241584     30.483167
     -2.927928     19.785500     19.785500     39.571000
     -2.917918     25.394339     25.394339     50.788678
     -2.907908     31.327238     31.327238     62.654476
     -2.897898     36.722027     36.722027     73.444055
     -2.887888     40.801386     40.801386     81.602771
     -2.877878     43.075301     43.075301     86.150602
     -2.867868     43.462264     43.462264     86.924528
     -2.857858     42.275042     42.275042     84.550084
     -2.847848     40.071824     40.071824     80.143648
     -2.837838     37.434720     37.434720     74.869441
     -2.827828     34.772484     34.772484     69.544967
     -2.817818     32.231923     32.231923     64.463846
     -2.807808     29.747099     29.747099     59.494199
     -2.797798     27.185479     27.185479     54.370958
     -2.787788     24.503371     24.503371     49.006741
     -2.777778     21.824532     21.824532     43.649065
     -2.767768     19.404466     19.404466     38.808932
     -2.757758     17.510652     17.510652     35.021304
     -2.747748     16.296869     16.296869     32.593737
     -2.737738     15.749704     15.749704     31.499408
     -2.727728     15.737064     15.737064     31.474128
     -2.717718     16.121107     16.121107     32.242214
     -2.707708     16.854520     16.854520     33.709039
     -2.697698     17.989682     17.989682     35.979364
     -2.687688     19.590991     19.590991     39.181983
     -2.677678     21.612153     21.612153     43.224306
     -2.667668     23.832152     23.832152     47.664304
     -2.657658     25.909513     25.909513     51.819025
     -2.647648     27.534007     27.534007     55.068014
     -2.637638     28.583651     28.583651     57.167302
     -2.627628     29.185086     29.185086     58.370173
     -2.617618     29.636744     29.636744     59.273488
     -2.607608     30.243168     30.243168     60.486335
     -2.597598     31.161152     31.161152     62.322303
     -2.587588     32.338583     32.338583     64.677165
     -2.577578     33.556116     33.556116     67.112233
     -2.567568     34.518667     34.518667     69.037334
     -2.557558     34.934379     34.934379     69.868758
     -2.547548     34.559688     34.559688     69.119377
     -2.537538     33.234465     33.234465     66.468930
     -2.527528     30.937000     30.937000     61.873999
     -2.517518     27.852135     27.852135     55.704269
     -2.507508     24.405020     24.405020     48.810041
     -2.497497     21.209196     21.209196     42.418392
     -2.487487     18.919009     18.919009     37.838018
     -2.477477     18.033811     18.033811     36.067623
     -2.467467     18.735877     18.735877     37.471754
     -2.457457     20.835313     20.835313     41.670625
     -2.447447     23.849952     23.849952     47.699904
     -2.437437     27.189346     27.189346     54.378693
     -2.427427     30.365305     30.365305     60.730610
     -2.417417     33.137320     33.137320     66.274640
     -2.407407     35.528092     35.528092     71.056184
     -2.397397     37.703508     37.703508     75.407016
     -2.387387     39.777190     39.777190     79.554380
     -2.377377     41.640328     41.640328     83.280655
     -2.367367     42.910939     42.910939     85.821877
     -2.357357     43.042392     43.042392     86.084784
     -2.347347     41.552313     41.552313     83.104627
     -2.337337     38.268504     38.268504     76.537009
     -2.327327     33.474248     33.474248     66.948496
     -2.317317     27.882332     27.882332     55.764664
     -2.307307     22.450282     22.450282     44.900564
     -2.297297     18.120534     18.120534     36.241068
     -2.287287     15.590080     15.590080     31.180159
     -2.277277     15.181410     15.181410     30.362820
     -2.267267     16.830179     16.830179     33.660358
     -2.257257     20.160513     20.160513     40.321026
     -2.247247     24.602640     24.602640     49.205280
     -2.237237     29.513231     29.513231     59.026461
     -2.227227     34.272455     34.272455     68.544910
     -2.217217     38.345520     38.345520     76.691040
     -2.207207     41.310377     41.310377     82.620755
     -2.197197     42.866937     42.866937     85.733874
     -2.187187     42.850013     42.850013     85.700027
     -2.177177     41.259436     41.259436     82.518873
     -2.167167     38.296155     38.296155     76.592311
     -2.157157     34.368163     34.368163     68.736326
     -2.147147     30.028288     30.028288     60.056576
     -2.137137     25.838721     25.838721     51.677442
     -2.127127     22.208077     22.208077     44.416153
     -2.117117     19.278573     19.278573     38.557146
     -2.107107     16.924419     16.924419     33.848838
     -2.097097     14.863224     14.863224     29.726449
     -2.087087     12.819177     12.819177     25.638354
     -2.077077     10.652542     10.652542     21.305085
     -2.067067      8.398403      8.398403     16.796807
     -2.057057      6.214851      6.214851     12.429702
     -2.047047      4.287317      4.287317      8.574634
     -2.037037      2.745874      2.745874      5.491747
     -2.027027      1.629287      1.629287      3.258575
     -2.017017      0.896240      0.896240      1.792481
     -2.007007      0.462513      0.462513      0.925027
     -1.996997      0.240587      0.240587      0.481173
     -1.986987      0.168560      0.168560      0.337119
     -1.976977      0.227366      0.227366      0.454732
     -1.966967      0.451255      0.451255      0.902511
     -1.956957      0.934862      0.934862      1.869723
     -1.946947      1.833476      1.833476      3.666952
     -1.936937      3.346349      3.346349      6.692698
     -1.926927      5.671648      5.671648     11.343295
     -1.916917      8.930671      8.930671     17.861343
     -1.906907     13.077695     13.077695     26.155389
     -1.896897     17.831806     17.831806     35.663612
     -1.886887     22.674011     22.674011     45.348022
     -1.876877     26.935490     26.935490     53.870980
     -1.866867     29.964167     29.964167     59.928333
     -1.856857     31.315406     31.315406     62.630813
     -1.846847     30.892809     30.892809     61.785619
     -1.836837     28.979533     28.979533     57.959066
     -1.826827     26.143128     26.143128     52.286255
     -1.816817     23.047405     23.047405     46.094810
     -1.806807     20.241867     20.241867     40.483735
     -1.796797     18.008261     18.008261     36.016522
     -1.786787     16.320667     16.320667     32.641334
     -1.776777     14.927509     14.927509     29.855017
     -1.766767     13.510710     13.510710     27.021419
     -1.756757     11.845197     11.845197     23.690393
     -1.746747      9.889188      9.889188     19.778375
     -1.736737      7.778118      7.778118     15.556236
     -1.726727      5.746547      5.746547     11.493094
     -1.716717      4.032340      4.032340      8.064680
     -1.706707      2.811859      2.811859      5.623717
     -1.696697      2.183752      2.183752      4.367503
     -1.686687      2.185687      2.185687      4.371373
     -1.676677      2.812748      2.812748      5.625496
     -1.666667      4.013877      4.013877      8.027754
     -1.656657      5.665797      5.665797     11.331594
     -1.646647      7.547490      7.547490     15.094980
     -1.636637      9.347756      9.347756     18.695513
     -1.626627     10.725958     10.725958     21.451917
     -1.616617     11.416468     11.416468     22.832935
     -1.606607     11.337578     11.337578     22.675156
     -1.596597     10.655269     10.655269     21.310537
     -1.586587      9.768865      9.768865     19.537730
     -1.576577      9.218434      9.218434     18.436868
     -1.566567      9.542187      9.542187     19.084374
     -1.556557     11.123348     11.123348     22.246696
     -1.546547     14.063228     14.063228     28.126455
     -1.536537     18.111718     18.111718     36.223436
     -1.526527     22.681517     22.681517     45.363033
     -1.516517     26.959595     26.959595     53.919189
     -1.506507     30.100706     30.100706     60.201413
     -1.496496     31.450590     31.450590     62.901181
     -1.486486     30.723498     30.723498     61.446995
     -1.476476     28.069755     28.069755     56.139510
     -1.466466     24.013012     24.013012     48.026024
     -1.456456     19.290145     19.290145     38.580289
     -1.446446     14.660396     14.660396     29.320792
     -1.436436     10.749125     10.749125     21.498250
     -1.426426      7.961749      7.961749     15.923497
     -1.416416      6.465934      6.465934     12.931867
     -1.406406      6.216228      6.216228     12.432456
     -1.396396      6.995132      6.995132     13.990264
     -1.386386      8.461685      8.461685     16.923370
     -1.376376     10.214897     10.214897     20.429794
     -1.366366     11.878015     11.878015     23.756030
     -1.356356     13.189278     13.189278     26.378556
     -1.346346     14.063027     14.063027     28.126054
     -1.336336     14.585393     14.585393     29.170786
     -1.326326     14.939428     14.939428     29.878855
     -1.316316     15.297127     15.297127     30.594255
     -1.306306     15.737348     15.737348     31.474697
     -1.296296     16.229552     16.229552     32.459104
     -1.286286     16.676558     16.676558     33.353115
     -1.276276     16.971884     16.971884     33.943767
     -1.266266     17.028263     17.028263     34.056525
     -1.256256     16.769667     16.769667     33.539334
     -1.246246     16.115899     16.115899     32.231798
     -1.236236     14.993868     14.993868     29.987736
     -1.226226     13.380688     13.380688     26.761376
     -1.216216     11.349129     11.349129     22.698257
     -1.206206      9.077359      9.077359     18.154719
     -1.196196      6.808852      6.808852     13.617705
     -1.186186      4.783156      4.783156      9.566311
     -1.176176      3.176083      3.176083      6.352166
     -1.166166      2.077995      2.077995      4.155990
     -1.156156      1.512402      1.512402      3.024803
     -1.146146      1.473761      1.473761      2.947523
     -1.136136      1.955666      1.955666      3.911332
     -1.126126      2.949337      2.949337      5.898674
     -1.116116      4.410994      4.410994      8.821988
     -1.106106      6.216771      6.216771     12.433542
     -1.096096      8.136746      8.136746     16.273493
     -1.086086      9.857139      9.857139     19.714277
     -1.076076     11.058603     11.058603     22.117205
     -1.066066     11.526602     11.526602     23.053205
     -1.056056     11.244939     11.244939     22.489878
     -1.046046     10.423205     10.423205     20.846411
     -1.036036      9.436438      9.436438     18.872877
     -1.026026      8.695801      8.695801     17.391603
     -1.016016      8.500476      8.500476     17.000951
     -1.006006      8.928554      8.928554     17.857108
     -0.995996      9.808489      9.808489     19.616979
     -0.985986     10.781780     10.781780     21.563561
     -0.975976     11.433315     11.433315     22.866631
     -0.965966     11.439218     11.439218     22.878436
     -0.955956     10.674148     10.674148     21.348296
     -0.945946      9.237483      9.237483     18.474967
     -0.935936      7.394998      7.394998     14.789997
     -0.925926      5.470636      5.470636     10.941273
     -0.915916      3.740660      3.740660      7.481321
     -0.905906      2.371792      2.371792      4.743585
     -0.895896      1.416264      1.416264      2.832528
     -0.885886      0.849285      0.849285      1.698571
     -0.875876      0.621899      0.621899      1.243798
     -0.865866      0.704951      0.704951      1.409903
     -0.855856      1.109793      1.109793      2.219586
     -0.845846      1.880455      1.880455      3.760909
     -0.835836      3.059105      3.059105      6.118209
     -0.825826      4.634495      4.634495      9.268990
     -0.815816      6.493144      6.493144     12.986288
     -0.805806      8.400060      8.400060     16.800119
     -0.795796     10.030848     10.030848     20.061696
     -0.785786     11.055765     11.055765     22.111529
     -0.775776     11.246795     11.246795     22.493589
     -0.765766     10.559813     10.559813     21.119627
     -0.755756      9.151067      9.151067     18.302134
     -0.745746      7.319466      7.319466     14.638932
     -0.735736      5.403816      5.403816     10.807632
     -0.725726      3.683337      3.683337      7.366674
     -0.715716      2.320774      2.320774      4.641548
     -0.705706      1.359896      1.359896      2.719791
     -0.695696      0.762937      0.762937      1.525875
     -0.685686      0.462300      0.462300      0.924601
     -0.675676      0.405025      0.405025      0.810050
     -0.665666      0.579157      0.579157      1.158313
     -0.655656      1.019081      1.019081      2.038162
     -0.645646      1.789613      1.789613      3.579226
     -0.635636      2.949877      2.949877      5.899755
     -0.625626      4.503187      4.503187      9.006375
     -0.615616      6.349226      6.349226     12.698453
     -0.605606      8.263577      8.263577     16.527154
     -0.595596      9.926911      9.926911     19.853822
     -0.585586     11.006505     11.006505     22.013009
     -0.575576     11.263466     11.263466     22.526931
     -0.565566     10.638529     10.638529     21.277059
     -0.555556      9.274234      9.274234     18.548467
     -0.545546      7.462104      7.462104     14.924209
     -0.535536      5.541552      5.541552     11.083105
     -0.525526      3.798293      3.798293      7.596586
     -0.515516      2.402881      2.402881      4.805762
     -0.505506      1.403017      1.403017      2.806034
     -0.495495      0.756102      0.756102      1.512204
     -0.485485      0.376084      0.376084      0.752168
     -0.475475      0.172654      0.172654      0.345308
     -0.465465      0.073157      0.073157      0.146313
     -0.455455      0.028610      0.028610      0.057220
     -0.445445      0.010327      0.010327      0.020654
     -0.435435      0.003441      0.003441      0.006882
     -0.425425      0.001061      0.001061      0.002121
     -0.415415      0.000313      0.000313      0.000627
     -0.405405      0.000134      0.000134      0.000268
     -0.395395      0.000234      0.000234      0.000468
     -0.385385      0.000778      0.000778      0.001556
     -0.375375      0.002570      0.002570      0.005140
     -0.365365      0.007870      0.007870      0.015740
     -0.355355      0.022251      0.022251      0.044502
     -0.345345      0.058068      0.058068      0.116135
     -0.335335      0.139863      0.139863      0.279726
     -0.325325      0.310928      0.310928      0.621855
     -0.315315      0.637973      0.637973      1.275946
     -0.305305      1.208181      1.208181      2.416362
     -0.295295      2.111779      2.111779      4.223558
     -0.285285      3.406840      3.406840      6.813681
     -0.275275      5.072733      5.072733     10.145466
     -0.265265      6.971385      6.971385     13.942770
     -0.255255      8.842661      8.842661     17.685322
     -0.245245     10.352226     10.352226     20.704451
     -0.235235     11.185910     11.185910     22.371821
     -0.225225     11.155674     11.155674     22.311347
     -0.215215     10.268502     10.268502     20.537005
     -0.205205      8.723791      8.723791     17.447582
     -0.195195      6.840538      6.840538     13.681076
     -0.185185      4.950649      4.950649      9.901298
     -0.175175      3.306898      3.306898      6.613797
     -0.165165      2.038761      2.038761      4.077523
     -0.155155      1.160109      1.160109      2.320218
     -0.145145      0.609282      0.609282      1.218563
     -0.135135      0.295341      0.295341      0.590683
     -0.125125      0.132135      0.132135      0.264270
     -0.115115      0.054563      0.054563      0.109126
     -0.105105      0.020795      0.020795      0.041590
     -0.095095      0.007315      0.007315      0.014630
     -0.085085      0.002375      0.002375      0.004750
     -0.075075      0.000712      0.000712      0.001423
     -0.065065      0.000197      0.000197      0.000394
     -0.055055      0.000050      0.000050      0.000100
     -0.045045      0.000012      0.000012      0.000024
     -0.035035      0.000003      0.000003      0.000005
     -0.025025      0.000001      0.000001      0.000001
     -0.015015      0.000000      0.000000      0.000000
     -0.005005      0.000000      0.000000      0.000000
      0.005005      0.000000      0.000000      0.000000
      0.015015      0.000000      0.000000      0.000000
      0.025025      0.000001      0.000001      0.000001
      0.035035      0.000003      0.000003      0.000005
      0.045045      0.000012      0.000012      0.000024
      0.055055      0.000050      0.000050      0.000100
      0.065065      0.000197      0.000197      0.000394
      0.075075      0.000712      0.000712      0.001423
      0.085085      0.002375      0.002375      0.004750
      0.095095      0.007315      0.007315      0.014630
      0.105105      0.020795      0.020795      0.041590
      0.115115      0.054563      0.054563      0.109126
      0.125125      0.132135      0.132135      0.264270
      0.135135      0.295342      0.295342      0.590683
      0.145145      0.609282      0.609282      1.218564
      0.155155      1.160110      1.160110      2.320219
      0.165165      2.038762      2.038762      4.077525
      0.175175      3.306900      3.306900      6.613800
      0.185185      4.950651      4.950651      9.901301
      0.195195      6.840540      6.840540     13.681080
      0.205205      8.723793      8.723793     17.447586
      0.215215     10.268504     10.268504     20.537007
      0.225225     11.155674     11.155674     22.311348
      0.235235     11.185910     11.185910     22.371820
      0.245245     10.352224     10.352224     20.704449
      0.255255      8.842659      8.842659     17.685318
      0.265265      6.971383      6.971383     13.942766
      0.275275      5.072731      5.072731     10.145462
      0.285285      3.406839      3.406839      6.813678
      0.295295      2.111778      2.111778      4.223556
      0.305305      1.208180      1.208180      2.416360
      0.315315      0.637973      0.637973      1.275945
      0.325325      0.310927      0.310927      0.621855
      0.335335      0.139863      0.139863      0.279726
      0.345345      0.058068      0.058068      0.116135
      0.355355      0.022251      0.022251      0.044502
      0.365365      0.007870      0.007870      0.015739
      0.375375      0.002569      0.002569      0.005139
      0.385385      0.000776      0.000776      0.001552
      0.395395      0.000224      0.000224      0.000448
      0.405405      0.000094      0.000094      0.000188
      0.415415      0.000167      0.000167      0.000333
      0.425425      0.000567      0.000567      0.001133
      0.435435      0.001910      0.001910      0.003820
      0.445445      0.005970      0.005970      0.011940
      0.455455      0.017226      0.017226      0.034453
      0.465465      0.045878      0.045878      0.091756
      0.475475      0.112772      0.112772      0.225543
      0.485485      0.255848      0.255848      0.511697
      0.495495      0.535738      0.535738      1.071475
      0.505506      1.035402      1.035402      2.070803
      0.515516      1.846938      1.846938      3.693876
      0.525526      3.040763      3.040763      6.081526
      0.535536      4.620615      4.620615      9.241230
      0.545546      6.480430      6.480430     12.960860
      0.555556      8.388704      8.388704     16.777408
      0.565566     10.022435     10.022435     20.044869
      0.575576     11.051984     11.051984     22.103968
      0.585586     11.248662     11.248662     22.497323
      0.595596     10.567529     10.567529     21.135058
      0.605606      9.164878      9.164878     18.329755
      0.615616      7.342036      7.342036     14.684071
      0.625626      5.444954      5.444954     10.889907
      0.635636      3.768389      3.768389      7.536778
      0.645646      2.503966      2.503966      5.007931
      0.655656      1.742311      1.742311      3.484621
      0.665666      1.510444      1.510444      3.020889
      0.675676      1.811862      1.811862      3.623725
      0.685686      2.641742      2.641742      5.283485
      0.695696      3.967728      3.967728      7.935456
      0.705706      5.688867      5.688867     11.377735
      0.715716      7.602209      7.602209     15.204418
      0.725726      9.409483      9.409483     18.818966
      0.735736     10.780141     10.780141     21.560283
      0.745746     11.456424     11.456424     22.912848
      0.755756     11.357064     11.357064     22.714127
      0.765766     10.627791     10.627791     21.255582
      0.775776      9.607097      9.607097     19.214195
      0.785786      8.714314      8.714314     17.428627
      0.795796      8.302315      8.302315     16.604630
      0.805806      8.531638      8.531638     17.063277
      0.815816      9.313069      9.313069     18.626139
      0.825826     10.339547     10.339547     20.679093
      0.835836     11.195839     11.195839     22.391677
      0.845846     11.505387     11.505387     23.010775
      0.855856     11.058030     11.058030     22.116059
      0.865866      9.869316      9.869316     19.738632
      0.875876      8.152386      8.152386     16.304773
      0.885886      6.223167      6.223167     12.446335
      0.895896      4.387015      4.387015      8.774030
      0.905906      2.855119      2.855119      5.710238
      0.915916      1.715231      1.715231      3.430462
      0.925926      0.951223      0.951223      1.902446
      0.935936      0.487320      0.487320      0.974641
      0.945946      0.231855      0.231855      0.463710
      0.955956      0.106264      0.106264      0.212528
      0.965966      0.057695      0.057695      0.115389
      0.975976      0.061184      0.061184      0.122367
      0.985986      0.118670      0.118670      0.237339
      0.995996      0.259177      0.259177      0.518354
      1.006006      0.539900      0.539900      1.079800
      1.016016      1.043451      1.043451      2.086902
      1.026026      1.864203      1.864203      3.728406
      1.036036      3.078931      3.078931      6.157863
      1.046046      4.705462      4.705462      9.410923
      1.056056      6.665435      6.665435     13.330871
      1.066066      8.775549      8.775549     17.551097
      1.076076     10.785685     10.785685     21.571370
      1.086086     12.459078     12.459078     24.918155
      1.096096     13.660040     13.660040     27.320081
      1.106106     14.400772     14.400772     28.801545
      1.116116     14.816480     14.816480     29.632960
      1.126126     15.081419     15.081419     30.162839
      1.136136     15.317982     15.317982     30.635964
      1.146146     15.555240     15.555240     31.110480
      1.156156     15.756320     15.756320     31.512641
      1.166166     15.883190     15.883190     31.766381
      1.176176     15.943268     15.943268     31.886536
      1.186186     15.983687     15.983687     31.967375
      1.196196     16.046537     16.046537     32.093075
      1.206206     16.130435     16.130435     32.260869
      1.216216     16.193309     16.193309     32.386618
      1.226226     16.189700     16.189700     32.379400
      1.236236     16.102361     16.102361     32.204722
      1.246246     15.933647     15.933647     31.867293
      1.256256     15.661739     15.661739     31.323478
      1.266266     15.203716     15.203716     30.407432
      1.276276     14.427691     14.427691     28.855382
      1.286286     13.218747     13.218747     26.437494
      1.296296     11.560261     11.560261     23.120522
      1.306306      9.579165      9.579165     19.158331
      1.316316      7.529479      7.529479     15.058959
      1.326326      5.729700      5.729700     11.459399
      1.336336      4.493541      4.493541      8.987081
      1.346346      4.084809      4.084809      8.169618
      1.356356      4.697878      4.697878      9.395756
      1.366366      6.441417      6.441417     12.882834
      1.376376      9.303984      9.303984     18.607968
      1.386386     13.104793     13.104793     26.209586
      1.396396     17.461649     17.461649     34.923298
      1.406406     21.816254     21.816254     43.632507
      1.416416     25.533513     25.533513     51.067027
      1.426426     28.048826     28.048826     56.097652
      1.436436     29.005154     29.005154     58.010309
      1.446446     28.324412     28.324412     56.648824
      1.456456     26.193678     26.193678     52.387356
      1.466466     22.989224     22.989224     45.978449
      1.476476     19.181427     19.181427     38.362853
      1.486486     15.254176     15.254176     30.508353
      1.496496     11.649485     11.649485     23.298970
      1.506507      8.731946      8.731946     17.463891
      1.516517      6.765091      6.765091     13.530182
      1.526527      5.895565      5.895565     11.791130
      1.536537      6.143954      6.143954     12.287909
      1.546547      7.402953      7.402953     14.805906
      1.556557      9.447108      9.447108     18.894216
      1.566567     11.961599     11.961599     23.923199
      1.576577     14.594411     14.594411     29.188822
      1.586587     17.025188     17.025188     34.050376
      1.596597     19.032440     19.032440     38.064880
      1.606607     20.538338     20.538338     41.076676
      1.616617     21.618772     21.618772     43.237545
      1.626627     22.477458     22.477458     44.954916
      1.636637     23.388682     23.388682     46.777364
      1.646647     24.615568     24.615568     49.231136
      1.656657     26.317714     26.317714     52.635428
      1.666667     28.475716     28.475716     56.951431
      1.676677     30.869278     30.869278     61.738556
      1.686687     33.134683     33.134683     66.269366
      1.696697     34.892217     34.892217     69.784433
      1.706707     35.890788     35.890788     71.781576
      1.716717     36.094558     36.094558     72.189117
      1.726727     35.657916     35.657916     71.315832
      1.736737     34.797569     34.797569     69.595138
      1.746747     33.638909     33.638909     67.277818
      1.756757     32.139460     32.139460     64.278921
      1.766767     30.149032     30.149032     60.298063
      1.776777     27.576589     27.576589     55.153178
      1.786787     24.558205     24.558205     49.116410
      1.796797     21.512214     21.512214     43.024428
      1.806807     19.032155     19.032155     38.064310
      1.816817     17.660846     17.660846     35.321692
      1.826827     17.652934     17.652934     35.305868
      1.836837     18.838331     18.838331     37.676663
      1.846847     20.651823     20.651823     41.303646
      1.856857     22.322314     22.322314     44.644628
      1.866867     23.148259     23.148259     46.296519
      1.876877     22.748159     22.748159     45.496317
      1.886887     21.183105     21.183105     42.366210
      1.896897     18.902740     18.902740     37.805480
      1.906907     16.544420     16.544420     33.088839
      1.916917     14.679959     14.679959     29.359918
      1.926927     13.622827     13.622827     27.245654
      1.936937     13.373476     13.373476     26.746952
      1.946947     13.711186     13.711186     27.422372
      1.956957     14.371012     14.371012     28.742024
      1.966967     15.206004     15.206004     30.412009
      1.976977     16.246022     16.246022     32.492045
      1.986987     17.622315     17.622315     35.244631
      1.996997     19.405137     19.405137     38.810274
      2.007007     21.457714     21.457714     42.915429
      2.017017     23.407354     23.407354     46.814707
      2.027027     24.767976     24.767976     49.535952
      2.037037     25.154068     25.154068     50.308135
      2.047047     24.463657     24.463657     48.927314
      2.057057     22.921262     22.921262     45.842524
      2.067067     20.955469     20.955469     41.910937
      2.077077     18.985813     18.985813     37.971625
      2.087087     17.244275     17.244275     34.488550
      2.097097     15.727353     15.727353     31.454707
      2.107107     14.289904     14.289904     28.579808
      2.117117     12.810209     12.810209     25.620418
      2.127127     11.326213     11.326213     22.652427
      2.137137     10.073889     10.073889     20.147778
      2.147147      9.419789      9.419789     18.839579
      2.157157      9.729928      9.729928     19.459856
      2.167167     11.233569     11.233569     22.467138
      2.177177     13.927640     13.927640     27.855280
      2.187187     17.543862     17.543862     35.087724
      2.197197     21.581137     21.581137     43.162275
      2.207207     25.393652     25.393652     50.787304
      2.217217     28.316920     28.316920     56.633840
      2.227227     29.806495     29.806495     59.612989
      2.237237     29.558050     29.558050     59.116100
      2.247247     27.576813     27.576813     55.153627
      2.257257     24.173210     24.173210     48.346420
      2.267267     19.881735     19.881735     39.763471
      2.277277     15.326668     15.326668     30.653337
      2.287287     11.079646     11.079646     22.159291
      2.297297      7.557708      7.557708     15.115416
      2.307307      4.992177      4.992177      9.984354
      2.317317      3.467253      3.467253      6.934506
      2.327327      2.998626      2.998626      5.997251
      2.337337      3.609333      3.609333      7.218667
      2.347347      5.365503      5.365503     10.731006
      2.357357      8.353090      8.353090     16.706181
      2.367367     12.600526     12.600526     25.201052
      2.377377     17.974762     17.974762     35.949524
      2.387387     24.094093     24.094093     48.188185
      2.397397     30.304472     30.304472     60.608943
      2.407407     35.751783     35.751783     71.503567
      2.417417     39.550259     39.550259     79.100517
      2.427427     41.005427     41.005427     82.010853
      2.437437     39.816433     39.816433     79.632866
      2.447447     36.177505     36.177505     72.355011
      2.457457     30.731729     30.731729     61.463457
      2.467467     24.390911     24.390911     48.781823
      2.477477     18.092996     18.092996     36.185992
      2.487487     12.591415     12.591415     25.182831
      2.497497      8.347106      8.347106     16.694212
      2.507508      5.539419      5.539419     11.078839
      2.517518      4.158650      4.158650      8.317301
      2.527528      4.116549      4.116549      8.233099
      2.537538      5.318876      5.318876     10.637753
      2.547548      7.674664      7.674664     15.349329
      2.557558     11.052290     11.052290     22.104580
      2.567568     15.217532     15.217532     30.435064
      2.577578     19.795799     19.795799     39.591599
      2.587588     24.289370     24.289370     48.578740
      2.597598     28.156544     28.156544     56.313088
      2.607608     30.932327     30.932327     61.864653
      2.617618     32.349671     32.349671     64.699343
      2.627628     32.414852     32.414852     64.829704
      2.637638     31.404793     31.404793     62.809585
      2.647648     29.785404     29.785404     59.570807
      2.657658     28.084980     28.084980     56.169960
      2.667668     26.775730     26.775730     53.551460
      2.677678     26.205834     26.205834     52.411668
      2.687688     26.589593     26.589593     53.179185
      2.697698     28.027854     28.027854     56.055708
      2.707708     30.519101     30.519101     61.038201
      2.717718     33.939269     33.939269     67.878539
      2.727728     38.000833     38.000833     76.001667
      2.737738     42.227552     42.227552     84.455104
      2.747748     45.986528     45.986528     91.973056
      2.757758     48.600357     48.600357     97.200714
      2.767768     49.523858     49.523858     99.047715
      2.777778     48.526263     48.526263     97.052526
      2.787788     45.795208     45.795208     91.590415
      2.797798     41.897157     41.897157     83.794314
      2.807808     37.591761     37.591761     75.183522
      2.817818     33.573497     33.573497     67.146994
      2.827828     30.255348     30.255348     60.510696
      2.837838     27.687770     27.687770     55.375540
      2.847848     25.635469     25.635469     51.270938
      2.857858     23.758532     23.758532     47.517064
      2.867868     21.804285     21.804285     43.608570
      2.877878     19.724990     19.724990     39.449980
      2.887888     17.680099     17.680099     35.360197
      2.897898     15.935913     15.935913     31.871827
      2.907908     14.719048     14.719048     29.438096
      2.917918     14.098074     14.098074     28.196148
      2.927928     13.952060     13.952060     27.904120
      2.937938     14.039155     14.039155     28.078310
      2.947948     14.123402     14.123402     28.246803
      2.957958     14.084438     14.084438     28.168876
      2.967968     13.945482     13.945482     27.890964
      2.977978     13.806477     13.806477     27.612953
      2.987988     13.729943     13.729943     27.459886
      2.997998     13.656967     13.656967     27.313935
      3.008008     13.409826     13.409826     26.819652
      3.018018     12.780742     12.780742     25.561483
      3.028028     11.652456     11.652456     23.304912
      3.038038     10.080590     10.080590     20.161181
      3.048048      8.296279      8.296279     16.592559
      3.058058      6.635659      6.635659     13.271318
      3.068068      5.436636      5.436636     10.873273
      3.078078      4.945757      4.945757      9.891513
      3.088088      5.257960      5.257960     10.515919
      3.098098      6.292157      6.292157     12.584314
      3.108108      7.800538      7.800538     15.601077
      3.118118      9.414846      9.414846     18.829692
      3.128128     10.732669     10.732669     21.465338
      3.138138     11.431698     11.431698     22.863395
      3.148148     11.377802     11.377802     22.755605
      3.158158     10.682847     10.682847     21.365694
      3.168168      9.682713      9.682713     19.365426
      3.178178      8.838931      8.838931     17.677863
      3.188188      8.598540      8.598540     17.197081
      3.198198      9.259346      9.259346     18.518691
      3.208208     10.879683     10.879683     21.759365
      3.218218     13.253489     13.253489     26.506978
      3.228228     15.953550     15.953550     31.907100
      3.238238     18.431452     18.431452     36.862905
      3.248248     20.150436     20.150436     40.300873
      3.258258     20.717390     20.717390     41.434780
      3.268268     19.977233     19.977233     39.954467
      3.278278     18.041611     18.041611     36.083221
      3.288288     15.243918     15.243918     30.487837
      3.298298     12.037647     12.037647     24.075293
      3.308308      8.874359      8.874359     17.748718
      3.318318      6.102518      6.102518     12.205036
      3.328328      3.916374      3.916374      7.832748
      3.338338      2.361603      2.361603      4.723207
      3.348348      1.382801      1.382801      2.765601
      3.358358      0.886848      0.886848      1.773697
      3.368368      0.797519      0.797519      1.595038
      3.378378      1.085300      1.085300      2.170600
      3.388388      1.765918      1.765918      3.531836
      3.398398      2.868962      2.868962      5.737923
      3.408408      4.386298      4.386298      8.772596
      3.418418      6.220029      6.220029     12.440059
      3.428428      8.157558      8.157558     16.315117
      3.438438      9.898203      9.898203     19.796405
      3.448448     11.135961     11.135961     22.271922
      3.458458     11.672200     11.672200     23.344401
      3.468468     11.507780     11.507780     23.015561
      3.478478     10.864708     10.864708     21.729415
      3.488488     10.117176     10.117176     20.234351
      3.498498      9.655955      9.655955     19.311910
      3.508509      9.744137      9.744137     19.488273
      3.518519     10.427873     10.427873     20.855747
      3.528529     11.540365     11.540365     23.080729
      3.538539     12.793164     12.793164     25.586328
      3.548549     13.906614     13.906614     27.813229
      3.558559     14.712281     14.712281     29.424563
      3.568569     15.177345     15.177345     30.354691
      3.578579     15.347802     15.347802     30.695603
      3.588589     15.257137     15.257137     30.514274
      3.598599     14.866744     14.866744     29.733488
      3.608609     14.078967     14.078967     28.157935
      3.618619     12.810933     12.810933     25.621866
      3.628629     11.075536     11.075536     22.151072
      3.638639      9.014181      9.014181     18.028363
      3.648649      6.861835      6.861835     13.723669
      3.658659      4.869184      4.869184      9.738367
      3.668669      3.228477      3.228477      6.456955
      3.678679      2.039201      2.039201      4.078401
      3.688689      1.320936      1.320936      2.641872
      3.698699      1.054971      1.054971      2.109943
      3.708709      1.226026      1.226026      2.452051
      3.718719      1.840486      1.840486      3.680972
      3.728729      2.910960      2.910960      5.821919
      3.738739      4.412957      4.412957      8.825914
      3.748749      6.234578      6.234578     12.469156
      3.758759      8.149179      8.149179     16.298357
      3.768769      9.837042      9.837042     19.674085
      3.778779     10.961384     10.961384     21.922767
      3.788789     11.273756     11.273756     22.547512
      3.798799     10.701942     10.701942     21.403883
      3.808809      9.376579      9.376579     18.753159
      3.818819      7.582528      7.582528     15.165056
      3.828829      5.659448      5.659448     11.318896
      3.838839      3.898891      3.898891      7.797782
      3.848849      2.479743      2.479743      4.959486
      3.858859      1.457749      1.457749      2.915497
      3.868869      0.797264      0.797264      1.594528
      3.878879      0.420054      0.420054      0.840109
      3.888889      0.249182      0.249182      0.498363
      3.898899      0.237756      0.237756      0.475513
      3.908909      0.382355      0.382355      0.764710
      3.918919      0.724034      0.724034      1.448069
      3.928929      1.337383      1.337383      2.674766
      3.938939      2.305152      2.305152      4.610305
      3.948949      3.678289      3.678289      7.356578
      3.958959      5.430583      5.430583     10.861165
      3.968969      7.429227      7.429227     14.858454
      3.978979      9.447195      9.447195     18.894390
      3.988989     11.230847     11.230847     22.461694
      3.998999     12.607095     12.607095     25.214189
      4.009009     13.583604     13.583604     27.167209
      4.019019     14.385055     14.385055     28.770109
      4.029029     15.390988     15.390988     30.781975
      4.039039     16.987571     16.987571     33.975143
      4.049049     19.390426     19.390426     38.780851
      4.059059     22.513358     22.513358     45.026716
      4.069069     25.940883     25.940883     51.881766
      4.079079     29.022400     29.022400     58.044799
      4.089089     31.061636     31.061636     62.123271
      4.099099     31.540538     31.540538     63.081076
      4.109109     30.300364     30.300364     60.600728
      4.119119     27.610634     27.610634     55.221268
      4.129129     24.092365     24.092365     48.184731
      4.139139     20.518156     20.518156     41.036312
      4.149149     17.565412     17.565412     35.130825
      4.159159     15.621969     15.621969     31.243939
      4.169169     14.719724     14.719724     29.439448
      4.179179     14.611341     14.611341     29.222681
      4.189189     14.938345     14.938345     29.876689
      4.199199     15.401140     15.401140     30.802281
      4.209209     15.852311     15.852311     31.704622
      4.219219     16.286186     16.286186     32.572372
      4.229229     16.758031     16.758031     33.516063
      4.239239     17.297960     17.297960     34.595920
      4.249249     17.871123     17.871123     35.742247
      4.259259     18.392942     18.392942     36.785885
      4.269269     18.771626     18.771626     37.543251
      4.279279     18.944424     18.944424     37.888848
      4.289289     18.893443     18.893443     37.786886
      4.299299     18.645972     18.645972     37.291945
      4.309309     18.266252     18.266252     36.532504
      4.319319     17.837844     17.837844     35.675687
      4.329329     17.437033     17.437033     34.874066
      4.339339     17.112096     17.112096     34.224192
      4.349349     16.892669     16.892669     33.785338
      4.359359     16.837578     16.837578     33.675156
      4.369369     17.092322     17.092322     34.184645
      4.379379     17.899716     17.899716     35.799432
      4.389389     19.520252     19.520252     39.040504
      4.399399     22.074153     22.074153     44.148306
      4.409409     25.380632     25.380632     50.761264
      4.419419     28.895394     28.895394     57.790788
      4.429429     31.810540     31.810540     63.621081
      4.439439     33.298032     33.298032     66.596063
      4.449449     32.796672     32.796672     65.593344
      4.459459     30.212727     30.212727     60.425453
      4.469469     25.944969     25.944969     51.889939
      4.479479     20.732182     20.732182     41.464365
      4.489489     15.403580     15.403580     30.807159
      4.499499     10.645525     10.645525     21.291051
      4.509510      6.870620      6.870620     13.741241
      4.519520      4.213206      4.213206      8.426412
      4.529530      2.617728      2.617728      5.235455
      4.539540      1.959299      1.959299      3.918598
      4.549550      2.140826      2.140826      4.281651
      4.559560      3.133575      3.133575      6.267150
      4.569570      4.953313      4.953313      9.906625
      4.579580      7.586228      7.586228     15.172457
      4.589590     10.897958     10.897958     21.795915
      4.599600     14.572215     14.572215     29.144429
      4.609610     18.123557     18.123557     36.247114
      4.619620     21.002654     21.002654     42.005308
      4.629630     22.766412     22.766412     45.532825
      4.639640     23.241886     23.241886     46.483772
      4.649650     22.601664     22.601664     45.203328
      4.659660     21.304159     21.304159     42.608318
      4.669670     19.919270     19.919270     39.838540
      4.679680     18.918992     18.918992     37.837984
      4.689690     18.526880     18.526880     37.053760
      4.699700     18.682420     18.682420     37.364840
      4.709710     19.113405     19.113405     38.226811
      4.719720     19.462621     19.462621     38.925243
      4.729730     19.409117     19.409117     38.818234
      4.739740     18.751328     18.751328     37.502656
      4.749750     17.450394     17.450394     34.900788
      4.759760     15.643801     15.643801     31.287601
      4.769770     13.632238     13.632238     27.264476
      4.779780     11.833960     11.833960     23.667921
      4.789790     10.705588     10.705588     21.411175
      4.799800     10.644056     10.644056     21.288112
      4.809810     11.897286     11.897286     23.794572
      4.819820     14.509820     14.509820     29.019640
      4.829830     18.314843     18.314843     36.629686
      4.839840     22.965958     22.965958     45.931916
      4.849850     27.992442     27.992442     55.984883
      4.859860     32.865141     32.865141     65.730281
      4.869870     37.070607     37.070607     74.141215
      4.879880     40.194755     40.194755     80.389511
      4.889890     42.004592     42.004592     84.009184
      4.899900     42.495224     42.495224     84.990447
      4.909910     41.863566     41.863566     83.727132
      4.919920     40.399652     40.399652     80.799304
      4.929930     38.340650     38.340650     76.681299
      4.939940     35.770499     35.770499     71.540999
      4.949950     32.630552     32.630552     65.261104
      4.959960     28.836640     28.836640     57.673280
      4.969970     24.425101     24.425101     48.850202
      4.979980     19.630735     19.630735     39.261470
      4.989990     14.847975     14.847975     29.695951
      5.000000     10.503713     10.503713     21.007425
