# EIG2DOS: Utility for SIESTA to obtain the electronic density of states
#  E. Artacho, Apr 1999, A. Garcia, Apr 2012
#  Nick R. Papior, Feb 2017
# ------------------------------------------
# Eigenvalues calculated from a non-polarized calculation
# Eigenvalues read from siesta.EIG
# Kpoint weights read from siesta.KP
# Using smearing parameter:   0.0500
# Using 1000 points in the energy range
# Selected bands: 1 to: 2981
# Emin, Emax in file for selected band(s):    -27.1139311    218.3618560
# Nbands, Nspin, Nk   =   2981     1     1
# E_F                 =    -4.2426 eV --> (shifted to ZERO)
# Broadening          =     0.0500 eV
#
#        E            N(up)  (=)   N(down)         Ntot
     -5.000000     33.636605     33.636605     67.273209
     -4.989990     37.700842     37.700842     75.401684
     -4.979980     41.225423     41.225423     82.450846
     -4.969970     43.656166     43.656166     87.312332
     -4.959960     44.579349     44.579349     89.158698
     -4.949950     43.850695     43.850695     87.701391
     -4.939940     41.650286     41.650286     83.300572
     -4.929930     38.453762     38.453762     76.907523
     -4.919920     34.947005     34.947005     69.894009
     -4.909910     31.920179     31.920179     63.840359
     -4.899900     30.155925     30.155925     60.311851
     -4.889890     30.299531     30.299531     60.599061
     -4.879880     32.698342     32.698342     65.396685
     -4.869870     37.235539     37.235539     74.471078
     -4.859860     43.234402     43.234402     86.468804
     -4.849850     49.524804     49.524804     99.049607
     -4.839840     54.710859     54.710859    109.421717
     -4.829830     57.574495     57.574495    115.148989
     -4.819820     57.457609     57.457609    114.915218
     -4.809810     54.452933     54.452933    108.905865
     -4.799800     49.319513     49.319513     98.639026
     -4.789790     43.174234     43.174234     86.348468
     -4.779780     37.112265     37.112265     74.224530
     -4.769770     31.918682     31.918682     63.837365
     -4.759760     27.957746     27.957746     55.915492
     -4.749750     25.225380     25.225380     50.450761
     -4.739740     23.486635     23.486635     46.973270
     -4.729730     22.415574     22.415574     44.831148
     -4.719720     21.690063     21.690063     43.380126
     -4.709710     21.034938     21.034938     42.069876
     -4.699700     20.233688     20.233688     40.467376
     -4.689690     19.137068     19.137068     38.274136
     -4.679680     17.689242     17.689242     35.378485
     -4.669670     15.972412     15.972412     31.944824
     -4.659660     14.248542     14.248542     28.497084
     -4.649650     12.964874     12.964874     25.929748
     -4.639640     12.696478     12.696478     25.392957
     -4.629630     14.020788     14.020788     28.041576
     -4.619620     17.345686     17.345686     34.691371
     -4.609610     22.736507     22.736507     45.473014
     -4.599600     29.803562     29.803562     59.607125
     -4.589590     37.712258     37.712258     75.424516
     -4.579580     45.350005     45.350005     90.700010
     -4.569570     51.624379     51.624379    103.248758
     -4.559560     55.796327     55.796327    111.592655
     -4.549550     57.712188     57.712188    115.424375
     -4.539540     57.824027     57.824027    115.648055
     -4.529530     56.977694     56.977694    113.955389
     -4.519520     56.057398     56.057398    112.114797
     -4.509510     55.643344     55.643344    111.286687
     -4.499499     55.826645     55.826645    111.653289
     -4.489489     56.242755     56.242755    112.485511
     -4.479479     56.280006     56.280006    112.560012
     -4.469469     55.350029     55.350029    110.700058
     -4.459459     53.101703     53.101703    106.203405
     -4.449449     49.510076     49.510076     99.020151
     -4.439439     44.840657     44.840657     89.681314
     -4.429429     39.540620     39.540620     79.081241
     -4.419419     34.122347     34.122347     68.244694
     -4.409409     29.083280     29.083280     58.166560
     -4.399399     24.867116     24.867116     49.734232
     -4.389389     21.839918     21.839918     43.679836
     -4.379379     20.250618     20.250618     40.501236
     -4.369369     20.170860     20.170860     40.341719
     -4.359359     21.444465     21.444465     42.888929
     -4.349349     23.692737     23.692737     47.385474
     -4.339339     26.401891     26.401891     52.803782
     -4.329329     29.073585     29.073585     58.147170
     -4.319319     31.379271     31.379271     62.758542
     -4.309309     33.250873     33.250873     66.501747
     -4.299299     34.868048     34.868048     69.736095
     -4.289289     36.546674     36.546674     73.093348
     -4.279279     38.569998     38.569998     77.139995
     -4.269269     41.021449     41.021449     82.042899
     -4.259259     43.679583     43.679583     87.359167
     -4.249249     46.024470     46.024470     92.048940
     -4.239239     47.376408     47.376408     94.752816
     -4.229229     47.137277     47.137277     94.274554
     -4.219219     45.046409     45.046409     90.092818
     -4.209209     41.332739     41.332739     82.665479
     -4.199199     36.676546     36.676546     73.353092
     -4.189189     31.983527     31.983527     63.967053
     -4.179179     28.072240     28.072240     56.144480
     -4.169169     25.420930     25.420930     50.841860
     -4.159159     24.083153     24.083153     48.166306
     -4.149149     23.789361     23.789361     47.578721
     -4.139139     24.160990     24.160990     48.321981
     -4.129129     24.920969     24.920969     49.841939
     -4.119119     26.000584     26.000584     52.001168
     -4.109109     27.499138     27.499138     54.998276
     -4.099099     29.523145     29.523145     59.046290
     -4.089089     31.991826     31.991826     63.983652
     -4.079079     34.521853     34.521853     69.043706
     -4.069069     36.476594     36.476594     72.953189
     -4.059059     37.184080     37.184080     74.368160
     -4.049049     36.229867     36.229867     72.459735
     -4.039039     33.675763     33.675763     67.351525
     -4.029029     30.085443     30.085443     60.170887
     -4.019019     26.341029     26.341029     52.682058
     -4.009009     23.346481     23.346481     46.692962
     -3.998999     21.763749     21.763749     43.527497
     -3.988989     21.889584     21.889584     43.779167
     -3.978979     23.688683     23.688683     47.377366
     -3.968969     26.917022     26.917022     53.834044
     -3.958959     31.246110     31.246110     62.492221
     -3.948949     36.335810     36.335810     72.671619
     -3.938939     41.860537     41.860537     83.721073
     -3.928929     47.524403     47.524403     95.048805
     -3.918919     53.087055     53.087055    106.174110
     -3.908909     58.385045     58.385045    116.770089
     -3.898899     63.312857     63.312857    126.625714
     -3.888889     67.746375     67.746375    135.492751
     -3.878879     71.437848     71.437848    142.875696
     -3.868869     73.949701     73.949701    147.899403
     -3.858859     74.693015     74.693015    149.386031
     -3.848849     73.089571     73.089571    146.179142
     -3.838839     68.807912     68.807912    137.615825
     -3.828829     61.972572     61.972572    123.945144
     -3.818819     53.243020     53.243020    106.486040
     -3.808809     43.710360     43.710360     87.420720
     -3.798799     34.639593     34.639593     69.279186
     -3.788789     27.151045     27.151045     54.302089
     -3.778779     21.953626     21.953626     43.907251
     -3.768769     19.211544     19.211544     38.423089
     -3.758759     18.568932     18.568932     37.137864
     -3.748749     19.304790     19.304790     38.609581
     -3.738739     20.561870     20.561870     41.123740
     -3.728729     21.587144     21.587144     43.174288
     -3.718719     21.928649     21.928649     43.857299
     -3.708709     21.545526     21.545526     43.091052
     -3.698699     20.803767     20.803767     41.607533
     -3.688689     20.352102     20.352102     40.704205
     -3.678679     20.902152     20.902152     41.804305
     -3.668669     22.970261     22.970261     45.940521
     -3.658659     26.663341     26.663341     53.326682
     -3.648649     31.590746     31.590746     63.181493
     -3.638639     36.947070     36.947070     73.894140
     -3.628629     41.743817     41.743817     83.487634
     -3.618619     45.101298     45.101298     90.202596
     -3.608609     46.485158     46.485158     92.970315
     -3.598599     45.804260     45.804260     91.608521
     -3.588589     43.358772     43.358772     86.717544
     -3.578579     39.692309     39.692309     79.384618
     -3.568569     35.422396     35.422396     70.844791
     -3.558559     31.100139     31.100139     62.200278
     -3.548549     27.115776     27.115776     54.231553
     -3.538539     23.651422     23.651422     47.302844
     -3.528529     20.686072     20.686072     41.372145
     -3.518519     18.058244     18.058244     36.116487
     -3.508509     15.573245     15.573245     31.146490
     -3.498498     13.115715     13.115715     26.231431
     -3.488488     10.718658     10.718658     21.437317
     -3.478478      8.560263      8.560263     17.120526
     -3.468468      6.896082      6.896082     13.792164
     -3.458458      5.961261      5.961261     11.922523
     -3.448448      5.881409      5.881409     11.762817
     -3.438438      6.618065      6.618065     13.236130
     -3.428428      7.961284      7.961284     15.922567
     -3.418418      9.574211      9.574211     19.148421
     -3.408408     11.086303     11.086303     22.172606
     -3.398398     12.214982     12.214982     24.429965
     -3.388388     12.874989     12.874989     25.749978
     -3.378378     13.227478     13.227478     26.454957
     -3.368368     13.640192     13.640192     27.280383
     -3.358358     14.569438     14.569438     29.138877
     -3.348348     16.409599     16.409599     32.819199
     -3.338338     19.363201     19.363201     38.726401
     -3.328328     23.363244     23.363244     46.726489
     -3.318318     28.051717     28.051717     56.103434
     -3.308308     32.808766     32.808766     65.617532
     -3.298298     36.837757     36.837757     73.675514
     -3.288288     39.317797     39.317797     78.635593
     -3.278278     39.611972     39.611972     79.223944
     -3.268268     37.472148     37.472148     74.944296
     -3.258258     33.149445     33.149445     66.298891
     -3.248248     27.342906     27.342906     54.685813
     -3.238238     20.995027     20.995027     41.990054
     -3.228228     15.023036     15.023036     30.046072
     -3.218218     10.103007     10.103007     20.206014
     -3.208208      6.583308      6.583308     13.166615
     -3.198198      4.527442      4.527442      9.054884
     -3.188188      3.825912      3.825912      7.651824
     -3.178178      4.303792      4.303792      8.607583
     -3.168168      5.780511      5.780511     11.561022
     -3.158158      8.082313      8.082313     16.164626
     -3.148148     11.036509     11.036509     22.073019
     -3.138138     14.475825     14.475825     28.951650
     -3.128128     18.257186     18.257186     36.514372
     -3.118118     22.273954     22.273954     44.547909
     -3.108108     26.436789     26.436789     52.873579
     -3.098098     30.622392     30.622392     61.244783
     -3.088088     34.622827     34.622827     69.245654
     -3.078078     38.139889     38.139889     76.279779
     -3.068068     40.842838     40.842838     81.685675
     -3.058058     42.460765     42.460765     84.921529
     -3.048048     42.852182     42.852182     85.704363
     -3.038038     42.011212     42.011212     84.022424
     -3.028028     40.020391     40.020391     80.040781
     -3.018018     37.001781     37.001781     74.003562
     -3.008008     33.114949     33.114949     66.229898
     -2.997998     28.605641     28.605641     57.211283
     -2.987988     23.861678     23.861678     47.723356
     -2.977978     19.421219     19.421219     38.842437
     -2.967968     15.908262     15.908262     31.816523
     -2.957958     13.912870     13.912870     27.825739
     -2.947948     13.857342     13.857342     27.714684
     -2.937938     15.886260     15.886260     31.772519
     -2.927928     19.803659     19.803659     39.607318
     -2.917918     25.071902     25.071902     50.143803
     -2.907908     30.884616     30.884616     61.769232
     -2.897898     36.316788     36.316788     72.633576
     -2.887888     40.529341     40.529341     81.058682
     -2.877878     42.972150     42.972150     85.944300
     -2.867868     43.511608     43.511608     87.023215
     -2.857858     42.426122     42.426122     84.852245
     -2.847848     40.264447     40.264447     80.528894
     -2.837838     37.623671     37.623671     75.247343
     -2.827828     34.942460     34.942460     69.884920
     -2.817818     32.397473     32.397473     64.794947
     -2.807808     29.938658     29.938658     59.877315
     -2.797798     27.428953     27.428953     54.857905
     -2.787788     24.803503     24.803503     49.607006
     -2.777778     22.159777     22.159777     44.319554
     -2.767768     19.734601     19.734601     39.469203
     -2.757758     17.791474     17.791474     35.582948
     -2.747748     16.493007     16.493007     32.986015
     -2.737738     15.838930     15.838930     31.677860
     -2.727728     15.705926     15.705926     31.411852
     -2.717718     15.958221     15.958221     31.916442
     -2.707708     16.549888     16.549888     33.099776
     -2.697698     17.544126     17.544126     35.088252
     -2.687688     19.031421     19.031421     38.062842
     -2.677678     21.001565     21.001565     42.003129
     -2.667668     23.263385     23.263385     46.526771
     -2.657658     25.480319     25.480319     50.960638
     -2.647648     27.313129     27.313129     54.626258
     -2.637638     28.585034     28.585034     57.170067
     -2.627628     29.364123     29.364123     58.728246
     -2.617618     29.910103     29.910103     59.820205
     -2.607608     30.520780     30.520780     61.041560
     -2.597598     31.374320     31.374320     62.748639
     -2.587588     32.454055     32.454055     64.908110
     -2.577578     33.576388     33.576388     67.152777
     -2.567568     34.475090     34.475090     68.950180
     -2.557558     34.878326     34.878326     69.756653
     -2.547548     34.551867     34.551867     69.103734
     -2.537538     33.330091     33.330091     66.660182
     -2.527528     31.167835     31.167835     62.335670
     -2.517518     28.211802     28.211802     56.423604
     -2.507508     24.845710     24.845710     49.691419
     -2.497497     21.653341     21.653341     43.306681
     -2.487487     19.281789     19.281789     38.563578
     -2.477477     18.246972     18.246972     36.493944
     -2.467467     18.763612     18.763612     37.527223
     -2.457457     20.677752     20.677752     41.355504
     -2.447447     23.535639     23.535639     47.071278
     -2.437437     26.761940     26.761940     53.523879
     -2.427427     29.870724     29.870724     59.741449
     -2.417417     32.616139     32.616139     65.232279
     -2.407407     35.015110     35.015110     70.030221
     -2.397397     37.233003     37.233003     74.466006
     -2.387387     39.389433     39.389433     78.778866
     -2.377377     41.383765     41.383765     82.767529
     -2.367367     42.835960     42.835960     85.671921
     -2.357357     43.186785     43.186785     86.373571
     -2.347347     41.923675     41.923675     83.847349
     -2.337337     38.832170     38.832170     77.664340
     -2.327327     34.154091     34.154091     68.308181
     -2.317317     28.576061     28.576061     57.152122
     -2.307307     23.053813     23.053813     46.107627
     -2.297297     18.551887     18.551887     37.103775
     -2.287287     15.804351     15.804351     31.608702
     -2.277277     15.173383     15.173383     30.346765
     -2.267267     16.626630     16.626630     33.253261
     -2.257257     19.807536     19.807536     39.615071
     -2.247247     24.153638     24.153638     48.307276
     -2.237237     29.021421     29.021421     58.042841
     -2.227227     33.788765     33.788765     67.577531
     -2.217217     37.919757     37.919757     75.839513
     -2.207207     40.991604     40.991604     81.983208
     -2.197197     42.699405     42.699405     85.398810
     -2.187187     42.863859     42.863859     85.727717
     -2.177177     41.459469     41.459469     82.918937
     -2.167167     38.654938     38.654938     77.309876
     -2.157157     34.829067     34.829067     69.658134
     -2.147147     30.519902     30.519902     61.039803
     -2.137137     26.295918     26.295918     52.591836
     -2.127127     22.590755     22.590755     45.181509
     -2.117117     19.579584     19.579584     39.159169
     -2.107107     17.163600     17.163600     34.327200
     -2.097097     15.071632     15.071632     30.143265
     -2.087087     13.022199     13.022199     26.044398
     -2.077077     10.859873     10.859873     21.719746
     -2.067067      8.603958      8.603958     17.207917
     -2.057057      6.404020      6.404020     12.808040
     -2.047047      4.446014      4.446014      8.892027
     -2.037037      2.866614      2.866614      5.733228
     -2.027027      1.712517      1.712517      3.425033
     -2.017017      0.947957      0.947957      1.895914
     -2.007007      0.490326      0.490326      0.980652
     -1.996997      0.249653      0.249653      0.499306
     -1.986987      0.157292      0.157292      0.314584
     -1.976977      0.181223      0.181223      0.362446
     -1.966967      0.332143      0.332143      0.664285
     -1.956957      0.664188      0.664188      1.328376
     -1.946947      1.269660      1.269660      2.539320
     -1.936937      2.262999      2.262999      4.525998
     -1.926927      3.749682      3.749682      7.499364
     -1.916917      5.782273      5.782273     11.564546
     -1.906907      8.316148      8.316148     16.632295
     -1.896897     11.184735     11.184735     22.369470
     -1.886887     14.111804     14.111804     28.223607
     -1.876877     16.765174     16.765174     33.530348
     -1.866867     18.839050     18.839050     37.678100
     -1.856857     20.140539     20.140539     40.281078
     -1.846847     20.654145     20.654145     41.308291
     -1.836837     20.562666     20.562666     41.125331
     -1.826827     20.209620     20.209620     40.419239
     -1.816817     19.999462     19.999462     39.998924
     -1.806807     20.253218     20.253218     40.506436
     -1.796797     21.066147     21.066147     42.132294
     -1.786787     22.232537     22.232537     44.465074
     -1.776777     23.288703     23.288703     46.577406
     -1.766767     23.674353     23.674353     47.348706
     -1.756757     22.949513     22.949513     45.899026
     -1.746747     20.969360     20.969360     41.938720
     -1.736737     17.938384     17.938384     35.876769
     -1.726727     14.328428     14.328428     28.656856
     -1.716717     10.712783     10.712783     21.425566
     -1.706707      7.600022      7.600022     15.200044
     -1.696697      5.332851      5.332851     10.665702
     -1.686687      4.068145      4.068145      8.136290
     -1.676677      3.809113      3.809113      7.618225
     -1.666667      4.445015      4.445015      8.890030
     -1.656657      5.770930      5.770930     11.541860
     -1.646647      7.492373      7.492373     14.984746
     -1.636637      9.242940      9.242940     18.485881
     -1.626627     10.641212     10.641212     21.282424
     -1.616617     11.387175     11.387175     22.774350
     -1.606607     11.366375     11.366375     22.732749
     -1.596597     10.714672     10.714672     21.429344
     -1.586587      9.808864      9.808864     19.617728
     -1.576577      9.179592      9.179592     18.359183
     -1.566567      9.372149      9.372149     18.744298
     -1.556557     10.793480     10.793480     21.586959
     -1.546547     13.581643     13.581643     27.163287
     -1.536537     17.528661     17.528661     35.057321
     -1.526527     22.083575     22.083575     44.167150
     -1.516517     26.451872     26.451872     52.903744
     -1.506507     29.780704     29.780704     59.561409
     -1.496496     31.381974     31.381974     62.763947
     -1.486486     30.919080     30.919080     61.838160
     -1.476476     28.489699     28.489699     56.979397
     -1.466466     24.577995     24.577995     49.155991
     -1.456456     19.903522     19.903522     39.807043
     -1.446446     15.230972     15.230972     30.461944
     -1.436436     11.207738     11.207738     22.415475
     -1.426426      8.268924      8.268924     16.537849
     -1.416416      6.611973      6.611973     13.223945
     -1.406406      6.217066      6.217066     12.434131
     -1.396396      6.886630      6.886630     13.773259
     -1.386386      8.292828      8.292828     16.585656
     -1.376376     10.038967     10.038967     20.077933
     -1.366366     11.741687     11.741687     23.483374
     -1.356356     13.122218     13.122218     26.244436
     -1.346346     14.072454     14.072454     28.144909
     -1.336336     14.658941     14.658941     29.317882
     -1.326326     15.055454     15.055454     30.110908
     -1.316316     15.437151     15.437151     30.874303
     -1.306306     15.893858     15.893858     31.787715
     -1.296296     16.405270     16.405270     32.810539
     -1.286286     16.876540     16.876540     33.753080
     -1.276276     17.193954     17.193954     34.387908
     -1.266266     17.257820     17.257820     34.515641
     -1.256256     16.981856     16.981856     33.963712
     -1.246246     16.283775     16.283775     32.567551
     -1.236236     15.098125     15.098125     30.196250
     -1.226226     13.416160     13.416160     26.832319
     -1.216216     11.325420     11.325420     22.650840
     -1.206206      9.014042      9.014042     18.028084
     -1.196196      6.727997      6.727997     13.455994
     -1.186186      4.702519      4.702519      9.405038
     -1.176176      3.105151      3.105151      6.210302
     -1.166166      2.017295      2.017295      4.034590
     -1.156156      1.455218      1.455218      2.910435
     -1.146146      1.409136      1.409136      2.818272
     -1.136136      1.872063      1.872063      3.744126
     -1.126126      2.838774      2.838774      5.677548
     -1.116116      4.273233      4.273233      8.546466
     -1.106106      6.062341      6.062341     12.124682
     -1.096096      7.987004      7.987004     15.974008
     -1.086086      9.740137      9.740137     19.480273
     -1.076076     11.001452     11.001452     22.002904
     -1.066066     11.547202     11.547202     23.094405
     -1.056056     11.346804     11.346804     22.693609
     -1.046046     10.595629     10.595629     21.191259
     -1.036036      9.659211      9.659211     19.318421
     -1.026026      8.945233      8.945233     17.890465
     -1.016016      8.753406      8.753406     17.506813
     -1.006006      9.163306      9.163306     18.326612
     -0.995996     10.004460     10.004460     20.008920
     -0.985986     10.920364     10.920364     21.840728
     -0.975976     11.501355     11.501355     23.002710
     -0.965966     11.433522     11.433522     22.867044
     -0.955956     10.604042     10.604042     21.208083
     -0.945946      9.123128      9.123128     18.246256
     -0.935936      7.261731      7.261731     14.523462
     -0.925926      5.341923      5.341923     10.683847
     -0.915916      3.632837      3.632837      7.265674
     -0.905906      2.292459      2.292459      4.584919
     -0.895896      1.366182      1.366182      2.732363
     -0.885886      0.826180      0.826180      1.652360
     -0.875876      0.624287      0.624287      1.248573
     -0.865866      0.734553      0.734553      1.469107
     -0.855856      1.171725      1.171725      2.343449
     -0.845846      1.980903      1.980903      3.961806
     -0.835836      3.200856      3.200856      6.401713
     -0.825826      4.811686      4.811686      9.623372
     -0.815816      6.687675      6.687675     13.375351
     -0.805806      8.582361      8.582361     17.164722
     -0.795796     10.166274     10.166274     20.332548
     -0.785786     11.115058     11.115058     22.230115
     -0.775776     11.216317     11.216317     22.432634
     -0.765766     10.446633     10.446633     20.893265
     -0.755756      8.980293      8.980293     17.960585
     -0.745746      7.125208      7.125208     14.250415
     -0.735736      5.218209      5.218209     10.436418
     -0.725726      3.528441      3.528441      7.056883
     -0.715716      2.205895      2.205895      4.411790
     -0.705706      1.283871      1.283871      2.567741
     -0.695696      0.718991      0.718991      1.437981
     -0.685686      0.442917      0.442917      0.885835
     -0.675676      0.405300      0.405300      0.810600
     -0.665666      0.598174      0.598174      1.196348
     -0.655656      1.059466      1.059466      2.118931
     -0.645646      1.855482      1.855482      3.710963
     -0.635636      3.043540      3.043540      6.087080
     -0.625626      4.621419      4.621419      9.242839
     -0.615616      6.480614      6.480614     12.961227
     -0.605606      8.388709      8.388709     16.777419
     -0.595596     10.022390     10.022390     20.044779
     -0.585586     11.051884     11.051884     22.103767
     -0.575576     11.248344     11.248344     22.496688
     -0.565566     10.566418     10.566418     21.132837
     -0.555556      9.161232      9.161232     18.322464
     -0.545546      7.331061      7.331061     14.662121
     -0.535536      5.414603      5.414603     10.829205
     -0.525526      3.691078      3.691078      7.382156
     -0.515516      2.322345      2.322345      4.644690
     -0.505506      1.348612      1.348612      2.697224
     -0.495495      0.722827      0.722827      1.445654
     -0.485485      0.357576      0.357576      0.715152
     -0.475475      0.163264      0.163264      0.326527
     -0.465465      0.068801      0.068801      0.137603
     -0.455455      0.026760      0.026760      0.053521
     -0.445445      0.009607      0.009607      0.019214
     -0.435435      0.003184      0.003184      0.006367
     -0.425425      0.000976      0.000976      0.001952
     -0.415415      0.000288      0.000288      0.000575
     -0.405405      0.000126      0.000126      0.000251
     -0.395395      0.000228      0.000228      0.000457
     -0.385385      0.000764      0.000764      0.001527
     -0.375375      0.002526      0.002526      0.005052
     -0.365365      0.007745      0.007745      0.015490
     -0.355355      0.021924      0.021924      0.043848
     -0.345345      0.057282      0.057282      0.114565
     -0.335335      0.138135      0.138135      0.276271
     -0.325325      0.307451      0.307451      0.614903
     -0.315315      0.631589      0.631589      1.263178
     -0.305305      1.197511      1.197511      2.395023
     -0.295295      2.095616      2.095616      4.191231
     -0.285285      3.384780      3.384780      6.769559
     -0.275275      5.045870      5.045870     10.091740
     -0.265265      6.942703      6.942703     13.885406
     -0.255255      8.816738      8.816738     17.633476
     -0.245245     10.334135     10.334135     20.668271
     -0.235235     11.179624     11.179624     22.359248
     -0.225225     11.162645     11.162645     22.325290
     -0.215215     10.287122     10.287122     20.574243
     -0.205205      8.749988      8.749988     17.499977
     -0.195195      6.869228      6.869228     13.738456
     -0.185185      4.977316      4.977316      9.954633
     -0.175175      3.328660      3.328660      6.657319
     -0.165165      2.054615      2.054615      4.109230
     -0.155155      1.170518      1.170518      2.341037
     -0.145145      0.615479      0.615479      1.230957
     -0.135135      0.298700      0.298700      0.597399
     -0.125125      0.133796      0.133796      0.267592
     -0.115115      0.055314      0.055314      0.110629
     -0.105105      0.021107      0.021107      0.042213
     -0.095095      0.007433      0.007433      0.014867
     -0.085085      0.002416      0.002416      0.004833
     -0.075075      0.000725      0.000725      0.001450
     -0.065065      0.000201      0.000201      0.000401
     -0.055055      0.000051      0.000051      0.000103
     -0.045045      0.000012      0.000012      0.000024
     -0.035035      0.000003      0.000003      0.000005
     -0.025025      0.000001      0.000001      0.000001
     -0.015015      0.000000      0.000000      0.000000
     -0.005005      0.000000      0.000000      0.000000
      0.005005      0.000000      0.000000      0.000000
      0.015015      0.000000      0.000000      0.000000
      0.025025      0.000001      0.000001      0.000001
      0.035035      0.000003      0.000003      0.000005
      0.045045      0.000012      0.000012      0.000024
      0.055055      0.000051      0.000051      0.000103
      0.065065      0.000201      0.000201      0.000401
      0.075075      0.000725      0.000725      0.001450
      0.085085      0.002416      0.002416      0.004833
      0.095095      0.007433      0.007433      0.014867
      0.105105      0.021107      0.021107      0.042213
      0.115115      0.055315      0.055315      0.110629
      0.125125      0.133796      0.133796      0.267592
      0.135135      0.298700      0.298700      0.597400
      0.145145      0.615479      0.615479      1.230959
      0.155155      1.170520      1.170520      2.341040
      0.165165      2.054617      2.054617      4.109234
      0.175175      3.328663      3.328663      6.657325
      0.185185      4.977320      4.977320      9.954640
      0.195195      6.869232      6.869232     13.738464
      0.205205      8.749992      8.749992     17.499984
      0.215215     10.287124     10.287124     20.574248
      0.225225     11.162646     11.162646     22.325292
      0.235235     11.179623     11.179623     22.359247
      0.245245     10.334133     10.334133     20.668266
      0.255255      8.816735      8.816735     17.633469
      0.265265      6.942699      6.942699     13.885398
      0.275275      5.045867      5.045867     10.091733
      0.285285      3.384777      3.384777      6.769554
      0.295295      2.095613      2.095613      4.191227
      0.305305      1.197510      1.197510      2.395020
      0.315315      0.631588      0.631588      1.263176
      0.325325      0.307451      0.307451      0.614902
      0.335335      0.138135      0.138135      0.276270
      0.345345      0.057282      0.057282      0.114564
      0.355355      0.021924      0.021924      0.043848
      0.365365      0.007745      0.007745      0.015490
      0.375375      0.002526      0.002526      0.005051
      0.385385      0.000762      0.000762      0.001524
      0.395395      0.000220      0.000220      0.000440
      0.405405      0.000092      0.000092      0.000184
      0.415415      0.000164      0.000164      0.000328
      0.425425      0.000558      0.000558      0.001116
      0.435435      0.001884      0.001884      0.003767
      0.445445      0.005893      0.005893      0.011785
      0.455455      0.017019      0.017019      0.034038
      0.465465      0.045368      0.045368      0.090737
      0.475475      0.111625      0.111625      0.223251
      0.485485      0.253489      0.253489      0.506978
      0.495495      0.531304      0.531304      1.062607
      0.505506      1.027811      1.027811      2.055621
      0.515516      1.835144      1.835144      3.670288
      0.525526      3.024225      3.024225      6.048451
      0.535536      4.599864      4.599864      9.199727
      0.545546      6.457474      6.457474     12.914949
      0.555556      8.366955      8.366955     16.733909
      0.565566     10.005979     10.005979     20.011958
      0.575576     11.044366     11.044366     22.088731
      0.585586     11.251666     11.251666     22.503332
      0.595596     10.580575     10.580575     21.161150
      0.605606      9.185387      9.185387     18.370773
      0.615616      7.366707      7.366707     14.733414
      0.625626      5.471530      5.471530     10.943060
      0.635636      3.797390      3.797390      7.594781
      0.645646      2.540001      2.540001      5.080002
      0.655656      1.794616      1.794616      3.589232
      0.665666      1.592146      1.592146      3.184292
      0.675676      1.937272      1.937272      3.874544
      0.685686      2.821270      2.821270      5.642541
      0.695696      4.201176      4.201176      8.402351
      0.705706      5.959655      5.959655     11.919310
      0.715716      7.876380      7.876380     15.752759
      0.725726      9.642547      9.642547     19.285095
      0.735736     10.931501     10.931501     21.863001
      0.745746     11.506572     11.506572     23.013144
      0.755756     11.319813     11.319813     22.639625
      0.765766     10.550659     10.550659     21.101318
      0.775776      9.557660      9.557660     19.115321
      0.785786      8.756410      8.756410     17.512819
      0.795796      8.470583      8.470583     16.941166
      0.805806      8.814225      8.814225     17.628450
      0.815816      9.650143      9.650143     19.300286
      0.825826     10.639944     10.639944     21.279887
      0.835836     11.366996     11.366996     22.733993
      0.845846     11.485298     11.485298     22.970596
      0.855856     10.835969     10.835969     21.671937
      0.865866      9.486694      9.486694     18.973388
      0.875876      7.684520      7.684520     15.369040
      0.885886      5.751632      5.751632     11.503264
      0.895896      3.975325      3.975325      7.950651
      0.905906      2.536541      2.536541      5.073081
      0.915916      1.493997      1.493997      2.987994
      0.925926      0.812296      0.812296      1.624592
      0.935936      0.407983      0.407983      0.815966
      0.945946      0.190312      0.190312      0.380625
      0.955956      0.085677      0.085677      0.171354
      0.965966      0.046454      0.046454      0.092908
      0.975976      0.051054      0.051054      0.102109
      0.985986      0.102189      0.102189      0.204378
      0.995996      0.227217      0.227217      0.454435
      1.006006      0.480166      0.480166      0.960331
      1.016016      0.940874      0.940874      1.881747
      1.026026      1.704277      1.704277      3.408554
      1.036036      2.854316      2.854316      5.708632
      1.046046      4.424420      4.424420      8.848841
      1.056056      6.358465      6.358465     12.716931
      1.066066      8.495450      8.495450     16.990901
      1.076076     10.597861     10.597861     21.195723
      1.086086     12.423143     12.423143     24.846286
      1.096096     13.808813     13.808813     27.617625
      1.106106     14.725213     14.725213     29.450426
      1.116116     15.263302     15.263302     30.526604
      1.126126     15.564799     15.564799     31.129597
      1.136136     15.741165     15.741165     31.482331
      1.146146     15.834708     15.834708     31.669417
      1.156156     15.841334     15.841334     31.682668
      1.166166     15.765924     15.765924     31.531848
      1.176176     15.657751     15.657751     31.315501
      1.186186     15.594472     15.594472     31.188945
      1.196196     15.630354     15.630354     31.260708
      1.206206     15.755978     15.755978     31.511955
      1.216216     15.905356     15.905356     31.810711
      1.226226     16.002864     16.002864     32.005727
      1.236236     16.006353     16.006353     32.012705
      1.246246     15.906828     15.906828     31.813656
      1.256256     15.685641     15.685641     31.371281
      1.266266     15.270954     15.270954     30.541908
      1.276276     14.539988     14.539988     29.079977
      1.286286     13.377908     13.377908     26.755816
      1.296296     11.758768     11.758768     23.517537
      1.306306      9.796152      9.796152     19.592305
      1.316316      7.733348      7.733348     15.466697
      1.326326      5.884347      5.884347     11.768695
      1.336336      4.564058      4.564058      9.128116
      1.346346      4.040915      4.040915      8.081830
      1.356356      4.516721      4.516721      9.033443
      1.366366      6.112707      6.112707     12.225413
      1.376376      8.838324      8.838324     17.676647
      1.386386     12.541901     12.541901     25.083802
      1.396396     16.872091     16.872091     33.744181
      1.406406     21.291387     21.291387     42.582774
      1.416416     25.164037     25.164037     50.328074
      1.426426     27.899373     27.899373     55.798747
      1.436436     29.095928     29.095928     58.191857
      1.446446     28.627924     28.627924     57.255849
      1.456456     26.646926     26.646926     53.293852
      1.466466     23.514254     23.514254     47.028509
      1.476476     19.704767     19.704767     39.409535
      1.486486     15.718636     15.718636     31.437272
      1.496496     12.017220     12.017220     24.034441
      1.506507      8.981798      8.981798     17.963596
      1.516517      6.888353      6.888353     13.776707
      1.526527      5.893203      5.893203     11.786405
      1.536537      6.026247      6.026247     12.052494
      1.546547      7.190555      7.190555     14.381111
      1.556557      9.171282      9.171282     18.342563
      1.566567     11.661464     11.661464     23.322927
      1.576577     14.310597     14.310597     28.621194
      1.586587     16.791449     16.791449     33.582898
      1.596597     18.868096     18.868096     37.736192
      1.606607     20.444005     20.444005     40.888010
      1.616617     21.576316     21.576316     43.152633
      1.626627     22.453965     22.453965     44.907931
      1.636637     23.344121     23.344121     46.688242
      1.646647     24.513729     24.513729     49.027458
      1.656657     26.138625     26.138625     52.277250
      1.666667     28.225211     28.225211     56.450423
      1.676677     30.580107     30.580107     61.160213
      1.686687     32.855944     32.855944     65.711888
      1.696697     34.670075     34.670075     69.340151
      1.706707     35.749840     35.749840     71.499681
      1.716717     36.030823     36.030823     72.061647
      1.726727     35.648559     35.648559     71.297117
      1.736737     34.821770     34.821770     69.643540
      1.746747     33.695959     33.695959     67.391917
      1.756757     32.250820     32.250820     64.501640
      1.766767     30.341364     30.341364     60.682727
      1.776777     27.855861     27.855861     55.711721
      1.786787     24.891761     24.891761     49.783521
      1.796797     21.831500     21.831500     43.663000
      1.806807     19.256748     19.256748     38.513496
      1.816817     17.732457     17.732457     35.464914
      1.826827     17.562899     17.562899     35.125798
      1.836837     18.635390     18.635390     37.270780
      1.846847     20.426052     20.426052     40.852104
      1.856857     22.171516     22.171516     44.343032
      1.866867     23.140724     23.140724     46.281448
      1.876877     22.897468     22.897468     45.794936
      1.886887     21.445503     21.445503     42.891006
      1.896897     19.197569     19.197569     38.395138
      1.906907     16.787911     16.787911     33.575822
      1.916917     14.817258     14.817258     29.634516
      1.926927     13.644811     13.644811     27.289623
      1.936937     13.312457     13.312457     26.624914
      1.946947     13.619256     13.619256     27.238512
      1.956957     14.292451     14.292451     28.584903
      1.966967     15.157520     15.157520     30.315040
      1.976977     16.214341     16.214341     32.428681
      1.986987     17.579385     17.579385     35.158770
      1.996997     19.331443     19.331443     38.662885
      2.007007     21.359516     21.359516     42.719032
      2.017017     23.317314     23.317314     46.634629
      2.027027     24.728786     24.728786     49.457573
      2.037037     25.195235     25.195235     50.390470
      2.047047     24.585746     24.585746     49.171492
      2.057057     23.096894     23.096894     46.193789
      2.067067     21.145665     21.145665     42.291329
      2.077077     19.160971     19.160971     38.321942
      2.087087     17.397152     17.397152     34.794304
      2.097097     15.871477     15.871477     31.742953
      2.107107     14.446208     14.446208     28.892415
      2.117117     12.991014     12.991014     25.982028
      2.127127     11.525521     11.525521     23.051041
      2.137137     10.267697     10.267697     20.535395
      2.147147      9.574161      9.574161     19.148323
      2.157157      9.811716      9.811716     19.623433
      2.167167     11.219739     11.219739     22.439477
      2.177177     13.811785     13.811785     27.623570
      2.187187     17.340003     17.340003     34.680007
      2.197197     21.324280     21.324280     42.648559
      2.207207     25.135380     25.135380     50.270760
      2.217217     28.114807     28.114807     56.229613
      2.227227     29.708985     29.708985     59.417969
      2.237237     29.590023     29.590023     59.180045
      2.247247     27.732196     27.732196     55.464392
      2.257257     24.418301     24.418301     48.836602
      2.267267     20.167632     20.167632     40.335263
      2.277277     15.604803     15.604803     31.209606
      2.287287     11.313584     11.313584     22.627168
      2.297297      7.727186      7.727186     15.454372
      2.307307      5.089632      5.089632     10.179264
      2.317317      3.490277      3.490277      6.980554
      2.327327      2.942687      2.942687      5.885374
      2.337337      3.464201      3.464201      6.928403
      2.347347      5.117066      5.117066     10.234131
      2.357357      7.990365      7.990365     15.980730
      2.367367     12.125820     12.125820     24.251640
      2.377377     17.413317     17.413317     34.826635
      2.387387     23.498742     23.498742     46.997485
      2.397397     29.751561     29.751561     59.503123
      2.407407     35.327298     35.327298     70.654596
      2.417417     39.329080     39.329080     78.658161
      2.427427     41.030322     41.030322     82.060643
      2.437437     40.084697     40.084697     80.169395
      2.447447     36.640956     36.640956     73.281913
      2.457457     31.310476     31.310476     62.620952
      2.467467     24.995563     24.995563     49.991127
      2.477477     18.646656     18.646656     37.293313
      2.487487     13.043733     13.043733     26.087466
      2.497497      8.676944      8.676944     17.353888
      2.507508      5.747799      5.747799     11.495597
      2.517518      4.256920      4.256920      8.513840
      2.527528      4.115252      4.115252      8.230505
      2.537538      5.221229      5.221229     10.442457
      2.547548      7.476364      7.476364     14.952727
      2.557558     10.747350     10.747350     21.494700
      2.567568     14.808050     14.808050     29.616100
      2.577578     19.301853     19.301853     38.603706
      2.587588     23.754108     23.754108     47.508216
      2.597598     27.642185     27.642185     55.284370
      2.607608     30.506093     30.506093     61.012187
      2.617618     32.063853     32.063853     64.127706
      2.627628     32.289314     32.289314     64.578628
      2.637638     31.420177     31.420177     62.840354
      2.647648     29.890154     29.890154     59.780308
      2.657658     28.212121     28.212121     56.424242
      2.667668     26.860810     26.860810     53.721619
      2.677678     26.198546     26.198546     52.397091
      2.687688     26.457025     26.457025     52.914050
      2.697698     27.752844     27.752844     55.505688
      2.707708     30.099236     30.099236     60.198473
      2.717718     33.390090     33.390090     66.780179
      2.727728     37.362571     37.362571     74.725143
      2.737738     41.570668     41.570668     83.141335
      2.747748     45.409210     45.409210     90.818419
      2.757758     48.212767     48.212767     96.425535
      2.767768     49.419863     49.419863     98.839726
      2.777778     48.751695     48.751695     97.503389
      2.787788     46.327232     46.327232     92.654464
      2.797798     42.646940     42.646940     85.293880
      2.807808     38.431969     38.431969     76.863939
      2.817818     34.379307     34.379307     68.758614
      2.827828     30.940783     30.940783     61.881566
      2.837838     28.222668     28.222668     56.445336
      2.847848     26.039227     26.039227     52.078455
      2.857858     24.077818     24.077818     48.155636
      2.867868     22.087216     22.087216     44.174431
      2.877878     20.002599     20.002599     40.005199
      2.887888     17.959959     17.959959     35.919918
      2.897898     16.206493     16.206493     32.412986
      2.907908     14.959522     14.959522     29.919044
      2.917918     14.287814     14.287814     28.575628
      2.927928     14.076201     14.076201     28.152402
      2.937938     14.089891     14.089891     28.179782
      2.947948     14.099166     14.099166     28.198333
      2.957958     13.989679     13.989679     27.979359
      2.967968     13.792283     13.792283     27.584566
      2.977978     13.616835     13.616835     27.233670
      2.987988     13.535730     13.535730     27.071460
      2.997998     13.494771     13.494771     26.989542
      3.008008     13.310084     13.310084     26.620169
      3.018018     12.753329     12.753329     25.506657
      3.028028     11.672008     11.672008     23.344016
      3.038038     10.073380     10.073380     20.146760
      3.048048      8.127892      8.127892     16.255783
      3.058058      6.098608      6.098608     12.197216
      3.068068      4.241922      4.241922      8.483844
      3.078078      2.730586      2.730586      5.461171
      3.088088      1.626819      1.626819      3.253639
      3.098098      0.902134      0.902134      1.804268
      3.108108      0.481383      0.481383      0.962766
      3.118118      0.287734      0.287734      0.575468
      3.128128      0.275853      0.275853      0.551706
      3.138138      0.451632      0.451632      0.903263
      3.148148      0.881279      0.881279      1.762558
      3.158158      1.690123      1.690123      3.380246
      3.168168      3.046381      3.046381      6.092763
      3.178178      5.123304      5.123304     10.246607
      3.188188      8.038461      8.038461     16.076923
      3.198198     11.781126     11.781126     23.562253
      3.208208     16.151863     16.151863     32.303725
      3.218218     20.743905     20.743905     41.487809
      3.228228     24.987446     24.987446     49.974893
      3.238238     28.256747     28.256747     56.513493
      3.248248     30.014622     30.014622     60.029243
      3.258258     29.950804     29.950804     59.901608
      3.268268     28.068090     28.068090     56.136181
      3.278278     24.685161     24.685161     49.370321
      3.288288     20.352954     20.352954     40.705908
      3.298298     15.712405     15.712405     31.424810
      3.308308     11.342375     11.342375     22.684750
      3.318318      7.647527      7.647527     15.295054
      3.328328      4.816072      4.816072      9.632143
      3.338338      2.847120      2.847120      5.694240
      3.348348      1.622548      1.622548      3.245096
      3.358358      0.989180      0.989180      1.978360
      3.368368      0.823437      0.823437      1.646875
      3.378378      1.063765      1.063765      2.127529
      3.388388      1.707660      1.707660      3.415320
      3.398398      2.777567      2.777567      5.555134
      3.408408      4.266473      4.266473      8.532947
      3.418418      6.082658      6.082658     12.165316
      3.428428      8.020573      8.020573     16.041145
      3.438438      9.782613      9.782613     19.565227
      3.448448     11.058049     11.058049     22.116098
      3.458458     11.635057     11.635057     23.270113
      3.468468     11.496606     11.496606     22.993213
      3.478478     10.849366     10.849366     21.698732
      3.488488     10.062469     10.062469     20.124938
      3.498498      9.536317      9.536317     19.072635
      3.508509      9.556689      9.556689     19.113377
      3.518519     10.197555     10.197555     20.395109
      3.528529     11.313686     11.313686     22.627372
      3.538539     12.622217     12.622217     25.244434
      3.548549     13.830092     13.830092     27.660183
      3.558559     14.742375     14.742375     29.484750
      3.568569     15.298644     15.298644     30.597289
      3.578579     15.527816     15.527816     31.055631
      3.588589     15.461798     15.461798     30.923597
      3.598599     15.072317     15.072317     30.144635
      3.608609     14.275247     14.275247     28.550495
      3.618619     12.996636     12.996636     25.993272
      3.628629     11.251014     11.251014     22.502027
      3.638639      9.176645      9.176645     18.353290
      3.648649      7.005066      7.005066     14.010131
      3.658659      4.986226      4.986226      9.972451
      3.668669      3.314336      3.314336      6.628671
      3.678679      2.091447      2.091447      4.182894
      3.688689      1.338049      1.338049      2.676098
      3.698699      1.033823      1.033823      2.067647
      3.708709      1.160506      1.160506      2.321011
      3.718719      1.722885      1.722885      3.445771
      3.728729      2.736601      2.736601      5.473202
      3.738739      4.186843      4.186843      8.373686
      3.748749      5.977034      5.977034     11.954068
      3.758759      7.896645      7.896645     15.793290
      3.768769      9.635481      9.635481     19.270962
      3.778779     10.853286     10.853286     21.706572
      3.788789     11.283742     11.283742     22.567483
      3.798799     10.827696     10.827696     21.655393
      3.808809      9.589741      9.589741     19.179482
      3.818819      7.839075      7.839075     15.678149
      3.828829      5.914386      5.914386     11.828773
      3.838839      4.118526      4.118526      8.237052
      3.848849      2.647058      2.647058      5.294116
      3.858859      1.570327      1.570327      3.140653
      3.868869      0.860061      0.860061      1.720121
      3.878879      0.435635      0.435635      0.871270
      3.888889      0.206466      0.206466      0.412932
      3.898899      0.098665      0.098665      0.197330
      3.908909      0.066134      0.066134      0.132268
      3.918919      0.092705      0.092705      0.185409
      3.928929      0.192079      0.192079      0.384158
      3.938939      0.408618      0.408618      0.817236
      3.948949      0.817031      0.817031      1.634062
      3.958959      1.515195      1.515195      3.030390
      3.968969      2.604021      2.604021      5.208042
      3.978979      4.153661      4.153661      8.307322
      3.988989      6.165613      6.165613     12.331226
      3.998999      8.549849      8.549849     17.099697
      4.009009     11.135900     11.135900     22.271800
      4.019019     13.721375     13.721375     27.442750
      4.029029     16.136739     16.136739     32.273478
      4.039039     18.288629     18.288629     36.577257
      4.049049     20.152054     20.152054     40.304107
      4.059059     21.714371     21.714371     43.428741
      4.069069     22.909851     22.909851     45.819702
      4.079079     23.595737     23.595737     47.191474
      4.089089     23.597412     23.597412     47.194825
      4.099099     22.805919     22.805919     45.611838
      4.109109     21.274567     21.274567     42.549133
      4.119119     19.255736     19.255736     38.511472
      4.129129     17.147346     17.147346     34.294693
      4.139139     15.365010     15.365010     30.730019
      4.149149     14.196333     14.196333     28.392667
      4.159159     13.707026     13.707026     27.414052
      4.169169     13.745738     13.745738     27.491477
      4.179179     14.045087     14.045087     28.090174
      4.189189     14.365329     14.365329     28.730657
      4.199199     14.604598     14.604598     29.209197
      4.209209     14.821367     14.821367     29.642735
      4.219219     15.169097     15.169097     30.338195
      4.229229     15.794828     15.794828     31.589656
      4.239239     16.767452     16.767452     33.534904
      4.249249     18.069503     18.069503     36.139006
      4.259259     19.634907     19.634907     39.269814
      4.269269     21.385198     21.385198     42.770396
      4.279279     23.229927     23.229927     46.459855
      4.289289     25.038281     25.038281     50.076562
      4.299299     26.620216     26.620216     53.240433
      4.309309     27.749977     27.749977     55.499954
      4.319319     28.229958     28.229958     56.459916
      4.329329     27.961232     27.961232     55.922464
      4.339339     26.984954     26.984954     53.969908
      4.349349     25.482890     25.482890     50.965780
      4.359359     23.748624     23.748624     47.497248
      4.369369     22.142113     22.142113     44.284226
      4.379379     21.024900     21.024900     42.049800
      4.389389     20.667431     20.667431     41.334861
      4.399399     21.140951     21.140951     42.281903
      4.409409     22.241500     22.241500     44.483001
      4.419419     23.507252     23.507252     47.014504
      4.429429     24.357364     24.357364     48.714727
      4.439439     24.311804     24.311804     48.623608
      4.449449     23.192320     23.192320     46.384640
      4.459459     21.199792     21.199792     42.399584
      4.469469     18.822498     18.822498     37.644996
      4.479479     16.618728     16.618728     33.237455
      4.489489     14.981953     14.981953     29.963907
      4.499499     14.001041     14.001041     28.002083
      4.509510     13.473910     13.473910     26.947819
      4.519520     13.054776     13.054776     26.109553
      4.529530     12.454781     12.454781     24.909561
      4.539540     11.600109     11.600109     23.200217
      4.549550     10.681459     10.681459     21.362918
      4.559560     10.082240     10.082240     20.164480
      4.569570     10.221974     10.221974     20.443949
      4.579580     11.377552     11.377552     22.755105
      4.589590     13.546547     13.546547     27.093095
      4.599600     16.402008     16.402008     32.804015
      4.609610     19.362615     19.362615     38.725230
      4.619620     21.766099     21.766099     43.532199
      4.629630     23.091502     23.091502     46.183004
      4.639640     23.144591     23.144591     46.289181
      4.649650     22.124144     22.124144     44.248289
      4.659660     20.534426     20.534426     41.068852
      4.669670     18.981308     18.981308     37.962615
      4.679680     17.945303     17.945303     35.890606
      4.689690     17.630170     17.630170     35.260339
      4.699700     17.938778     17.938778     35.877556
      4.709710     18.560473     18.560473     37.120946
      4.719720     19.108358     19.108358     38.216716
      4.729730     19.243255     19.243255     38.486511
      4.739740     18.752875     18.752875     37.505750
      4.749750     17.588791     17.588791     35.177582
      4.759760     15.875923     15.875923     31.751846
      4.769770     13.899666     13.899666     27.799333
      4.779780     12.063976     12.063976     24.127953
      4.789790     10.816549     10.816549     21.633099
      4.799800     10.553913     10.553913     21.107827
      4.809810     11.534608     11.534608     23.069216
      4.819820     13.828581     13.828581     27.657162
      4.829830     17.314289     17.314289     34.628578
      4.839840     21.713034     21.713034     43.426067
      4.849850     26.637836     26.637836     53.275671
      4.859860     31.639681     31.639681     63.279363
      4.869870     36.251405     36.251405     72.502810
      4.879880     40.041440     40.041440     80.082881
      4.889890     42.681114     42.681114     85.362228
      4.899900     44.004179     44.004179     88.008359
      4.909910     44.020999     44.020999     88.041997
      4.919920     42.866467     42.866467     85.732934
      4.929930     40.706016     40.706016     81.412033
      4.939940     37.661172     37.661172     75.322345
      4.949950     33.807745     33.807745     67.615489
      4.959960     29.245784     29.245784     58.491567
      4.969970     24.183293     24.183293     48.366586
      4.979980     18.963017     18.963017     37.926033
      4.989990     14.003307     14.003307     28.006614
      5.000000      9.684772      9.684772     19.369545
