# EIG2DOS: Utility for SIESTA to obtain the electronic density of states
#  E. Artacho, Apr 1999, A. Garcia, Apr 2012
#  Nick R. Papior, Feb 2017
# ------------------------------------------
# Eigenvalues calculated from a non-polarized calculation
# Eigenvalues read from siesta.EIG
# Kpoint weights read from siesta.KP
# Using smearing parameter:   0.0500
# Using 1000 points in the energy range
# Selected bands: 1 to: 2981
# Emin, Emax in file for selected band(s):    -27.3689975    218.4026400
# Nbands, Nspin, Nk   =   2981     1     1
# E_F                 =    -4.1946 eV --> (shifted to ZERO)
# Broadening          =     0.0500 eV
#
#        E            N(up)  (=)   N(down)         Ntot
     -5.000000     31.151036     31.151036     62.302072
     -4.989990     36.352908     36.352908     72.705816
     -4.979980     41.356651     41.356651     82.713302
     -4.969970     45.294495     45.294495     90.588990
     -4.959960     47.411662     47.411662     94.823323
     -4.949950     47.317999     47.317999     94.635998
     -4.939940     45.123344     45.123344     90.246688
     -4.929930     41.415270     41.415270     82.830539
     -4.919920     37.110691     37.110691     74.221383
     -4.909910     33.251253     33.251253     66.502506
     -4.899900     30.800793     30.800793     61.601586
     -4.889890     30.467001     30.467001     60.934003
     -4.879880     32.550357     32.550357     65.100715
     -4.869870     36.840077     36.840077     73.680154
     -4.859860     42.606207     42.606207     85.212414
     -4.849850     48.736558     48.736558     97.473117
     -4.839840     54.015697     54.015697    108.031394
     -4.829830     57.464784     57.464784    114.929568
     -4.819820     58.609504     58.609504    117.219007
     -4.809810     57.561405     57.561405    115.122809
     -4.799800     54.883401     54.883401    109.766802
     -4.789790     51.314805     51.314805    102.629611
     -4.779780     47.492774     47.492774     94.985548
     -4.769770     43.790907     43.790907     87.581815
     -4.759760     40.317329     40.317329     80.634658
     -4.749750     37.026495     37.026495     74.052990
     -4.739740     33.853099     33.853099     67.706198
     -4.729730     30.790431     30.790431     61.580862
     -4.719720     27.887999     27.887999     55.775998
     -4.709710     25.196256     25.196256     50.392511
     -4.699700     22.712257     22.712257     45.424514
     -4.689690     20.372392     20.372392     40.744784
     -4.679680     18.106953     18.106953     36.213905
     -4.669670     15.933949     15.933949     31.867897
     -4.659660     14.044418     14.044418     28.088836
     -4.649650     12.829915     12.829915     25.659829
     -4.639640     12.823536     12.823536     25.647072
     -4.629630     14.557149     14.557149     29.114299
     -4.619620     18.367633     18.367633     36.735266
     -4.609610     24.209125     24.209125     48.418250
     -4.599600     31.543404     31.543404     63.086807
     -4.589590     39.376098     39.376098     78.752196
     -4.579580     46.468158     46.468158     92.936316
     -4.569570     51.680257     51.680257    103.360514
     -4.559560     54.332372     54.332372    108.664745
     -4.549550     54.428891     54.428891    108.857782
     -4.539540     52.641921     52.641921    105.283842
     -4.529530     50.048375     50.048375    100.096751
     -4.519520     47.726927     47.726927     95.453855
     -4.509510     46.381039     46.381039     92.762079
     -4.499499     46.135772     46.135772     92.271543
     -4.489489     46.573097     46.573097     93.146193
     -4.479479     46.966339     46.966339     93.932677
     -4.469469     46.597336     46.597336     93.194672
     -4.459459     45.020996     45.020996     90.041992
     -4.449449     42.183522     42.183522     84.367043
     -4.439439     38.377795     38.377795     76.755589
     -4.429429     34.092774     34.092774     68.185549
     -4.419419     29.848119     29.848119     59.696238
     -4.409409     26.087104     26.087104     52.174208
     -4.399399     23.146284     23.146284     46.292569
     -4.389389     21.266754     21.266754     42.533509
     -4.379379     20.594828     20.594828     41.189656
     -4.369369     21.148222     21.148222     42.296444
     -4.359359     22.771769     22.771769     45.543538
     -4.349349     25.134097     25.134097     50.268194
     -4.339339     27.800382     27.800382     55.600764
     -4.329329     30.367771     30.367771     60.735543
     -4.319319     32.604871     32.604871     65.209742
     -4.309309     34.525417     34.525417     69.050834
     -4.299299     36.354041     36.354041     72.708083
     -4.289289     38.390104     38.390104     76.780208
     -4.279279     40.819876     40.819876     81.639753
     -4.269269     43.552814     43.552814     87.105628
     -4.259259     46.158194     46.158194     92.316388
     -4.249249     47.950343     47.950343     95.900686
     -4.239239     48.214359     48.214359     96.428719
     -4.229229     46.495166     46.495166     92.990331
     -4.219219     42.825498     42.825498     85.650996
     -4.209209     37.778906     37.778906     75.557812
     -4.199199     32.308872     32.308872     64.617745
     -4.189189     27.438453     27.438453     54.876905
     -4.179179     23.937225     23.937225     47.874449
     -4.169169     22.122557     22.122557     44.245115
     -4.159159     21.854568     21.854568     43.709136
     -4.149149     22.700897     22.700897     45.401793
     -4.139139     24.177172     24.177172     48.354344
     -4.129129     25.948526     25.948526     51.897053
     -4.119119     27.906152     27.906152     55.812304
     -4.109109     30.093784     30.093784     60.187568
     -4.099099     32.530035     32.530035     65.060070
     -4.089089     35.027975     35.027975     70.055950
     -4.079079     37.125407     37.125407     74.250815
     -4.069069     38.190815     38.190815     76.381631
     -4.059059     37.675120     37.675120     75.350240
     -4.049049     35.388745     35.388745     70.777490
     -4.039039     31.656528     31.656528     63.313056
     -4.029029     27.263264     27.263264     54.526528
     -4.019019     23.214530     23.214530     46.429061
     -4.009009     20.429969     20.429969     40.859938
     -3.998999     19.505082     19.505082     39.010165
     -3.988989     20.621877     20.621877     41.243753
     -3.978979     23.603622     23.603622     47.207245
     -3.968969     28.048637     28.048637     56.097274
     -3.958959     33.469117     33.469117     66.938233
     -3.948949     39.392807     39.392807     78.785613
     -3.938939     45.424209     45.424209     90.848418
     -3.928929     51.278536     51.278536    102.557073
     -3.918919     56.791095     56.791095    113.582189
     -3.908909     61.888020     61.888020    123.776040
     -3.898899     66.507752     66.507752    133.015503
     -3.888889     70.492617     70.492617    140.985233
     -3.878879     73.504938     73.504938    147.009875
     -3.868869     75.030106     75.030106    150.060212
     -3.858859     74.495432     74.495432    148.990863
     -3.848849     71.474064     71.474064    142.948128
     -3.838839     65.893038     65.893038    131.786077
     -3.828829     58.153281     58.153281    116.306563
     -3.818819     49.103131     49.103131     98.206262
     -3.808809     39.866653     39.866653     79.733305
     -3.798799     31.583721     31.583721     63.167443
     -3.788789     25.146835     25.146835     50.293669
     -3.778779     21.013081     21.013081     42.026162
     -3.768769     19.138110     19.138110     38.276219
     -3.758759     19.039156     19.039156     38.078312
     -3.748749     19.960529     19.960529     39.921058
     -3.738739     21.094204     21.094204     42.188409
     -3.728729     21.800507     21.800507     43.601013
     -3.718719     21.776692     21.776692     43.553384
     -3.708709     21.132245     21.132245     42.264490
     -3.698699     20.347841     20.347841     40.695682
     -3.688689     20.120202     20.120202     40.240405
     -3.678679     21.126214     21.126214     42.252429
     -3.668669     23.771036     23.771036     47.542073
     -3.658659     28.004083     28.004083     56.008166
     -3.648649     33.277813     33.277813     66.555626
     -3.638639     38.678959     38.678959     77.357919
     -3.628629     43.192126     43.192126     86.384252
     -3.618619     45.995181     45.995181     91.990361
     -3.608609     46.671745     46.671745     93.343489
     -3.598599     45.270291     45.270291     90.540582
     -3.588589     42.215103     42.215103     84.430206
     -3.578579     38.133731     38.133731     76.267462
     -3.568569     33.677326     33.677326     67.354653
     -3.558559     29.382308     29.382308     58.764615
     -3.548549     25.588275     25.588275     51.176550
     -3.538539     22.413180     22.413180     44.826360
     -3.528529     19.788033     19.788033     39.576066
     -3.518519     17.548085     17.548085     35.096171
     -3.508509     15.555150     15.555150     31.110301
     -3.498498     13.801173     13.801173     27.602346
     -3.488488     12.441214     12.441214     24.882428
     -3.478478     11.734053     11.734053     23.468105
     -3.468468     11.914705     11.914705     23.829410
     -3.458458     13.057470     13.057470     26.114940
     -3.448448     14.992442     14.992442     29.984884
     -3.438438     17.314031     17.314031     34.628062
     -3.428428     19.481947     19.481947     38.963894
     -3.418418     20.980333     20.980333     41.960665
     -3.408408     21.480656     21.480656     42.961311
     -3.398398     20.953180     20.953180     41.906361
     -3.388388     19.689354     19.689354     39.378707
     -3.378378     18.227735     18.227735     36.455470
     -3.368368     17.209046     17.209046     34.418092
     -3.358358     17.208551     17.208551     34.417102
     -3.348348     18.595775     18.595775     37.191550
     -3.338338     21.452123     21.452123     42.904245
     -3.328328     25.549721     25.549721     51.099442
     -3.318318     30.379517     30.379517     60.759033
     -3.308308     35.222252     35.222252     70.444505
     -3.298298     39.268942     39.268942     78.537883
     -3.288288     41.791789     41.791789     83.583578
     -3.278278     42.331807     42.331807     84.663615
     -3.268268     40.830262     40.830262     81.660525
     -3.258258     37.630826     37.630826     75.261651
     -3.248248     33.336733     33.336733     66.673466
     -3.238238     28.589583     28.589583     57.179167
     -3.228228     23.881545     23.881545     47.763091
     -3.218218     19.484314     19.484314     38.968627
     -3.208208     15.499124     15.499124     30.998248
     -3.198198     11.963715     11.963715     23.927430
     -3.188188      8.939789      8.939789     17.879578
     -3.178178      6.543653      6.543653     13.087306
     -3.168168      4.931615      4.931615      9.863230
     -3.158158      4.272319      4.272319      8.544638
     -3.148148      4.724313      4.724313      9.448627
     -3.138138      6.411244      6.411244     12.822489
     -3.128128      9.376211      9.376211     18.752423
     -3.118118     13.511856     13.511856     27.023711
     -3.108108     18.492827     18.492827     36.985654
     -3.098098     23.758775     23.758775     47.517550
     -3.088088     28.588093     28.588093     57.176187
     -3.078078     32.261828     32.261828     64.523656
     -3.068068     34.263123     34.263123     68.526246
     -3.058058     34.424564     34.424564     68.849129
     -3.048048     32.950782     32.950782     65.901565
     -3.038038     30.304829     30.304829     60.609658
     -3.028028     27.019493     27.019493     54.038986
     -3.018018     23.532482     23.532482     47.064964
     -3.008008     20.122370     20.122370     40.244740
     -2.997998     16.956368     16.956368     33.912736
     -2.987988     14.196113     14.196113     28.392226
     -2.977978     12.083767     12.083767     24.167534
     -2.967968     10.954535     10.954535     21.909070
     -2.957958     11.168518     11.168518     22.337036
     -2.947948     12.992865     12.992865     25.985731
     -2.937938     16.480065     16.480065     32.960130
     -2.927928     21.385343     21.385343     42.770687
     -2.917918     27.155975     27.155975     54.311950
     -2.907908     33.010242     33.010242     66.020484
     -2.897898     38.099675     38.099675     76.199351
     -2.887888     41.715629     41.715629     83.431257
     -2.877878     43.472912     43.472912     86.945825
     -2.867868     43.398184     43.398184     86.796367
     -2.857858     41.880649     41.880649     83.761298
     -2.847848     39.499730     39.499730     78.999459
     -2.837838     36.802074     36.802074     73.604147
     -2.827828     34.126553     34.126553     68.253106
     -2.817818     31.552544     31.552544     63.105088
     -2.807808     28.983226     28.983226     57.966451
     -2.797798     26.305720     26.305720     52.611441
     -2.787788     23.533011     23.533011     47.066021
     -2.777778     20.849481     20.849481     41.698961
     -2.767768     18.542105     18.542105     37.084209
     -2.757758     16.867044     16.867044     33.734088
     -2.747748     15.936898     15.936898     31.873796
     -2.737738     15.696457     15.696457     31.392915
     -2.727728     15.995357     15.995357     31.990714
     -2.717718     16.701728     16.701728     33.403456
     -2.707708     17.773916     17.773916     35.547832
     -2.697698     19.237698     19.237698     38.475396
     -2.687688     21.086176     21.086176     42.172353
     -2.677678     23.180905     23.180905     46.361810
     -2.667668     25.239668     25.239668     50.479335
     -2.657658     26.938963     26.938963     53.877925
     -2.647648     28.075632     28.075632     56.151264
     -2.637638     28.683070     28.683070     57.366140
     -2.627628     29.021400     29.021400     58.042801
     -2.617618     29.442467     29.442467     58.884935
     -2.607608     30.210327     30.210327     60.420654
     -2.597598     31.379014     31.379014     62.758028
     -2.587588     32.781183     32.781183     65.562366
     -2.577578     34.106394     34.106394     68.212788
     -2.567568     35.004470     35.004470     70.008940
     -2.557558     35.163211     35.163211     70.326423
     -2.547548     34.356232     34.356232     68.712464
     -2.537538     32.487680     32.487680     64.975359
     -2.527528     29.649178     29.649178     59.298357
     -2.517518     26.166402     26.166402     52.332804
     -2.507508     22.588451     22.588451     45.176902
     -2.497497     19.588886     19.588886     39.177771
     -2.487487     17.793787     17.793787     35.587573
     -2.477477     17.596992     17.596992     35.193985
     -2.467467     19.037479     19.037479     38.074958
     -2.457457     21.792308     21.792308     43.584615
     -2.447447     25.293003     25.293003     50.586006
     -2.437437     28.923055     28.923055     57.846109
     -2.427427     32.218391     32.218391     64.436781
     -2.417417     34.986581     34.986581     69.973162
     -2.407407     37.291245     37.291245     74.582490
     -2.397397     39.307732     39.307732     78.615464
     -2.387387     41.120230     41.120230     82.240461
     -2.377377     42.567039     42.567039     85.134078
     -2.367367     43.225972     43.225972     86.451944
     -2.357357     42.565492     42.565492     85.130984
     -2.347347     40.198923     40.198923     80.397845
     -2.337337     36.117684     36.117684     72.235367
     -2.327327     30.784467     30.784467     61.568933
     -2.317317     25.039150     25.039150     50.078300
     -2.307307     19.865464     19.865464     39.730927
     -2.297297     16.126700     16.126700     32.253401
     -2.287287     14.373554     14.373554     28.747107
     -2.277277     14.772256     14.772256     29.544513
     -2.267267     17.139734     17.139734     34.279467
     -2.257257     21.038928     21.038928     42.077857
     -2.247247     25.887645     25.887645     51.775289
     -2.237237     31.052534     31.052534     62.105067
     -2.227227     35.918758     35.918758     71.837516
     -2.217217     39.938048     39.938048     79.876096
     -2.207207     42.664453     42.664453     85.328905
     -2.197197     43.789642     43.789642     87.579283
     -2.187187     43.185878     43.185878     86.371756
     -2.177177     40.951669     40.951669     81.903338
     -2.167167     37.436418     37.436418     74.872835
     -2.157157     33.209967     33.209967     66.419934
     -2.147147     28.956200     28.956200     57.912399
     -2.137137     25.307589     25.307589     50.615178
     -2.127127     22.677999     22.677999     45.355998
     -2.117117     21.163271     21.163271     42.326543
     -2.107107     20.549862     20.549862     41.099724
     -2.097097     20.419120     20.419120     40.838241
     -2.087087     20.294399     20.294399     40.588797
     -2.077077     19.773304     19.773304     39.546609
     -2.067067     18.611682     18.611682     37.223365
     -2.057057     16.754282     16.754282     33.508564
     -2.047047     14.321001     14.321001     28.642002
     -2.037037     11.558653     11.558653     23.117307
     -2.027027      8.769031      8.769031     17.538061
     -2.017017      6.230659      6.230659     12.461318
     -2.007007      4.137571      4.137571      8.275142
     -1.996997      2.574186      2.574186      5.148372
     -1.986987      1.530483      1.530483      3.060967
     -1.976977      0.945176      0.945176      1.890353
     -1.966967      0.756133      0.756133      1.512266
     -1.956957      0.939002      0.939002      1.878005
     -1.946947      1.522270      1.522270      3.044541
     -1.936937      2.574604      2.574604      5.149209
     -1.926927      4.167245      4.167245      8.334490
     -1.916917      6.321809      6.321809     12.643618
     -1.906907      8.961660      8.961660     17.923319
     -1.896897     11.888456     11.888456     23.776911
     -1.886887     14.799461     14.799461     29.598923
     -1.876877     17.345985     17.345985     34.691971
     -1.866867     19.216305     19.216305     38.432610
     -1.856857     20.216670     20.216670     40.433339
     -1.846847     20.324640     20.324640     40.649280
     -1.836837     19.696506     19.696506     39.393012
     -1.826827     18.621034     18.621034     37.242067
     -1.816817     17.426273     17.426273     34.852547
     -1.806807     16.365926     16.365926     32.731851
     -1.796797     15.529441     15.529441     31.058882
     -1.786787     14.820048     14.820048     29.640095
     -1.776777     14.017517     14.017517     28.035033
     -1.766767     12.898284     12.898284     25.796567
     -1.756757     11.352571     11.352571     22.705141
     -1.746747      9.440615      9.440615     18.881231
     -1.736737      7.367403      7.367403     14.734806
     -1.726727      5.401553      5.401553     10.803105
     -1.716717      3.788680      3.788680      7.577359
     -1.706707      2.700265      2.700265      5.400529
     -1.696697      2.227660      2.227660      4.455321
     -1.686687      2.401079      2.401079      4.802157
     -1.676677      3.203177      3.203177      6.406354
     -1.666667      4.559194      4.559194      9.118387
     -1.656657      6.310291      6.310291     12.620582
     -1.646647      8.197672      8.197672     16.395344
     -1.636637      9.888186      9.888186     19.776371
     -1.626627     11.053017     11.053017     22.106034
     -1.616617     11.479110     11.479110     22.958219
     -1.606607     11.167789     11.167789     22.335579
     -1.596597     10.373784     10.373784     20.747567
     -1.586587      9.561895      9.561895     19.123790
     -1.576577      9.292073      9.292073     18.584146
     -1.566567     10.066955     10.066955     20.133910
     -1.556557     12.181716     12.181716     24.363431
     -1.546547     15.611887     15.611887     31.223773
     -1.536537     19.970169     19.970169     39.940338
     -1.526527     24.556650     24.556650     49.113301
     -1.516517     28.507709     28.507709     57.015419
     -1.506507     31.013780     31.013780     62.027559
     -1.496496     31.539864     31.539864     63.079728
     -1.486486     29.970283     29.970283     59.940566
     -1.476476     26.624984     26.624984     53.249968
     -1.466466     22.148035     22.148035     44.296070
     -1.456456     17.320261     17.320261     34.640523
     -1.446446     12.870035     12.870035     25.740070
     -1.436436      9.341189      9.341189     18.682378
     -1.426426      7.038911      7.038911     14.077822
     -1.416416      6.037666      6.037666     12.075332
     -1.406406      6.219136      6.219136     12.438272
     -1.396396      7.317060      7.317060     14.634120
     -1.386386      8.966985      8.966985     17.933971
     -1.376376     10.772009     10.772009     21.544018
     -1.366366     12.387270     12.387270     24.774539
     -1.356356     13.602015     13.602015     27.204030
     -1.346346     14.380716     14.380716     28.761431
     -1.336336     14.835073     14.835073     29.670145
     -1.326326     15.136426     15.136426     30.272851
     -1.316316     15.416904     15.416904     30.833807
     -1.306306     15.715473     15.715473     31.430946
     -1.296296     15.992049     15.992049     31.984099
     -1.286286     16.183227     16.183227     32.366454
     -1.276276     16.246664     16.246664     32.493328
     -1.266266     16.159149     16.159149     32.318298
     -1.256256     15.879419     15.879419     31.758838
     -1.246246     15.320629     15.320629     30.641259
     -1.236236     14.370132     14.370132     28.740265
     -1.226226     12.953310     12.953310     25.906620
     -1.216216     11.099441     11.099441     22.198881
     -1.206206      8.962948      8.962948     17.925896
     -1.196196      6.784495      6.784495     13.568990
     -1.186186      4.816422      4.816422      9.632844
     -1.176176      3.255953      3.255953      6.511906
     -1.166166      2.217620      2.217620      4.435241
     -1.156156      1.746960      1.746960      3.493920
     -1.146146      1.852426      1.852426      3.704852
     -1.136136      2.525597      2.525597      5.051195
     -1.126126      3.731662      3.731662      7.463324
     -1.116116      5.374423      5.374423     10.748846
     -1.106106      7.260893      7.260893     14.521785
     -1.096096      9.098505      9.098505     18.197011
     -1.086086     10.546220     10.546220     21.092439
     -1.076076     11.312213     11.312213     22.624425
     -1.066066     11.260475     11.260475     22.520949
     -1.056056     10.476043     10.476043     20.952087
     -1.046046      9.254023      9.254023     18.508046
     -1.036036      8.012414      8.012414     16.024827
     -1.026026      7.161793      7.161793     14.323587
     -1.016016      6.978653      6.978653     13.957306
     -1.006006      7.522102      7.522102     15.044203
     -0.995996      8.616315      8.616315     17.232630
     -0.985986      9.903009      9.903009     19.806019
     -0.975976     10.950658     10.950658     21.901317
     -0.965966     11.388755     11.388755     22.777511
     -0.955956     11.021655     11.021655     22.043309
     -0.945946      9.879093      9.879093     19.758187
     -0.935936      8.185170      8.185170     16.370340
     -0.925926      6.264217      6.264217     12.528435
     -0.915916      4.429283      4.429283      8.858566
     -0.905906      2.900607      2.900607      5.801214
     -0.895896      1.779219      1.779219      3.558439
     -0.885886      1.071125      1.071125      2.142250
     -0.875876      0.737933      0.737933      1.475867
     -0.865866      0.746465      0.746465      1.492930
     -0.855856      1.097707      1.097707      2.195415
     -0.845846      1.826012      1.826012      3.652024
     -0.835836      2.968746      2.968746      5.937491
     -0.825826      4.515953      4.515953      9.031907
     -0.815816      6.360067      6.360067     12.720134
     -0.805806      8.273038      8.273038     16.546077
     -0.795796      9.933989      9.933989     19.867977
     -0.785786     11.009930     11.009930     22.019859
     -0.775776     11.262526     11.262526     22.525052
     -0.765766     10.633470     10.633470     21.266940
     -0.755756      9.266224      9.266224     18.532448
     -0.745746      7.452894      7.452894     14.905788
     -0.735736      5.533123      5.533123     11.066246
     -0.725726      3.792969      3.792969      7.585939
     -0.715716      2.404545      2.404545      4.809090
     -0.705706      1.420384      1.420384      2.840768
     -0.695696      0.809535      0.809535      1.619071
     -0.685686      0.509745      0.509745      1.019489
     -0.675676      0.473132      0.473132      0.946264
     -0.665666      0.692866      0.692866      1.385732
     -0.655656      1.206628      1.206628      2.413257
     -0.645646      2.076504      2.076504      4.153008
     -0.635636      3.348003      3.348003      6.696006
     -0.625626      4.997850      4.997850      9.995699
     -0.615616      6.890447      6.890447     13.780895
     -0.605606      8.769123      8.769123     17.538245
     -0.595596     10.300625     10.300625     20.601250
     -0.585586     11.167612     11.167612     22.335224
     -0.575576     11.174919     11.174919     22.349839
     -0.565566     10.320849     10.320849     20.641698
     -0.555556      8.797785      8.797785     17.595570
     -0.545546      6.921785      6.921785     13.843570
     -0.535536      5.026315      5.026315     10.052630
     -0.525526      3.368745      3.368745      6.737490
     -0.515516      2.083884      2.083884      4.167767
     -0.505506      1.189777      1.189777      2.379554
     -0.495495      0.626967      0.626967      1.253934
     -0.485485      0.304937      0.304937      0.609875
     -0.475475      0.136887      0.136887      0.273775
     -0.465465      0.056716      0.056716      0.113431
     -0.455455      0.021689      0.021689      0.043377
     -0.445445      0.007655      0.007655      0.015310
     -0.435435      0.002494      0.002494      0.004989
     -0.425425      0.000753      0.000753      0.001506
     -0.415415      0.000222      0.000222      0.000444
     -0.405405      0.000112      0.000112      0.000223
     -0.395395      0.000240      0.000240      0.000479
     -0.385385      0.000816      0.000816      0.001632
     -0.375375      0.002692      0.002692      0.005384
     -0.365365      0.008218      0.008218      0.016436
     -0.355355      0.023161      0.023161      0.046323
     -0.345345      0.060249      0.060249      0.120498
     -0.335335      0.144650      0.144650      0.289300
     -0.325325      0.320535      0.320535      0.641071
     -0.315315      0.655571      0.655571      1.311141
     -0.305305      1.237514      1.237514      2.475028
     -0.295295      2.156093      2.156093      4.312186
     -0.285285      3.467142      3.467142      6.934285
     -0.275275      5.145917      5.145917     10.291833
     -0.265265      7.049214      7.049214     14.098427
     -0.255255      8.912621      8.912621     17.825242
     -0.245245     10.400568     10.400568     20.801137
     -0.235235     11.201999     11.201999     22.403999
     -0.225225     11.135786     11.135786     22.271572
     -0.215215     10.217227     10.217227     20.434454
     -0.205205      8.652310      8.652310     17.304620
     -0.195195      6.762666      6.762666     13.525332
     -0.185185      4.878549      4.878549      9.757098
     -0.175175      3.248256      3.248256      6.496512
     -0.165165      1.996166      1.996166      3.992332
     -0.155155      1.132218      1.132218      2.264435
     -0.145145      0.592721      0.592721      1.185441
     -0.135135      0.286389      0.286389      0.572779
     -0.125125      0.127718      0.127718      0.255435
     -0.115115      0.052569      0.052569      0.105138
     -0.105105      0.019971      0.019971      0.039942
     -0.095095      0.007003      0.007003      0.014005
     -0.085085      0.002266      0.002266      0.004532
     -0.075075      0.000677      0.000677      0.001354
     -0.065065      0.000187      0.000187      0.000373
     -0.055055      0.000047      0.000047      0.000095
     -0.045045      0.000011      0.000011      0.000022
     -0.035035      0.000002      0.000002      0.000005
     -0.025025      0.000000      0.000000      0.000001
     -0.015015      0.000000      0.000000      0.000000
     -0.005005      0.000000      0.000000      0.000000
      0.005005      0.000000      0.000000      0.000000
      0.015015      0.000000      0.000000      0.000000
      0.025025      0.000000      0.000000      0.000001
      0.035035      0.000002      0.000002      0.000005
      0.045045      0.000011      0.000011      0.000022
      0.055055      0.000047      0.000047      0.000095
      0.065065      0.000187      0.000187      0.000373
      0.075075      0.000677      0.000677      0.001354
      0.085085      0.002266      0.002266      0.004532
      0.095095      0.007003      0.007003      0.014005
      0.105105      0.019971      0.019971      0.039942
      0.115115      0.052569      0.052569      0.105138
      0.125125      0.127718      0.127718      0.255435
      0.135135      0.286389      0.286389      0.572779
      0.145145      0.592721      0.592721      1.185441
      0.155155      1.132218      1.132218      2.264435
      0.165165      1.996166      1.996166      3.992332
      0.175175      3.248256      3.248256      6.496512
      0.185185      4.878549      4.878549      9.757098
      0.195195      6.762666      6.762666     13.525332
      0.205205      8.652310      8.652310     17.304620
      0.215215     10.217227     10.217227     20.434454
      0.225225     11.135786     11.135786     22.271572
      0.235235     11.201999     11.201999     22.403999
      0.245245     10.400568     10.400568     20.801137
      0.255255      8.912621      8.912621     17.825242
      0.265265      7.049214      7.049214     14.098427
      0.275275      5.145917      5.145917     10.291833
      0.285285      3.467142      3.467142      6.934285
      0.295295      2.156093      2.156093      4.312186
      0.305305      1.237514      1.237514      2.475028
      0.315315      0.655571      0.655571      1.311141
      0.325325      0.320535      0.320535      0.641071
      0.335335      0.144650      0.144650      0.289300
      0.345345      0.060249      0.060249      0.120498
      0.355355      0.023161      0.023161      0.046323
      0.365365      0.008218      0.008218      0.016436
      0.375375      0.002692      0.002692      0.005383
      0.385385      0.000815      0.000815      0.001631
      0.395395      0.000236      0.000236      0.000471
      0.405405      0.000096      0.000096      0.000191
      0.415415      0.000162      0.000162      0.000323
      0.425425      0.000547      0.000547      0.001093
      0.435435      0.001847      0.001847      0.003693
      0.445445      0.005784      0.005784      0.011569
      0.455455      0.016729      0.016729      0.033457
      0.465465      0.044655      0.044655      0.089310
      0.475475      0.110019      0.110019      0.220038
      0.485485      0.250178      0.250178      0.500357
      0.495495      0.525073      0.525073      1.050145
      0.505506      1.017129      1.017129      2.034257
      0.515516      1.818525      1.818525      3.637049
      0.525526      3.000885      3.000885      6.001770
      0.535536      4.570528      4.570528      9.141056
      0.545546      6.424957      6.424957     12.849915
      0.555556      8.336065      8.336065     16.672129
      0.565566      9.982495      9.982495     19.964989
      0.575576     11.033295     11.033295     22.066591
      0.585586     11.255459     11.255459     22.510917
      0.595596     10.598069     10.598069     21.196139
      0.605606      9.211883      9.211883     18.423766
      0.615616      7.394814      7.394814     14.789629
      0.625626      5.491833      5.491833     10.983666
      0.635636      3.797935      3.797935      7.595869
      0.645646      2.504277      2.504277      5.008554
      0.655656      1.699022      1.699022      3.398043
      0.665666      1.405331      1.405331      2.810663
      0.675676      1.624533      1.624533      3.249065
      0.685686      2.356152      2.356152      4.712305
      0.695696      3.582943      3.582943      7.165886
      0.705706      5.230058      5.230058     10.460116
      0.715716      7.125238      7.125238     14.250477
      0.725726      8.993058      8.993058     17.986115
      0.735736     10.504595     10.504595     21.009189
      0.745746     11.375866     11.375866     22.751733
      0.755756     11.477143     11.477143     22.954286
      0.765766     10.900408     10.900408     21.800816
      0.775776      9.945806      9.945806     19.891613
      0.785786      9.024219      9.024219     18.048438
      0.795796      8.511876      8.511876     17.023752
      0.805806      8.613956      8.613956     17.227913
      0.815816      9.289745      9.289745     18.579491
      0.825826     10.267495     10.267495     20.534991
      0.835836     11.143441     11.143441     22.286882
      0.845846     11.527461     11.527461     23.054922
      0.855856     11.178751     11.178751     22.357502
      0.865866     10.078488     10.078488     20.156976
      0.875876      8.414596      8.414596     16.829192
      0.885886      6.494089      6.494089     12.988178
      0.895896      4.629030      4.629030      9.258061
      0.905906      3.046394      3.046394      6.092789
      0.915916      1.850723      1.850723      3.701446
      0.925926      1.037974      1.037974      2.075947
      0.935936      0.537955      0.537955      1.075911
      0.945946      0.259436      0.259436      0.518872
      0.955956      0.121857      0.121857      0.243714
      0.965966      0.070552      0.070552      0.141103
      0.975976      0.080787      0.080787      0.161574
      0.985986      0.157775      0.157775      0.315551
      0.995996      0.336828      0.336828      0.673656
      1.006006      0.682795      0.682795      1.365590
      1.016016      1.283386      1.283386      2.566772
      1.026026      2.229458      2.229458      4.458917
      1.036036      3.579586      3.579586      7.159172
      1.046046      5.316707      5.316707     10.633413
      1.056056      7.317177      7.317177     14.634354
      1.066066      9.357468      9.357468     18.714936
      1.076076     11.171907     11.171907     22.343815
      1.086086     12.546877     12.546877     25.093753
      1.096096     13.408113     13.408113     26.816225
      1.106106     13.850769     13.850769     27.701538
      1.116116     14.088640     14.088640     28.177279
      1.126126     14.346713     14.346713     28.693425
      1.136136     14.757704     14.757704     29.515408
      1.146146     15.320222     15.320222     30.640445
      1.156156     15.933872     15.933872     31.867743
      1.166166     16.475984     16.475984     32.951968
      1.176176     16.863964     16.863964     33.727928
      1.186186     17.070054     17.070054     34.140108
      1.196196     17.099109     17.099109     34.198217
      1.206206     16.965785     16.965785     33.931570
      1.216216     16.695025     16.695025     33.390049
      1.226226     16.334970     16.334970     32.669941
      1.236236     15.951195     15.951195     31.902390
      1.246246     15.586955     15.586955     31.173910
      1.256256     15.211741     15.211741     30.423482
      1.266266     14.703045     14.703045     29.406091
      1.276276     13.889910     13.889910     27.779821
      1.286286     12.642862     12.642862     25.285725
      1.296296     10.959484     10.959484     21.918969
      1.306306      8.996761      8.996761     17.993521
      1.316316      7.037266      7.037266     14.074532
      1.326326      5.416414      5.416414     10.832829
      1.336336      4.452452      4.452452      8.904903
      1.346346      4.403347      4.403347      8.806694
      1.356356      5.444151      5.444151     10.888301
      1.366366      7.641418      7.641418     15.282836
      1.376376     10.911480     10.911480     21.822959
      1.386386     14.977826     14.977826     29.955652
      1.396396     19.365320     19.365320     38.730641
      1.406406     23.463453     23.463453     46.926907
      1.416416     26.655621     26.655621     53.311243
      1.426426     28.469195     28.469195     56.938390
      1.436436     28.683602     28.683602     57.367204
      1.446446     27.355474     27.355474     54.710949
      1.456456     24.765297     24.765297     49.530593
      1.466466     21.325532     21.325532     42.651064
      1.476476     17.493880     17.493880     34.987760
      1.486486     13.713164     13.713164     27.426328
      1.496496     10.375105     10.375105     20.750210
      1.506507      7.796184      7.796184     15.592367
      1.516517      6.198255      6.198255     12.396510
      1.526527      5.693100      5.693100     11.386199
      1.536537      6.272256      6.272256     12.544512
      1.546547      7.804396      7.804396     15.608792
      1.556557     10.045678     10.045678     20.091356
      1.566567     12.670967     12.670967     25.341933
      1.576577     15.329146     15.329146     30.658292
      1.586587     17.713820     17.713820     35.427640
      1.596597     19.629801     19.629801     39.259602
      1.606607     21.034698     21.034698     42.069396
      1.616617     22.043427     22.043427     44.086854
      1.626627     22.893582     22.893582     45.787165
      1.636637     23.876091     23.876091     47.752183
      1.646647     25.241775     25.241775     50.483549
      1.656657     27.105870     27.105870     54.211740
      1.666667     29.385615     29.385615     58.771230
      1.676677     31.806575     31.806575     63.613150
      1.686687     33.990119     33.990119     67.980239
      1.696697     35.592662     35.592662     71.185324
      1.706707     36.430891     36.430891     72.861782
      1.716717     36.524201     36.524201     73.048402
      1.726727     36.027177     36.027177     72.054353
      1.736737     35.092368     35.092368     70.184737
      1.746747     33.753913     33.753913     67.507826
      1.756757     31.916360     31.916360     63.832720
      1.766767     29.466667     29.466667     58.933333
      1.776777     26.442246     26.442246     52.884493
      1.786787     23.143549     23.143549     46.287097
      1.796797     20.107474     20.107474     40.214948
      1.806807     17.938110     17.938110     35.876220
      1.816817     17.070772     17.070772     34.141544
      1.826827     17.579328     17.579328     35.158657
      1.836837     19.115147     19.115147     38.230294
      1.846847     21.008063     21.008063     42.016127
      1.856857     22.493503     22.493503     44.987006
      1.866867     22.978843     22.978843     45.957686
      1.876877     22.243903     22.243903     44.487806
      1.886887     20.494942     20.494942     40.989884
      1.896897     18.252943     18.252943     36.505885
      1.906907     16.129681     16.129681     32.259362
      1.916917     14.593814     14.593814     29.187629
      1.926927     13.829333     13.829333     27.658667
      1.936937     13.740447     13.740447     27.480895
      1.946947     14.084469     14.084469     28.168938
      1.956957     14.652307     14.652307     29.304614
      1.966967     15.394659     15.394659     30.789318
      1.976977     16.423089     16.423089     32.846178
      1.986987     17.886173     17.886173     35.772346
      1.996997     19.796092     19.796092     39.592184
      2.007007     21.916937     21.916937     43.833874
      2.017017     23.796308     23.796308     47.592616
      2.027027     24.938060     24.938060     49.876120
      2.037037     25.024904     25.024904     50.049808
      2.047047     24.062848     24.062848     48.125697
      2.057057     22.362756     22.362756     44.725511
      2.067067     20.372123     20.372123     40.744245
      2.077077     18.458957     18.458957     36.917914
      2.087087     16.771789     16.771789     33.543579
      2.097097     15.244836     15.244836     30.489672
      2.107107     13.726394     13.726394     27.452788
      2.117117     12.142278     12.142278     24.284556
      2.127127     10.600675     10.600675     21.201351
      2.137137      9.391794      9.391794     18.783589
      2.147147      8.896063      8.896063     17.792125
      2.157157      9.451616      9.451616     18.903232
      2.167167     11.233987     11.233987     22.467974
      2.177177     14.181485     14.181485     28.362970
      2.187187     17.978402     17.978402     35.956804
      2.197197     22.095065     22.095065     44.190131
      2.207207     25.876973     25.876973     51.753947
      2.217217     28.668881     28.668881     57.337762
      2.227227     29.951019     29.951019     59.902039
      2.237237     29.456194     29.456194     58.912387
      2.247247     27.234078     27.234078     54.468156
      2.257257     23.638462     23.638462     47.276923
      2.267267     19.235967     19.235967     38.471935
      2.277277     14.664088     14.664088     29.328176
      2.287287     10.487932     10.487932     20.975864
      2.297297      7.105478      7.105478     14.210957
      2.307307      4.728288      4.728288      9.456575
      2.317317      3.430298      3.430298      6.860596
      2.327327      3.229388      3.229388      6.458777
      2.337337      4.156868      4.156868      8.313736
      2.347347      6.279884      6.279884     12.559768
      2.357357      9.663632      9.663632     19.327264
      2.367367     14.285396     14.285396     28.570793
      2.377377     19.933732     19.933732     39.867464
      2.387387     26.138234     26.138234     52.276467
      2.397397     32.173313     32.173313     64.346626
      2.407407     37.159913     37.159913     74.319825
      2.417417     40.253798     40.253798     80.507596
      2.427427     40.868442     40.868442     81.736884
      2.437437     38.853274     38.853274     77.706548
      2.447447     34.553127     34.553127     69.106254
      2.457457     28.717526     28.717526     57.435052
      2.467467     22.292037     22.292037     44.584074
      2.477477     16.174841     16.174841     32.349682
      2.487487     11.031378     11.031378     22.062755
      2.497497      7.224084      7.224084     14.448167
      2.507508      4.855896      4.855896      9.711791
      2.517518      3.878195      3.878195      7.756391
      2.527528      4.197671      4.197671      8.395342
      2.537538      5.732664      5.732664     11.465329
      2.547548      8.403334      8.403334     16.806667
      2.557558     12.073837     12.073837     24.147675
      2.567568     16.486141     16.486141     32.972281
      2.577578     21.228416     21.228416     42.456832
      2.587588     25.766688     25.766688     51.533376
      2.597598     29.541664     29.541664     59.083329
      2.607608     32.103067     32.103067     64.206134
      2.617618     33.232893     33.232893     66.465787
      2.627628     33.007584     33.007584     66.015169
      2.637638     31.771406     31.771406     63.542812
      2.647648     30.032015     30.032015     60.064031
      2.657658     28.324575     28.324575     56.649150
      2.667668     27.101165     27.101165     54.202330
      2.677678     26.680054     26.680054     53.360107
      2.687688     27.249366     27.249366     54.498731
      2.697698     28.889197     28.889197     57.778394
      2.707708     31.574146     31.574146     63.148292
      2.717718     35.142481     35.142481     70.284962
      2.727728     39.251255     39.251255     78.502510
      2.737738     43.359686     43.359686     86.719373
      2.747748     46.783924     46.783924     93.567849
      2.757758     48.840229     48.840229     97.680458
      2.767768     49.046087     49.046087     98.092175
      2.777778     47.301161     47.301161     94.602323
      2.787788     43.954832     43.954832     87.909664
      2.797798     39.706484     39.706484     79.412969
      2.807808     35.365910     35.365910     70.731820
      2.817818     31.577105     31.577105     63.154210
      2.827828     28.629767     28.629767     57.259533
      2.837838     26.435201     26.435201     52.870402
      2.847848     24.659131     24.659131     49.318263
      2.857858     22.934155     22.934155     45.868311
      2.867868     21.052443     21.052443     42.104886
      2.877878     19.063811     19.063811     38.127622
      2.887888     17.252544     17.252544     34.505089
      2.897898     16.014365     16.014365     32.028731
      2.907908     15.688460     15.688460     31.376919
      2.917918     16.411765     16.411765     32.823531
      2.927928     18.051171     18.051171     36.102342
      2.937938     20.236594     20.236594     40.473188
      2.947948     22.475809     22.475809     44.951618
      2.957958     24.298664     24.298664     48.597329
      2.967968     25.370434     25.370434     50.740868
      2.977978     25.535691     25.535691     51.071383
      2.987988     24.793186     24.793186     49.586373
      2.997998     23.236053     23.236053     46.472106
      3.008008     21.000625     21.000625     42.001251
      3.018018     18.247890     18.247890     36.495781
      3.028028     15.170155     15.170155     30.340310
      3.038038     11.995622     11.995622     23.991243
      3.048048      8.968569      8.968569     17.937139
      3.058058      6.305738      6.305738     12.611475
      3.068068      4.150307      4.150307      8.300613
      3.078078      2.547967      2.547967      5.095933
      3.088088      1.455416      1.455416      2.910832
      3.098098      0.773300      0.773300      1.546600
      3.108108      0.386000      0.386000      0.772001
      3.118118      0.193354      0.193354      0.386708
      3.128128      0.128800      0.128800      0.257599
      3.138138      0.166878      0.166878      0.333757
      3.148148      0.325954      0.325954      0.651909
      3.158158      0.669428      0.669428      1.338856
      3.168168      1.303193      1.303193      2.606386
      3.178178      2.362228      2.362228      4.724457
      3.188188      3.978651      3.978651      7.957301
      3.198198      6.229787      6.229787     12.459574
      3.208208      9.077115      9.077115     18.154229
      3.218218     12.319670     12.319670     24.639341
      3.228228     15.589955     15.589955     31.179909
      3.238238     18.409839     18.409839     36.819678
      3.248248     20.300084     20.300084     40.600169
      3.258258     20.910575     20.910575     41.821150
      3.268268     20.123801     20.123801     40.247602
      3.278278     18.090839     18.090839     36.181679
      3.288288     15.185255     15.185255     30.370509
      3.298298     11.893649     11.893649     23.787297
      3.308308      8.685836      8.685836     17.371673
      3.318318      5.911581      5.911581     11.823161
      3.328328      3.754184      3.754184      7.508368
      3.338338      2.244389      2.244389      4.488778
      3.348348      1.315216      1.315216      2.630431
      3.358358      0.868903      0.868903      1.737806
      3.368368      0.830923      0.830923      1.661845
      3.378378      1.176239      1.176239      2.352478
      3.388388      1.922928      1.922928      3.845856
      3.398398      3.096263      3.096263      6.192526
      3.408408      4.674870      4.674870      9.349741
      3.418418      6.540506      6.540506     13.081013
      3.428428      8.459511      8.459511     16.919021
      3.438438     10.118288     10.118288     20.236577
      3.448448     11.213024     11.213024     22.426048
      3.458458     11.563179     11.563179     23.126359
      3.468468     11.197554     11.197554     22.395108
      3.478478     10.367007     10.367007     20.734014
      3.488488      9.469763      9.469763     18.939526
      3.498498      8.916527      8.916527     17.833054
      3.508509      8.990650      8.990650     17.981300
      3.518519      9.760045      9.760045     19.520090
      3.528529     11.073801     11.073801     22.147601
      3.538539     12.639200     12.639200     25.278400
      3.548549     14.139643     14.139643     28.279285
      3.558559     15.336557     15.336557     30.673115
      3.568569     16.109835     16.109835     32.219671
      3.578579     16.428897     16.428897     32.857793
      3.588589     16.289237     16.289237     32.578474
      3.598599     15.667999     15.667999     31.335998
      3.608609     14.532272     14.532272     29.064543
      3.618619     12.890044     12.890044     25.780089
      3.628629     10.840078     10.840078     21.680156
      3.638639      8.578568      8.578568     17.157136
      3.648649      6.353266      6.353266     12.706531
      3.658659      4.392028      4.392028      8.784055
      3.668669      2.846336      2.846336      5.692671
      3.678679      1.776051      1.776051      3.552103
      3.688689      1.174702      1.174702      2.349404
      3.698699      1.013930      1.013930      2.027860
      3.708709      1.280318      1.280318      2.560636
      3.718719      1.985078      1.985078      3.970156
      3.728729      3.140532      3.140532      6.281063
      3.738739      4.712453      4.712453      9.424906
      3.748749      6.571143      6.571143     13.142286
      3.758759      8.471268      8.471268     16.942535
      3.768769     10.083703     10.083703     20.167407
      3.778779     11.079542     11.079542     22.159083
      3.788789     11.236237     11.236237     22.472474
      3.798799     10.517425     10.517425     21.034850
      3.808809      9.086265      9.086265     18.172531
      3.818819      7.245168      7.245168     14.490335
      3.828829      5.332101      5.332101     10.664203
      3.838839      3.621894      3.621894      7.243787
      3.848849      2.270718      2.270718      4.541435
      3.858859      1.314016      1.314016      2.628033
      3.868869      0.702086      0.702086      1.404172
      3.878879      0.347161      0.347161      0.694322
      3.888889      0.161426      0.161426      0.322852
      3.898899      0.078123      0.078123      0.156245
      3.908909      0.058614      0.058614      0.117228
      3.918919      0.092686      0.092686      0.185372
      3.928929      0.198257      0.198257      0.396514
      3.938939      0.422532      0.422532      0.845065
      3.948949      0.841904      0.841904      1.683809
      3.958959      1.554450      1.554450      3.108901
      3.968969      2.659145      2.659145      5.318291
      3.978979      4.221748      4.221748      8.443496
      3.988989      6.237929      6.237929     12.475858
      3.998999      8.613476      8.613476     17.226953
      4.009009     11.179983     11.179983     22.359966
      4.019019     13.747193     13.747193     27.494386
      4.029029     16.167230     16.167230     32.334461
      4.039039     18.370237     18.370237     36.740475
      4.049049     20.342775     20.342775     40.685550
      4.059059     22.058120     22.058120     44.116240
      4.069069     23.406703     23.406703     46.813406
      4.079079     24.184290     24.184290     48.368579
      4.089089     24.163272     24.163272     48.326543
      4.099099     23.217819     23.217819     46.435638
      4.109109     21.433485     21.433485     42.866969
      4.119119     19.133493     19.133493     38.266986
      4.129129     16.796665     16.796665     33.593329
      4.139139     14.899950     14.899950     29.799899
      4.149149     13.759208     13.759208     27.518416
      4.159159     13.444235     13.444235     26.888470
      4.169169     13.807337     13.807337     27.614673
      4.179179     14.606904     14.606904     29.213808
      4.189189     15.657241     15.657241     31.314483
      4.199199     16.920778     16.920778     33.841557
      4.209209     18.490478     18.490478     36.980956
      4.219219     20.474108     20.474108     40.948216
      4.229229     22.851359     22.851359     45.702717
      4.239239     25.392165     25.392165     50.784330
      4.249249     27.688116     27.688116     55.376231
      4.259259     29.282636     29.282636     58.565272
      4.269269     29.832854     29.832854     59.665708
      4.279279     29.227227     29.227227     58.454453
      4.289289     27.615299     27.615299     55.230598
      4.299299     25.350914     25.350914     50.701828
      4.309309     22.880535     22.880535     45.761070
      4.319319     20.617695     20.617695     41.235390
      4.329329     18.842638     18.842638     37.685276
      4.339339     17.659716     17.659716     35.319432
      4.349349     17.028679     17.028679     34.057358
      4.359359     16.854036     16.854036     33.708072
      4.369369     17.080568     17.080568     34.161136
      4.379379     17.730194     17.730194     35.460387
      4.389389     18.845868     18.845868     37.691735
      4.399399     20.370982     20.370982     40.741963
      4.409409     22.046564     22.046564     44.093128
      4.419419     23.411064     23.411064     46.822127
      4.429429     23.929909     23.929909     47.859818
      4.439439     23.199795     23.199795     46.399590
      4.449449     21.121562     21.121562     42.243124
      4.459459     17.950830     17.950830     35.901661
      4.469469     14.205908     14.205908     28.411817
      4.479479     10.489709     10.489709     20.979418
      4.489489      7.317894      7.317894     14.635788
      4.499499      5.023936      5.023936     10.047872
      4.509510      3.756498      3.756498      7.512996
      4.519520      3.534836      3.534836      7.069672
      4.529530      4.310643      4.310643      8.621286
      4.539540      6.000928      6.000928     12.001856
      4.549550      8.487534      8.487534     16.975069
      4.559560     11.602188     11.602188     23.204375
      4.569570     15.118955     15.118955     30.237910
      4.579580     18.762329     18.762329     37.524658
      4.589590     22.224508     22.224508     44.449015
      4.599600     25.184606     25.184606     50.369213
      4.609610     27.335278     27.335278     54.670555
      4.619620     28.431557     28.431557     56.863115
      4.629630     28.365061     28.365061     56.730123
      4.639640     27.236407     27.236407     54.472815
      4.649650     25.376027     25.376027     50.752055
      4.659660     23.275751     23.275751     46.551503
      4.669670     21.441145     21.441145     42.882290
      4.679680     20.225664     20.225664     40.451329
      4.689690     19.723389     19.723389     39.446778
      4.699700     19.765055     19.765055     39.530110
      4.709710     20.006681     20.006681     40.013362
      4.719720     20.060342     20.060342     40.120684
      4.729730     19.613795     19.613795     39.227589
      4.739740     18.509726     18.509726     37.019453
      4.749750     16.780169     16.780169     33.560338
      4.759760     14.640667     14.640667     29.281333
      4.769770     12.446576     12.446576     24.893153
      4.779780     10.614805     10.614805     21.229611
      4.789790      9.525020      9.525020     19.050041
      4.799800      9.427796      9.427796     18.855592
      4.809810     10.390838     10.390838     20.781675
      4.819820     12.301800     12.301800     24.603600
      4.829830     14.921537     14.921537     29.843075
      4.839840     17.957627     17.957627     35.915253
      4.849850     21.120221     21.120221     42.240442
      4.859860     24.139293     24.139293     48.278586
      4.869870     26.755852     26.755852     53.511703
      4.879880     28.724483     28.724483     57.448967
      4.889890     29.856334     29.856334     59.712667
      4.899900     30.091679     30.091679     60.183357
      4.909910     29.551824     29.551824     59.103648
      4.919920     28.518878     28.518878     57.037757
      4.929930     27.336021     27.336021     54.672042
      4.939940     26.276926     26.276926     52.553852
      4.949950     25.456117     25.456117     50.912233
      4.959960     24.824808     24.824808     49.649615
      4.969970     24.242098     24.242098     48.484196
      4.979980     23.569216     23.569216     47.138431
      4.989990     22.730216     22.730216     45.460431
      5.000000     21.712684     21.712684     43.425369
