# EIG2DOS: Utility for SIESTA to obtain the electronic density of states
#  E. Artacho, Apr 1999, A. Garcia, Apr 2012
#  Nick R. Papior, Feb 2017
# ------------------------------------------
# Eigenvalues calculated from a non-polarized calculation
# Eigenvalues read from siesta.EIG
# Kpoint weights read from siesta.KP
# Using smearing parameter:   0.0500
# Using 1000 points in the energy range
# Selected bands: 1 to: 2981
# Emin, Emax in file for selected band(s):    -27.0695304    218.3283040
# Nbands, Nspin, Nk   =   2981     1     1
# E_F                 =    -4.2776 eV --> (shifted to ZERO)
# Broadening          =     0.0500 eV
#
#        E            N(up)  (=)   N(down)         Ntot
     -5.000000     45.502400     45.502400     91.004799
     -4.989990     47.267106     47.267106     94.534212
     -4.979980     47.899940     47.899940     95.799880
     -4.969970     47.433980     47.433980     94.867960
     -4.959960     45.953470     45.953470     91.906939
     -4.949950     43.597759     43.597759     87.195518
     -4.939940     40.583744     40.583744     81.167489
     -4.929930     37.232585     37.232585     74.465170
     -4.919920     33.986551     33.986551     67.973102
     -4.909910     31.401840     31.401840     62.803680
     -4.899900     30.098184     30.098184     60.196368
     -4.889890     30.643950     30.643950     61.287901
     -4.879880     33.373873     33.373873     66.747745
     -4.869870     38.183301     38.183301     76.366601
     -4.859860     44.395563     44.395563     88.791125
     -4.849850     50.811337     50.811337    101.622673
     -4.839840     55.986760     55.986760    111.973520
     -4.829830     58.667772     58.667772    117.335545
     -4.819820     58.202889     58.202889    116.405777
     -4.809810     54.743085     54.743085    109.486170
     -4.799800     49.137597     49.137597     98.275194
     -4.789790     42.589657     42.589657     85.179315
     -4.779780     36.247476     36.247476     72.494952
     -4.769770     30.907925     30.907925     61.815849
     -4.759760     26.917895     26.917895     53.835791
     -4.749750     24.245383     24.245383     48.490766
     -4.739740     22.629276     22.629276     45.258552
     -4.729730     21.721955     21.721955     43.443911
     -4.719720     21.181975     21.181975     42.363950
     -4.709710     20.715940     20.715940     41.431880
     -4.699700     20.090881     20.090881     40.181762
     -4.689690     19.143035     19.143035     38.286070
     -4.679680     17.801863     17.801863     35.603725
     -4.669670     16.132082     16.132082     32.264165
     -4.659660     14.376401     14.376401     28.752801
     -4.649650     12.968301     12.968301     25.936603
     -4.639640     12.486632     12.486632     24.973263
     -4.629630     13.540945     13.540945     27.081889
     -4.619620     16.600598     16.600598     33.201195
     -4.609610     21.805358     21.805358     43.610717
     -4.599600     28.817678     28.817678     57.635355
     -4.589590     36.788418     36.788418     73.576837
     -4.579580     44.491504     44.491504     88.983008
     -4.569570     50.626748     50.626748    101.253496
     -4.559560     54.208428     54.208428    108.416855
     -4.549550     54.893733     54.893733    109.787466
     -4.539540     53.106688     53.106688    106.213376
     -4.529530     49.891880     49.891880     99.783759
     -4.519520     46.551431     46.551431     93.102862
     -4.509510     44.213914     44.213914     88.427827
     -4.499499     43.505137     43.505137     87.010274
     -4.489489     44.431684     44.431684     88.863369
     -4.479479     46.485495     46.485495     92.970991
     -4.469469     48.886835     48.886835     97.773669
     -4.459459     50.845681     50.845681    101.691363
     -4.449449     51.747177     51.747177    103.494355
     -4.439439     51.230681     51.230681    102.461361
     -4.429429     49.192492     49.192492     98.384984
     -4.419419     45.765064     45.765064     91.530127
     -4.409409     41.303302     41.303302     82.606604
     -4.399399     36.365057     36.365057     72.730114
     -4.389389     31.646261     31.646261     63.292523
     -4.379379     27.846374     27.846374     55.692748
     -4.369369     25.488851     25.488851     50.977702
     -4.359359     24.767751     24.767751     49.535502
     -4.349349     25.497830     25.497830     50.995659
     -4.339339     27.201839     27.201839     54.403679
     -4.329329     29.300925     29.300925     58.601850
     -4.319319     31.323931     31.323931     62.647861
     -4.309309     33.047810     33.047810     66.095621
     -4.299299     34.521303     34.521303     69.042606
     -4.289289     35.978841     35.978841     71.957682
     -4.279279     37.690158     37.690158     75.380316
     -4.269269     39.801657     39.801657     79.603315
     -4.259259     42.218977     42.218977     84.437954
     -4.249249     44.570989     44.570989     89.141977
     -4.239239     46.283022     46.283022     92.566045
     -4.229229     46.757373     46.757373     93.514747
     -4.219219     45.608059     45.608059     91.216118
     -4.209209     42.849564     42.849564     85.699128
     -4.199199     38.937734     38.937734     77.875468
     -4.189189     34.624847     34.624847     69.249694
     -4.179179     30.689947     30.689947     61.379893
     -4.169169     27.675894     27.675894     55.351788
     -4.159159     25.758154     25.758154     51.516309
     -4.149149     24.793084     24.793084     49.586167
     -4.139139     24.497523     24.497523     48.995046
     -4.129129     24.652233     24.652233     49.304466
     -4.119119     25.222294     25.222294     50.444589
     -4.109109     26.336388     26.336388     52.672775
     -4.099099     28.137594     28.137594     56.275188
     -4.089089     30.584629     30.584629     61.169258
     -4.079079     33.318153     33.318153     66.636305
     -4.069069     35.688177     35.688177     71.376355
     -4.059059     36.961056     36.961056     73.922112
     -4.049049     36.621171     36.621171     73.242342
     -4.039039     34.615524     34.615524     69.231048
     -4.029029     31.409403     31.409403     62.818806
     -4.019019     27.823350     27.823350     55.646701
     -4.009009     24.741907     24.741907     49.483814
     -3.998999     22.844869     22.844869     45.689739
     -3.988989     22.477239     22.477239     44.954478
     -3.978979     23.676782     23.676782     47.353565
     -3.968969     26.289308     26.289308     52.578617
     -3.958959     30.077344     30.077344     60.154688
     -3.948949     34.770815     34.770815     69.541630
     -3.938939     40.073424     40.073424     80.146847
     -3.928929     45.671745     45.671745     91.343489
     -3.918919     51.274856     51.274856    102.549712
     -3.908909     56.664933     56.664933    113.329866
     -3.898899     61.709195     61.709195    123.418389
     -3.888889     66.299465     66.299465    132.598929
     -3.878879     70.238002     70.238002    140.476003
     -3.868869     73.139375     73.139375    146.278749
     -3.858859     74.429807     74.429807    148.859615
     -3.848849     73.484223     73.484223    146.968446
     -3.838839     69.866471     69.866471    139.732942
     -3.828829     63.571557     63.571557    127.143114
     -3.818819     55.150665     55.150665    110.301329
     -3.808809     45.645146     45.645146     91.290292
     -3.798799     36.341771     36.341771     72.683541
     -3.788789     28.440867     28.440867     56.881734
     -3.778779     22.759995     22.759995     45.519991
     -3.768769     19.568794     19.568794     39.137587
     -3.758759     18.589818     18.589818     37.179636
     -3.748749     19.141426     19.141426     38.282853
     -3.738739     20.364970     20.364970     40.729941
     -3.728729     21.471146     21.471146     42.942291
     -3.718719     21.948082     21.948082     43.896164
     -3.708709     21.686510     21.686510     43.373019
     -3.698699     20.992589     20.992589     41.985178
     -3.688689     20.479681     20.479681     40.959363
     -3.678679     20.859042     20.859042     41.718085
     -3.668669     22.682943     22.682943     45.365885
     -3.658659     26.120741     26.120741     52.241481
     -3.648649     30.851942     30.851942     61.703884
     -3.638639     36.127296     36.127296     72.254592
     -3.628629     40.984067     40.984067     81.968135
     -3.618619     44.533028     44.533028     89.066056
     -3.608609     46.202185     46.202185     92.404370
     -3.598599     45.848760     45.848760     91.697520
     -3.588589     43.721039     43.721039     87.442077
     -3.578579     40.319553     40.319553     80.639105
     -3.568569     36.232018     36.232018     72.464036
     -3.558559     31.995415     31.995415     63.990829
     -3.548549     28.002913     28.002913     56.005826
     -3.538539     24.455536     24.455536     48.911072
     -3.528529     21.361844     21.361844     42.723688
     -3.518519     18.591763     18.591763     37.183527
     -3.508509     15.975100     15.975100     31.950201
     -3.498498     13.409285     13.409285     26.818569
     -3.488488     10.929053     10.929053     21.858107
     -3.478478      8.707714      8.707714     17.415427
     -3.468468      6.994401      6.994401     13.988802
     -3.458458      6.019577      6.019577     12.039154
     -3.448448      5.906692      5.906692     11.813383
     -3.438438      6.616677      6.616677     13.233355
     -3.428428      7.938836      7.938836     15.877672
     -3.418418      9.533828      9.533828     19.067656
     -3.408408     11.025974     11.025974     22.051948
     -3.398398     12.125205     12.125205     24.250411
     -3.388388     12.738234     12.738234     25.476469
     -3.378378     13.020631     13.020631     26.041262
     -3.368368     13.339924     13.339924     26.679848
     -3.358358     14.158975     14.158975     28.317951
     -3.348348     15.884708     15.884708     31.769417
     -3.338338     18.736229     18.736229     37.472458
     -3.328328     22.665764     22.665764     45.331529
     -3.318318     27.336767     27.336767     54.673534
     -3.308308     32.151484     32.151484     64.302969
     -3.298298     36.329991     36.329991     72.659983
     -3.288288     39.052057     39.052057     78.104115
     -3.278278     39.655461     39.655461     79.310922
     -3.268268     37.839927     37.839927     75.679853
     -3.258258     33.790169     33.790169     67.580338
     -3.248248     28.145609     28.145609     56.291217
     -3.238238     21.813011     21.813011     43.626022
     -3.228228     15.699422     15.699422     31.398844
     -3.218218     10.480366     10.480366     20.960731
     -3.208208      6.489235      6.489235     12.978470
     -3.198198      3.743997      3.743997      7.487994
     -3.188188      2.065415      2.065415      4.130830
     -3.178178      1.219398      1.219398      2.438796
     -3.168168      1.032652      1.032652      2.065305
     -3.158158      1.460807      1.460807      2.921614
     -3.148148      2.608013      2.608013      5.216027
     -3.138138      4.699913      4.699913      9.399825
     -3.128128      8.007370      8.007370     16.014740
     -3.118118     12.722206     12.722206     25.444413
     -3.108108     18.807212     18.807212     37.614424
     -3.098098     25.873911     25.873911     51.747822
     -3.088088     33.160084     33.160084     66.320167
     -3.078078     39.659326     39.659326     79.318653
     -3.068068     44.390385     44.390385     88.780769
     -3.058058     46.711832     46.711832     93.423664
     -3.048048     46.539794     46.539794     93.079589
     -3.038038     44.354986     44.354986     88.709972
     -3.028028     40.986447     40.986447     81.972894
     -3.018018     37.276931     37.276931     74.553862
     -3.008008     33.795982     33.795982     67.591964
     -2.997998     30.733126     30.733126     61.466252
     -2.987988     27.998898     27.998898     55.997796
     -2.977978     25.451642     25.451642     50.903284
     -2.967968     23.114506     23.114506     46.229011
     -2.957958     21.269372     21.269372     42.538745
     -2.947948     20.387657     20.387657     40.775314
     -2.937938     20.937522     20.937522     41.875045
     -2.927928     23.157772     23.157772     46.315545
     -2.917918     26.897076     26.897076     53.794152
     -2.907908     31.588216     31.588216     63.176432
     -2.897898     36.374854     36.374854     72.749708
     -2.887888     40.350095     40.350095     80.700191
     -2.877878     42.821103     42.821103     85.642206
     -2.867868     43.500017     43.500017     87.000034
     -2.857858     42.547942     42.547942     85.095883
     -2.847848     40.458435     40.458435     80.916870
     -2.837838     37.835098     37.835098     75.670195
     -2.827828     35.162587     35.162587     70.325174
     -2.817818     32.668946     32.668946     65.337891
     -2.807808     30.329247     30.329247     60.658493
     -2.797798     27.989766     27.989766     55.979532
     -2.787788     25.534206     25.534206     51.068413
     -2.777778     22.998647     22.998647     45.997294
     -2.767768     20.577151     20.577151     41.154302
     -2.757758     18.525543     18.525543     37.051086
     -2.747748     17.029770     17.029770     34.059541
     -2.737738     16.123467     16.123467     32.246934
     -2.727728     15.705559     15.705559     31.411118
     -2.717718     15.642855     15.642855     31.285711
     -2.707708     15.885511     15.885511     31.771022
     -2.697698     16.512686     16.512686     33.025371
     -2.687688     17.670861     17.670861     35.341723
     -2.677678     19.440732     19.440732     38.881464
     -2.667668     21.721775     21.721775     43.443549
     -2.657658     24.218683     24.218683     48.437366
     -2.647648     26.550332     26.550332     53.100665
     -2.637638     28.420393     28.420393     56.840786
     -2.627628     29.745172     29.745172     59.490343
     -2.617618     30.660982     30.660982     61.321963
     -2.607608     31.412841     31.412841     62.825683
     -2.597598     32.201405     32.201405     64.402810
     -2.587588     33.081548     33.081548     66.163096
     -2.577578     33.956228     33.956228     67.912456
     -2.567568     34.638010     34.638010     69.276020
     -2.557558     34.916678     34.916678     69.833357
     -2.547548     34.596239     34.596239     69.192478
     -2.537538     33.515615     33.515615     67.031230
     -2.527528     31.591067     31.591067     63.182134
     -2.517518     28.891296     28.891296     57.782593
     -2.507508     25.705579     25.705579     51.411159
     -2.497497     22.541254     22.541254     45.082508
     -2.487487     20.015609     20.015609     40.031218
     -2.477477     18.669910     18.669910     37.339819
     -2.467467     18.785320     18.785320     37.570639
     -2.457457     20.287924     20.287924     40.575847
     -2.447447     22.790265     22.790265     45.580531
     -2.437437     25.753177     25.753177     51.506353
     -2.427427     28.695822     28.695822     57.391645
     -2.417417     31.358931     31.358931     62.717862
     -2.407407     33.746555     33.746555     67.493110
     -2.397397     36.027520     36.027520     72.055039
     -2.387387     38.344853     38.344853     76.689705
     -2.377377     40.628917     40.628917     81.257834
     -2.367367     42.514222     42.514222     85.028444
     -2.357357     43.415835     43.415835     86.831670
     -2.347347     42.746085     42.746085     85.492171
     -2.337337     40.180234     40.180234     80.360469
     -2.327327     35.848844     35.848844     71.697689
     -2.317317     30.365117     30.365117     60.730233
     -2.307307     24.673733     24.673733     49.347466
     -2.297297     19.789756     19.789756     39.579511
     -2.287287     16.536080     16.536080     33.072159
     -2.277277     15.369788     15.369788     30.739577
     -2.267267     16.333435     16.333435     32.666871
     -2.257257     19.114310     19.114310     38.228619
     -2.247247     23.167062     23.167062     46.334124
     -2.237237     27.852240     27.852240     55.704481
     -2.227227     32.552882     32.552882     65.105764
     -2.217217     36.745510     36.745510     73.491020
     -2.207207     40.020968     40.020968     80.041935
     -2.197197     42.073329     42.073329     84.146658
     -2.187187     42.691254     42.691254     85.382508
     -2.177177     41.780946     41.780946     83.561892
     -2.167167     39.419576     39.419576     78.839153
     -2.157157     35.899913     35.899913     71.799825
     -2.147147     31.711534     31.711534     63.423068
     -2.137137     27.431201     27.431201     54.862403
     -2.127127     23.552936     23.552936     47.105872
     -2.117117     20.337110     20.337110     40.674219
     -2.107107     17.758606     17.758606     35.517212
     -2.097097     15.581346     15.581346     31.162691
     -2.087087     13.514800     13.514800     27.029600
     -2.077077     11.365909     11.365909     22.731817
     -2.067067      9.112768      9.112768     18.225536
     -2.057057      6.880185      6.880185     13.760369
     -2.047047      4.852337      4.852337      9.704674
     -2.037037      3.180973      3.180973      6.361946
     -2.027027      1.933039      1.933039      3.866078
     -2.017017      1.088487      1.088487      2.176974
     -2.007007      0.571842      0.571842      1.143684
     -1.996997      0.292720      0.292720      0.585440
     -1.986987      0.177875      0.177875      0.355750
     -1.976977      0.189666      0.189666      0.379332
     -1.966967      0.333919      0.333919      0.667838
     -1.956957      0.661059      0.661059      1.322117
     -1.946947      1.260428      1.260428      2.520855
     -1.936937      2.243680      2.243680      4.487360
     -1.926927      3.713380      3.713380      7.426761
     -1.916917      5.719414      5.719414     11.438827
     -1.906907      8.215848      8.215848     16.431696
     -1.896897     11.037734     11.037734     22.075467
     -1.886887     13.914168     13.914168     27.828336
     -1.876877     16.520050     16.520050     33.040099
     -1.866867     18.551856     18.551856     37.103713
     -1.856857     19.802859     19.802859     39.605717
     -1.846847     20.214658     20.214658     40.429317
     -1.836837     19.890227     19.890227     39.780454
     -1.826827     19.062259     19.062259     38.124517
     -1.816817     18.019836     18.019836     36.039672
     -1.806807     17.010814     17.010814     34.021628
     -1.796797     16.155076     16.155076     32.310151
     -1.786787     15.411307     15.411307     30.822614
     -1.776777     14.622436     14.622436     29.244872
     -1.766767     13.624765     13.624765     27.249531
     -1.756757     12.366702     12.366702     24.733404
     -1.746747     10.972921     10.972921     21.945842
     -1.736737      9.717715      9.717715     19.435429
     -1.726727      8.919628      8.919628     17.839256
     -1.716717      8.809016      8.809016     17.618032
     -1.706707      9.430837      9.430837     18.861674
     -1.696697     10.625681     10.625681     21.251361
     -1.686687     12.094717     12.094717     24.189435
     -1.676677     13.515347     13.515347     27.030694
     -1.666667     14.650363     14.650363     29.300727
     -1.656657     15.397689     15.397689     30.795377
     -1.646647     15.762228     15.762228     31.524456
     -1.636637     15.779117     15.779117     31.558235
     -1.626627     15.448082     15.448082     30.896164
     -1.616617     14.729087     14.729087     29.458174
     -1.606607     13.605148     13.605148     27.210297
     -1.596597     12.170756     12.170756     24.341513
     -1.586587     10.686733     10.686733     21.373466
     -1.576577      9.562693      9.562693     19.125386
     -1.566567      9.266844      9.266844     18.533688
     -1.556557     10.192982     10.192982     20.385964
     -1.546547     12.525100     12.525100     25.050201
     -1.536537     16.138127     16.138127     32.276254
     -1.526527     20.568411     20.568411     41.136822
     -1.516517     25.077743     25.077743     50.155486
     -1.506507     28.811065     28.811065     57.622130
     -1.496496     31.011136     31.011136     62.022272
     -1.486486     31.221166     31.221166     62.442332
     -1.476476     29.402316     29.402316     58.804632
     -1.466466     25.925210     25.925210     51.850420
     -1.456456     21.447105     21.447105     42.894210
     -1.446446     16.729815     16.729815     33.459630
     -1.436436     12.466234     12.466234     24.932468
     -1.426426      9.163848      9.163848     18.327695
     -1.416416      7.098179      7.098179     14.196357
     -1.406406      6.319353      6.319353     12.638706
     -1.396396      6.685392      6.685392     13.370784
     -1.386386      7.906552      7.906552     15.813105
     -1.376376      9.602356      9.602356     19.204712
     -1.366366     11.378884     11.378884     22.757767
     -1.356356     12.920240     12.920240     25.840480
     -1.346346     14.065233     14.065233     28.130466
     -1.336336     14.830983     14.830983     29.661965
     -1.326326     15.364759     15.364759     30.729518
     -1.316316     15.845314     15.845314     31.690627
     -1.306306     16.385948     16.385948     32.771896
     -1.296296     16.987894     16.987894     33.975788
     -1.286286     17.556059     17.556059     35.112118
     -1.276276     17.949416     17.949416     35.898832
     -1.266266     18.026616     18.026616     36.053231
     -1.256256     17.668642     17.668642     35.337285
     -1.246246     16.789686     16.789686     33.579372
     -1.236236     15.355880     15.355880     30.711760
     -1.226226     13.413760     13.413760     26.827521
     -1.216216     11.107728     11.107728     22.215457
     -1.206206      8.663261      8.663261     17.326521
     -1.196196      6.333869      6.333869     12.667738
     -1.186186      4.335808      4.335808      8.671616
     -1.176176      2.803427      2.803427      5.606855
     -1.166166      1.784358      1.784358      3.568717
     -1.156156      1.269703      1.269703      2.539405
     -1.146146      1.236525      1.236525      2.473050
     -1.136136      1.676505      1.676505      3.353009
     -1.126126      2.593803      2.593803      5.187607
     -1.116116      3.971247      3.971247      7.942494
     -1.106106      5.721259      5.721259     11.442517
     -1.096096      7.650841      7.650841     15.301683
     -1.086086      9.470740      9.470740     18.941481
     -1.076076     10.862249     10.862249     21.724499
     -1.066066     11.584625     11.584625     23.169249
     -1.056056     11.577311     11.577311     23.154622
     -1.046046     11.003585     11.003585     22.007170
     -1.036036     10.204552     10.204552     20.409103
     -1.026026      9.574493      9.574493     19.148985
     -1.016016      9.407436      9.407436     18.814873
     -1.006006      9.780004      9.780004     19.560009
     -0.995996     10.520642     10.520642     21.041283
     -0.985986     11.278381     11.278381     22.556763
     -0.975976     11.661736     11.661736     23.323472
     -0.965966     11.388352     11.388352     22.776703
     -0.955956     10.382714     10.382714     20.765428
     -0.945946      8.785327      8.785327     17.570654
     -0.935936      6.879760      6.879760     13.759519
     -0.925926      4.980473      4.980473      9.960945
     -0.915916      3.334973      3.334973      6.669946
     -0.905906      2.076321      2.076321      4.152642
     -0.895896      1.231145      1.231145      2.462290
     -0.885886      0.763635      0.763635      1.527270
     -0.875876      0.627787      0.627787      1.255574
     -0.865866      0.805752      0.805752      1.611504
     -0.855856      1.320392      1.320392      2.640783
     -0.845846      2.218822      2.218822      4.437643
     -0.835836      3.531030      3.531030      7.062060
     -0.825826      5.216543      5.216543     10.433085
     -0.815816      7.122074      7.122074     14.244147
     -0.805806      8.977164      8.977164     17.954328
     -0.795796     10.444450     10.444450     20.888899
     -0.785786     11.215657     11.215657     22.431314
     -0.775776     11.116090     11.116090     22.232180
     -0.765766     10.168733     10.168733     20.337465
     -0.755756      8.585586      8.585586     17.171171
     -0.745746      6.690631      6.690631     13.381263
     -0.735736      4.812688      4.812688      9.625377
     -0.725726      3.196543      3.196543      6.393085
     -0.715716      1.963799      1.963799      3.927599
     -0.705706      1.125648      1.125648      2.251296
     -0.695696      0.627488      0.627488      1.254976
     -0.685686      0.399834      0.399834      0.799668
     -0.675676      0.397546      0.397546      0.795093
     -0.665666      0.620118      0.620118      1.240236
     -0.655656      1.111886      1.111886      2.223773
     -0.645646      1.942168      1.942168      3.884337
     -0.635636      3.166385      3.166385      6.332770
     -0.625626      4.775260      4.775260      9.550519
     -0.615616      6.649804      6.649804     13.299608
     -0.605606      8.547624      8.547624     17.095249
     -0.595596     10.140896     10.140896     20.281791
     -0.585586     11.104411     11.104411     22.208822
     -0.575576     11.222817     11.222817     22.445634
     -0.565566     10.468758     10.468758     20.937516
     -0.555556      9.013123      9.013123     18.026245
     -0.545546      7.162131      7.162131     14.324262
     -0.535536      5.252863      5.252863     10.505726
     -0.525526      3.555795      3.555795      7.111591
     -0.515516      2.221592      2.221592      4.443184
     -0.505506      1.281087      1.281087      2.562174
     -0.495495      0.681836      0.681836      1.363672
     -0.485485      0.334941      0.334941      0.669881
     -0.475475      0.151860      0.151860      0.303720
     -0.465465      0.063548      0.063548      0.127097
     -0.455455      0.024544      0.024544      0.049089
     -0.445445      0.008750      0.008750      0.017499
     -0.435435      0.002879      0.002879      0.005759
     -0.425425      0.000877      0.000877      0.001754
     -0.415415      0.000257      0.000257      0.000515
     -0.405405      0.000116      0.000116      0.000232
     -0.395395      0.000220      0.000220      0.000440
     -0.385385      0.000742      0.000742      0.001484
     -0.375375      0.002460      0.002460      0.004919
     -0.365365      0.007556      0.007556      0.015111
     -0.355355      0.021428      0.021428      0.042855
     -0.345345      0.056088      0.056088      0.112175
     -0.335335      0.135503      0.135503      0.271005
     -0.325325      0.302145      0.302145      0.604291
     -0.315315      0.621829      0.621829      1.243657
     -0.305305      1.181169      1.181169      2.362339
     -0.295295      2.070812      2.070812      4.141623
     -0.285285      3.350857      3.350857      6.701714
     -0.275275      5.004469      5.004469     10.008938
     -0.265265      6.898378      6.898378     13.796755
     -0.255255      8.776529      8.776529     17.553058
     -0.245245     10.305889     10.305889     20.611777
     -0.235235     11.169532     11.169532     22.339063
     -0.225225     11.173039     11.173039     22.346079
     -0.215215     10.315601     10.315601     20.631203
     -0.205205      8.790319      8.790319     17.580637
     -0.195195      6.913557      6.913557     13.827113
     -0.185185      5.018631      5.018631     10.037263
     -0.175175      3.362451      3.362451      6.724901
     -0.165165      2.079282      2.079282      4.158564
     -0.155155      1.186746      1.186746      2.373492
     -0.145145      0.625157      0.625157      1.250313
     -0.135135      0.303953      0.303953      0.607907
     -0.125125      0.136399      0.136399      0.272798
     -0.115115      0.056494      0.056494      0.112988
     -0.105105      0.021596      0.021596      0.043193
     -0.095095      0.007620      0.007620      0.015240
     -0.085085      0.002481      0.002481      0.004963
     -0.075075      0.000746      0.000746      0.001492
     -0.065065      0.000207      0.000207      0.000414
     -0.055055      0.000053      0.000053      0.000106
     -0.045045      0.000013      0.000013      0.000025
     -0.035035      0.000003      0.000003      0.000005
     -0.025025      0.000001      0.000001      0.000001
     -0.015015      0.000000      0.000000      0.000000
     -0.005005      0.000000      0.000000      0.000000
      0.005005      0.000000      0.000000      0.000000
      0.015015      0.000000      0.000000      0.000000
      0.025025      0.000001      0.000001      0.000001
      0.035035      0.000003      0.000003      0.000005
      0.045045      0.000013      0.000013      0.000025
      0.055055      0.000053      0.000053      0.000106
      0.065065      0.000207      0.000207      0.000414
      0.075075      0.000746      0.000746      0.001492
      0.085085      0.002481      0.002481      0.004963
      0.095095      0.007620      0.007620      0.015240
      0.105105      0.021596      0.021596      0.043193
      0.115115      0.056494      0.056494      0.112988
      0.125125      0.136399      0.136399      0.272798
      0.135135      0.303953      0.303953      0.607907
      0.145145      0.625157      0.625157      1.250313
      0.155155      1.186746      1.186746      2.373492
      0.165165      2.079282      2.079282      4.158564
      0.175175      3.362451      3.362451      6.724901
      0.185185      5.018631      5.018631     10.037263
      0.195195      6.913557      6.913557     13.827113
      0.205205      8.790319      8.790319     17.580637
      0.215215     10.315601     10.315601     20.631203
      0.225225     11.173039     11.173039     22.346079
      0.235235     11.169532     11.169532     22.339063
      0.245245     10.305889     10.305889     20.611777
      0.255255      8.776529      8.776529     17.553058
      0.265265      6.898378      6.898378     13.796755
      0.275275      5.004469      5.004469     10.008938
      0.285285      3.350857      3.350857      6.701714
      0.295295      2.070812      2.070812      4.141623
      0.305305      1.181169      1.181169      2.362339
      0.315315      0.621829      0.621829      1.243657
      0.325325      0.302145      0.302145      0.604291
      0.335335      0.135503      0.135503      0.271005
      0.345345      0.056088      0.056088      0.112175
      0.355355      0.021428      0.021428      0.042855
      0.365365      0.007556      0.007556      0.015111
      0.375375      0.002459      0.002459      0.004919
      0.385385      0.000740      0.000740      0.001481
      0.395395      0.000213      0.000213      0.000425
      0.405405      0.000087      0.000087      0.000174
      0.415415      0.000151      0.000151      0.000301
      0.425425      0.000513      0.000513      0.001026
      0.435435      0.001740      0.001740      0.003481
      0.445445      0.005474      0.005474      0.010948
      0.455455      0.015894      0.015894      0.031789
      0.465465      0.042598      0.042598      0.085196
      0.475475      0.105372      0.105372      0.210745
      0.485485      0.240574      0.240574      0.481148
      0.495495      0.506942      0.506942      1.013883
      0.505506      0.985948      0.985948      1.971895
      0.515516      1.769851      1.769851      3.539702
      0.525526      2.932286      2.932286      5.864572
      0.535536      4.483972      4.483972      8.967944
      0.545546      6.328581      6.328581     12.657161
      0.555556      8.243978      8.243978     16.487956
      0.565566      9.911856      9.911856     19.823713
      0.575576     10.999247     10.999247     21.998494
      0.585586     11.265961     11.265961     22.531921
      0.595596     10.651190     10.651190     21.302380
      0.605606      9.297171      9.297171     18.594343
      0.615616      7.498586      7.498586     14.997171
      0.625626      5.604636      5.604636     11.209272
      0.635636      3.922034      3.922034      7.844068
      0.645646      2.659385      2.659385      5.318770
      0.655656      1.924721      1.924721      3.849442
      0.665666      1.757984      1.757984      3.515969
      0.675676      2.165678      2.165678      4.331357
      0.685686      3.130641      3.130641      6.261283
      0.695696      4.590063      4.590063      9.180126
      0.705706      6.398613      6.398613     12.797225
      0.715716      8.308938      8.308938     16.617876
      0.725726      9.999287      9.999287     19.998574
      0.735736     11.155336     11.155336     22.310671
      0.745746     11.580173     11.580173     23.160345
      0.755756     11.282162     11.282162     22.564323
      0.765766     10.492277     10.492277     20.984555
      0.775776      9.592480      9.592480     19.184960
      0.785786      8.978602      8.978602     17.957205
      0.795796      8.912210      8.912210     17.824420
      0.805806      9.421331      9.421331     18.842662
      0.815816     10.289776     10.289776     20.579552
      0.825826     11.139285     11.139285     22.278569
      0.835836     11.571674     11.571674     23.143348
      0.845846     11.313522     11.313522     22.627044
      0.855856     10.305175     10.305175     20.610349
      0.865866      8.701857      8.701857     17.403713
      0.875876      6.795868      6.795868     13.591735
      0.885886      4.903166      4.903166      9.806333
      0.895896      3.266522      3.266522      6.533044
      0.905906      2.008953      2.008953      4.017906
      0.915916      1.140477      1.140477      2.280953
      0.925926      0.597651      0.597651      1.195302
      0.935936      0.289278      0.289278      0.578557
      0.945946      0.129969      0.129969      0.259938
      0.955956      0.056301      0.056301      0.112602
      0.965966      0.029730      0.029730      0.059460
      0.975976      0.033640      0.033640      0.067279
      0.985986      0.070640      0.070640      0.141281
      0.995996      0.163136      0.163136      0.326272
      1.006006      0.356774      0.356774      0.713548
      1.016016      0.723092      0.723092      1.446185
      1.026026      1.354988      1.354988      2.709977
      1.036036      2.348496      2.348496      4.696992
      1.046046      3.769115      3.769115      7.538230
      1.056056      5.611116      5.611116     11.222232
      1.066066      7.769132      7.769132     15.538265
      1.076076     10.043834     10.043834     20.087668
      1.086086     12.190299     12.190299     24.380598
      1.096096     13.992426     13.992426     27.984852
      1.106106     15.325996     15.325996     30.651992
      1.116116     16.175701     16.175701     32.351402
      1.126126     16.600964     16.600964     33.201929
      1.136136     16.681367     16.681367     33.362735
      1.146146     16.485057     16.485057     32.970115
      1.156156     16.079792     16.079792     32.159584
      1.166166     15.565261     15.565261     31.130521
      1.176176     15.083353     15.083353     30.166706
      1.186186     14.781234     14.781234     29.562467
      1.196196     14.745707     14.745707     29.491414
      1.206206     14.957795     14.957795     29.915590
      1.216216     15.305344     15.305344     30.610689
      1.226226     15.646671     15.646671     31.293342
      1.236236     15.877515     15.877515     31.755029
      1.246246     15.952060     15.952060     31.904120
      1.256256     15.848322     15.848322     31.696643
      1.266266     15.515393     15.515393     31.030786
      1.276276     14.855312     14.855312     29.710623
      1.286286     13.763443     13.763443     27.526887
      1.296296     12.203454     12.203454     24.406908
      1.306306     10.265578     10.265578     20.531157
      1.316316      8.170067      8.170067     16.340135
      1.326326      6.217306      6.217306     12.434612
      1.336336      4.718959      4.718959      9.437918
      1.346346      3.947052      3.947052      7.894105
      1.356356      4.113032      4.113032      8.226064
      1.366366      5.359695      5.359695     10.719390
      1.376376      7.739084      7.739084     15.478169
      1.386386     11.166143     11.166143     22.332285
      1.396396     15.368442     15.368442     30.736885
      1.406406     19.873003     19.873003     39.746007
      1.416416     24.063603     24.063603     48.127205
      1.426426     27.306871     27.306871     54.613742
      1.436436     29.104660     29.104660     58.209321
      1.446446     29.212133     29.212133     58.424265
      1.456456     27.678505     27.678505     55.357010
      1.466466     24.807011     24.807011     49.614023
      1.476476     21.064472     21.064472     42.128944
      1.486486     16.980185     16.980185     33.960370
      1.496496     13.061529     13.061529     26.123057
      1.506507      9.735899      9.735899     19.471799
      1.516517      7.317341      7.317341     14.634682
      1.526527      5.992088      5.992088     11.984177
      1.536537      5.816057      5.816057     11.632115
      1.546547      6.718392      6.718392     13.436783
      1.556557      8.510371      8.510371     17.020742
      1.566567     10.906149     10.906149     21.812299
      1.576577     13.563694     13.563694     27.127388
      1.586587     16.146053     16.146053     32.292106
      1.596597     18.389349     18.389349     36.778698
      1.606607     20.156071     20.156071     40.312142
      1.616617     21.456890     21.456890     42.913780
      1.626627     22.436649     22.436649     44.873298
      1.636637     23.329756     23.329756     46.659512
      1.646647     24.392835     24.392835     48.785671
      1.656657     25.824071     25.824071     51.648143
      1.666667     27.686317     27.686317     55.372634
      1.676677     29.861975     29.861975     59.723949
      1.686687     32.069186     32.069186     64.138372
      1.696697     33.949646     33.949646     67.899293
      1.706707     35.201201     35.201201     70.402401
      1.716717     35.693407     35.693407     71.386814
      1.726727     35.499212     35.499212     70.998424
      1.736737     34.815761     34.815761     69.631523
      1.746747     33.816449     33.816449     67.632897
      1.756757     32.529637     32.529637     65.059273
      1.766767     30.832683     30.832683     61.665367
      1.776777     28.577835     28.577835     57.155670
      1.786787     25.775256     25.775256     51.550511
      1.796797     22.712908     22.712908     45.425817
      1.806807     19.925818     19.925818     39.851636
      1.816817     18.014498     18.014498     36.028996
      1.826827     17.396360     17.396360     34.792719
      1.836837     18.108180     18.108180     36.216360
      1.846847     19.752616     19.752616     39.505233
      1.856857     21.617864     21.617864     43.235729
      1.866867     22.926672     22.926672     45.853344
      1.876877     23.116033     23.116033     46.232067
      1.886887     22.033304     22.033304     44.066608
      1.896897     19.968292     19.968292     39.936583
      1.906907     17.512853     17.512853     35.025705
      1.916917     15.316441     15.316441     30.632882
      1.926927     13.849251     13.849251     27.698502
      1.936937     13.273406     13.273406     26.546811
      1.946947     13.465423     13.465423     26.930846
      1.956957     14.159500     14.159500     28.319000
      1.966967     15.125337     15.125337     30.250674
      1.976977     16.281591     16.281591     32.563183
      1.986987     17.684263     17.684263     35.368526
      1.996997     19.402453     19.402453     38.804905
      2.007007     21.364451     21.364451     42.728903
      2.017017     23.281680     23.281680     46.563361
      2.027027     24.715222     24.715222     49.430445
      2.037037     25.260248     25.260248     50.520496
      2.047047     24.743493     24.743493     49.486985
      2.057057     23.313410     23.313410     46.626820
      2.067067     21.365655     21.365655     42.731311
      2.077077     19.347723     19.347723     38.695446
      2.087087     17.558509     17.558509     35.117018
      2.097097     16.055311     16.055311     32.110623
      2.107107     14.709121     14.709121     29.418242
      2.117117     13.360066     13.360066     26.720131
      2.127127     11.974873     11.974873     23.949747
      2.137137     10.720937     10.720937     21.441874
      2.147147      9.928034      9.928034     19.856069
      2.157157      9.968124      9.968124     19.936248
      2.167167     11.113635     11.113635     22.227270
      2.177177     13.429125     13.429125     26.858251
      2.187187     16.725275     16.725275     33.450551
      2.197197     20.577856     20.577856     41.155712
      2.207207     24.398986     24.398986     48.797973
      2.217217     27.543631     27.543631     55.087262
      2.227227     29.434045     29.434045     58.868089
      2.237237     29.681778     29.681778     59.363556
      2.247247     28.179990     28.179990     56.359980
      2.257257     25.135565     25.135565     50.271129
      2.267267     21.021315     21.021315     42.042629
      2.277277     16.456023     16.456023     32.912046
      2.287287     12.052148     12.052148     24.104296
      2.297297      8.287560      8.287560     16.575121
      2.307307      5.446211      5.446211     10.892422
      2.317317      3.639058      3.639058      7.278117
      2.327327      2.880549      2.880549      5.761098
      2.337337      3.175729      3.175729      6.351458
      2.347347      4.574600      4.574600      9.149200
      2.357357      7.167860      7.167860     14.335720
      2.367367     11.022231     11.022231     22.044462
      2.377377     16.077154     16.077154     32.154308
      2.387387     22.043117     22.043117     44.086235
      2.397397     28.350123     28.350123     56.700245
      2.407407     34.186765     34.186765     68.373530
      2.417417     38.642886     38.642886     77.285772
      2.427427     40.926921     40.926921     81.853842
      2.437437     40.589017     40.589017     81.178034
      2.447447     37.664670     37.664670     75.329340
      2.457457     32.676227     32.676227     65.352453
      2.467467     26.486297     26.486297     52.972593
      2.477477     20.060965     20.060965     40.121930
      2.487487     14.236993     14.236993     28.473985
      2.497497      9.576197      9.576197     19.152395
      2.507508      6.340723      6.340723     12.681446
      2.517518      4.565056      4.565056      9.130113
      2.527528      4.165119      4.165119      8.330237
      2.537538      5.024499      5.024499     10.048998
      2.547548      7.025120      7.025120     14.050240
      2.557558     10.025159     10.025159     20.050317
      2.567568     13.812913     13.812913     27.625825
      2.577578     18.072509     18.072509     36.145019
      2.587588     22.387468     22.387468     44.774935
      2.597598     26.289691     26.289691     52.579382
      2.607608     29.343559     29.343559     58.687118
      2.617618     31.242031     31.242031     62.484062
      2.627628     31.884873     31.884873     63.769746
      2.637638     31.409917     31.409917     62.819835
      2.647648     30.160936     30.160936     60.321872
      2.657658     28.600317     28.600317     57.200635
      2.667668     27.200387     27.200387     54.400775
      2.677678     26.355817     26.355817     52.711633
      2.687688     26.342226     26.342226     52.684452
      2.697698     27.314273     27.314273     54.628546
      2.707708     29.314436     29.314436     58.628871
      2.717718     32.266953     32.266953     64.533906
      2.727728     35.954376     35.954376     71.908752
      2.737738     39.997829     39.997829     79.995659
      2.747748     43.871322     43.871322     87.742644
      2.757758     46.972012     46.972012     93.944024
      2.767768     48.746177     48.746177     97.492353
      2.777778     48.840871     48.840871     97.681743
      2.787788     47.225071     47.225071     94.450142
      2.797798     44.219155     44.219155     88.438310
      2.807808     40.401616     40.401616     80.803233
      2.817818     36.419231     36.419231     72.838463
      2.827828     32.779640     32.779640     65.559280
      2.837838     29.718022     29.718022     59.436044
      2.847848     27.191608     27.191608     54.383216
      2.857858     24.990454     24.990454     49.980909
      2.867868     22.898758     22.898758     45.797516
      2.877878     20.824789     20.824789     41.649579
      2.887888     18.841537     18.841537     37.683073
      2.897898     17.128231     17.128231     34.256463
      2.907908     15.852401     15.852401     31.704802
      2.917918     15.061288     15.061288     30.122576
      2.927928     14.645470     14.645470     29.290939
      2.937938     14.396122     14.396122     28.792244
      2.947948     14.121076     14.121076     28.242151
      2.957958     13.747165     13.747165     27.494330
      2.967968     13.343345     13.343345     26.686691
      2.977978     13.048809     13.048809     26.097618
      2.987988     12.951560     12.951560     25.903120
      2.997998     12.995341     12.995341     25.990683
      3.008008     12.974970     12.974970     25.949940
      3.018018     12.624484     12.624484     25.248968
      3.028028     11.746080     11.746080     23.492160
      3.038038     10.306515     10.306515     20.613031
      3.048048      8.452024      8.452024     16.904047
      3.058058      6.442937      6.442937     12.885874
      3.068068      4.551157      4.551157      9.102313
      3.078078      2.973850      2.973850      5.947701
      3.088088      1.796102      1.796102      3.592204
      3.098098      1.003299      1.003299      2.006598
      3.108108      0.521889      0.521889      1.043778
      3.118118      0.263469      0.263469      0.526939
      3.128128      0.157010      0.157010      0.314020
      3.138138      0.166610      0.166610      0.333220
      3.148148      0.299578      0.299578      0.599155
      3.158158      0.609740      0.609740      1.219480
      3.168168      1.196040      1.196040      2.392080
      3.178178      2.190979      2.190979      4.381959
      3.188188      3.731615      3.731615      7.463231
      3.198198      5.910869      5.910869     11.821738
      3.208208      8.718637      8.718637     17.437274
      3.218218     11.995488     11.995488     23.990977
      3.228228     15.427281     15.427281     30.854561
      3.238238     18.598977     18.598977     37.197953
      3.248248     21.100430     21.100430     42.200859
      3.258258     22.647251     22.647251     45.294502
      3.268268     23.163800     23.163800     46.327599
      3.278278     22.786319     22.786319     45.572638
      3.288288     21.781280     21.781280     43.562560
      3.298298     20.418775     20.418775     40.837549
      3.308308     18.866539     18.866539     37.733078
      3.318318     17.158465     17.158465     34.316929
      3.328328     15.247131     15.247131     30.494262
      3.338338     13.100746     13.100746     26.201492
      3.348348     10.783191     10.783191     21.566382
      3.358358      8.474071      8.474071     16.948142
      3.368368      6.427129      6.427129     12.854257
      3.378378      4.898823      4.898823      9.797646
      3.388388      4.083712      4.083712      8.167424
      3.398398      4.074179      4.074179      8.148358
      3.408408      4.840784      4.840784      9.681567
      3.418418      6.224676      6.224676     12.449353
      3.428428      7.945227      7.945227     15.890454
      3.438438      9.638146      9.638146     19.276293
      3.448448     10.934757     10.934757     21.869515
      3.458458     11.569414     11.569414     23.138828
      3.468468     11.475227     11.475227     22.950453
      3.478478     10.820218     10.820218     21.640435
      3.488488      9.957062      9.957062     19.914124
      3.498498      9.299482      9.299482     18.598964
      3.508509      9.174299      9.174299     18.348598
      3.518519      9.710478      9.710478     19.420955
      3.528529     10.810028     10.810028     21.620055
      3.538539     12.208850     12.208850     24.417700
      3.548549     13.594847     13.594847     27.189695
      3.558559     14.724252     14.724252     29.448504
      3.568569     15.480127     15.480127     30.960253
      3.578579     15.851536     15.851536     31.703071
      3.588589     15.860354     15.860354     31.720708
      3.598599     15.494007     15.494007     30.988014
      3.608609     14.693609     14.693609     29.387217
      3.618619     13.403537     13.403537     26.807074
      3.628629     11.642761     11.642761     23.285522
      3.638639      9.544054      9.544054     19.088108
      3.648649      7.332542      7.332542     14.665084
      3.658659      5.257454      5.257454     10.514907
      3.668669      3.518505      3.518505      7.037010
      3.678679      2.225316      2.225316      4.450633
      3.688689      1.403067      1.403067      2.806133
      3.698699      1.030857      1.030857      2.061714
      3.708709      1.085933      1.085933      2.171867
      3.718719      1.569047      1.569047      3.138095
      3.728729      2.497659      2.497659      4.995318
      3.738739      3.868459      3.868459      7.736918
      3.748749      5.605568      5.605568     11.211136
      3.758759      7.522119      7.522119     15.044237
      3.768769      9.323993      9.323993     18.647985
      3.778779     10.669320     10.669320     21.338640
      3.788789     11.268845     11.268845     22.537690
      3.798799     10.985353     10.985353     21.970706
      3.808809      9.884091      9.884091     19.768182
      3.818819      8.208175      8.208175     16.416349
      3.828829      6.291344      6.291344     12.582687
      3.838839      4.450690      4.450690      8.901380
      3.848849      2.906027      2.906027      5.812055
      3.858859      1.751338      1.751338      3.502677
      3.868869      0.974327      0.974327      1.948655
      3.878879      0.500918      0.500918      1.001836
      3.888889      0.239747      0.239747      0.479494
      3.898899      0.112160      0.112160      0.224319
      3.908909      0.065842      0.065842      0.131683
      3.918919      0.077961      0.077961      0.155922
      3.928929      0.154993      0.154993      0.309986
      3.938939      0.333308      0.333308      0.666616
      3.948949      0.679731      0.679731      1.359462
      3.958959      1.286988      1.286988      2.573976
      3.968969      2.257533      2.257533      4.515066
      3.978979      3.673016      3.673016      7.346032
      3.988989      5.556003      5.556003     11.112005
      3.998999      7.841210      7.841210     15.682421
      4.009009     10.376841     10.376841     20.753681
      4.019019     12.965121     12.965121     25.930243
      4.029029     15.427382     15.427382     30.854763
      4.039039     17.658097     17.658097     35.316194
      4.049049     19.633135     19.633135     39.266270
      4.059059     21.365511     21.365511     42.731022
      4.069069     22.840453     22.840453     45.680905
      4.079079     23.981253     23.981253     47.962506
      4.089089     24.679830     24.679830     49.359659
      4.099099     24.880110     24.880110     49.760219
      4.109109     24.659540     24.659540     49.319081
      4.119119     24.245305     24.245305     48.490610
      4.129129     23.936255     23.936255     47.872511
      4.139139     23.960132     23.960132     47.920263
      4.149149     24.342509     24.342509     48.685018
      4.159159     24.867917     24.867917     49.735835
      4.169169     25.167800     25.167800     50.335599
      4.179179     24.898383     24.898383     49.796765
      4.189189     23.916745     23.916745     47.833490
      4.199199     22.360509     22.360509     44.721017
      4.209209     20.589459     20.589459     41.178918
      4.219219     19.024375     19.024375     38.048750
      4.229229     17.972166     17.972166     35.944332
      4.239239     17.525198     17.525198     35.050395
      4.249249     17.570987     17.570987     35.141975
      4.259259     17.883274     17.883274     35.766548
      4.269269     18.229662     18.229662     36.459323
      4.279279     18.442495     18.442495     36.884990
      4.289289     18.440038     18.440038     36.880075
      4.299299     18.217785     18.217785     36.435569
      4.309309     17.832264     17.832264     35.664527
      4.319319     17.381414     17.381414     34.762828
      4.329329     16.974376     16.974376     33.948752
      4.339339     16.694540     16.694540     33.389080
      4.349349     16.578800     16.578800     33.157599
      4.359359     16.635263     16.635263     33.270527
      4.369369     16.891640     16.891640     33.783279
      4.379379     17.430423     17.430423     34.860847
      4.389389     18.361959     18.361959     36.723918
      4.399399     19.727231     19.727231     39.454463
      4.409409     21.383190     21.383190     42.766380
      4.419419     22.955950     22.955950     45.911899
      4.429429     23.919317     23.919317     47.838633
      4.439439     23.780766     23.780766     47.561532
      4.449449     22.285089     22.285089     44.570177
      4.459459     19.528486     19.528486     39.056972
      4.469469     15.925478     15.925478     31.850955
      4.479479     12.053068     12.053068     24.106136
      4.489489      8.456958      8.456958     16.913916
      4.499499      5.509708      5.509708     11.019415
      4.509510      3.367725      3.367725      6.735450
      4.519520      2.018123      2.018123      4.036247
      4.529530      1.371017      1.371017      2.742033
      4.539540      1.348363      1.348363      2.696727
      4.549550      1.936120      1.936120      3.872240
      4.559560      3.186058      3.186058      6.372117
      4.569570      5.169161      5.169161     10.338322
      4.579580      7.895764      7.895764     15.791528
      4.589590     11.231829     11.231829     22.463659
      4.599600     14.851925     14.851925     29.703850
      4.609610     18.266695     18.266695     36.533390
      4.619620     20.937068     20.937068     41.874136
      4.629630     22.444529     22.444529     44.889058
      4.639640     22.648428     22.648428     45.296855
      4.649650     21.754014     21.754014     43.508029
      4.659660     20.250326     20.250326     40.500652
      4.669670     18.739759     18.739759     37.479518
      4.679680     17.735661     17.735661     35.471322
      4.689690     17.517483     17.517483     35.034965
      4.699700     18.096772     18.096772     36.193543
      4.709710     19.284867     19.284867     38.569734
      4.719720     20.803919     20.803919     41.607837
      4.729730     22.376178     22.376178     44.752355
      4.739740     23.761486     23.761486     47.522973
      4.749750     24.760291     24.760291     49.520582
      4.759760     25.223505     25.223505     50.447011
      4.769770     25.095267     25.095267     50.190533
      4.779780     24.474372     24.474372     48.948743
      4.789790     23.647506     23.647506     47.295012
      4.799800     23.049134     23.049134     46.098269
      4.809810     23.141602     23.141602     46.283204
      4.819820     24.260658     24.260658     48.521317
      4.829830     26.500379     26.500379     53.000759
      4.839840     29.693427     29.693427     59.386855
      4.849850     33.485666     33.485666     66.971332
      4.859860     37.447582     37.447582     74.895165
      4.869870     41.152709     41.152709     82.305418
      4.879880     44.196136     44.196136     88.392271
      4.889890     46.187616     46.187616     92.375231
      4.899900     46.777806     46.777806     93.555613
      4.909910     45.739443     45.739443     91.478886
      4.919920     43.061792     43.061792     86.123584
      4.929930     38.987441     38.987441     77.974883
      4.939940     33.954230     33.954230     67.908459
      4.949950     28.471141     28.471141     56.942282
      4.959960     22.997042     22.997042     45.994084
      4.969970     17.875635     17.875635     35.751270
      4.979980     13.331288     13.331288     26.662575
      4.989990      9.493683      9.493683     18.987367
      5.000000      6.418645      6.418645     12.837290
