# EIG2DOS: Utility for SIESTA to obtain the electronic density of states
#  E. Artacho, Apr 1999, A. Garcia, Apr 2012
#  Nick R. Papior, Feb 2017
# ------------------------------------------
# Eigenvalues calculated from a non-polarized calculation
# Eigenvalues read from siesta.EIG
# Kpoint weights read from siesta.KP
# Using smearing parameter:   0.0500
# Using 1000 points in the energy range
# Selected bands: 1 to: 2981
# Emin, Emax in file for selected band(s):    -27.3248952    218.3996070
# Nbands, Nspin, Nk   =   2981     1     1
# E_F                 =    -4.1941 eV --> (shifted to ZERO)
# Broadening          =     0.0500 eV
#
#        E            N(up)  (=)   N(down)         Ntot
     -5.000000     31.596979     31.596979     63.193958
     -4.989990     36.732555     36.732555     73.465111
     -4.979980     41.599383     41.599383     83.198766
     -4.969970     45.351555     45.351555     90.703110
     -4.959960     47.271983     47.271983     94.543966
     -4.949950     47.011914     47.011914     94.023827
     -4.939940     44.712401     44.712401     89.424802
     -4.929930     40.972892     40.972892     81.945784
     -4.919920     36.702173     36.702173     73.404346
     -4.909910     32.920519     32.920519     65.841038
     -4.899900     30.566422     30.566422     61.132845
     -4.889890     30.324287     30.324287     60.648574
     -4.879880     32.472633     32.472633     64.945266
     -4.869870     36.772724     36.772724     73.545447
     -4.859860     42.450593     42.450593     84.901185
     -4.849850     48.327639     48.327639     96.655278
     -4.839840     53.104289     53.104289    106.208579
     -4.829830     55.720838     55.720838    111.441676
     -4.819820     55.662643     55.662643    111.325286
     -4.809810     53.086739     53.086739    106.173477
     -4.799800     48.723885     48.723885     97.447770
     -4.789790     43.610181     43.610181     87.220363
     -4.779780     38.767892     38.767892     77.535784
     -4.769770     34.953582     34.953582     69.907165
     -4.759760     32.535425     32.535425     65.070851
     -4.749750     31.494085     31.494085     62.988169
     -4.739740     31.502905     31.502905     63.005809
     -4.729730     32.042923     32.042923     64.085847
     -4.719720     32.527188     32.527188     65.054377
     -4.709710     32.422663     32.422663     64.845326
     -4.699700     31.358490     31.358490     62.716981
     -4.689690     29.204979     29.204979     58.409958
     -4.679680     26.109139     26.109139     52.218278
     -4.669670     22.481431     22.481431     44.962863
     -4.659660     18.938323     18.938323     37.876647
     -4.649650     16.209932     16.209932     32.419864
     -4.639640     15.020654     15.020654     30.041309
     -4.629630     15.948453     15.948453     31.896905
     -4.619620     19.273678     19.273678     38.547356
     -4.609610     24.845895     24.845895     49.691790
     -4.599600     32.020289     32.020289     64.040579
     -4.589590     39.722877     39.722877     79.445754
     -4.579580     46.673733     46.673733     93.347465
     -4.569570     51.728980     51.728980    103.457960
     -4.559560     54.228005     54.228005    108.456011
     -4.549550     54.201740     54.201740    108.403480
     -4.539540     52.341099     52.341099    104.682198
     -4.529530     49.726412     49.726412     99.452824
     -4.519520     47.425662     47.425662     94.851323
     -4.509510     46.125155     46.125155     92.250311
     -4.499499     45.935201     45.935201     91.870402
     -4.489489     46.430696     46.430696     92.861393
     -4.479479     46.885116     46.885116     93.770232
     -4.469469     46.582648     46.582648     93.165297
     -4.459459     45.076650     45.076650     90.153299
     -4.449449     42.304579     42.304579     84.609159
     -4.439439     38.545172     38.545172     77.090345
     -4.429429     34.274102     34.274102     68.548203
     -4.419419     30.006026     30.006026     60.012052
     -4.409409     26.191736     26.191736     52.383473
     -4.399399     23.185968     23.185968     46.371936
     -4.389389     21.251191     21.251191     42.502383
     -4.379379     20.549014     20.549014     41.098029
     -4.369369     21.100234     21.100234     42.200468
     -4.359359     22.740768     22.740768     45.481537
     -4.349349     25.124468     25.124468     50.248936
     -4.339339     27.804245     27.804245     55.608490
     -4.329329     30.373462     30.373462     60.746923
     -4.319319     32.605946     32.605946     65.211891
     -4.309309     34.524941     34.524941     69.049883
     -4.299299     36.361961     36.361961     72.723923
     -4.289289     38.415646     38.415646     76.831291
     -4.279279     40.863736     40.863736     81.727473
     -4.269269     43.603903     43.603903     87.207806
     -4.259259     46.197024     46.197024     92.394048
     -4.249249     47.957468     47.957468     95.914935
     -4.239239     48.179656     48.179656     96.359312
     -4.229229     46.423462     46.423462     92.846924
     -4.219219     42.735926     42.735926     85.471852
     -4.209209     37.698247     37.698247     75.396494
     -4.199199     32.261665     32.261665     64.523331
     -4.189189     27.437830     27.437830     54.875660
     -4.179179     23.980057     23.980057     47.960114
     -4.169169     22.190761     22.190761     44.381521
     -4.159159     21.921959     21.921959     43.843917
     -4.149149     22.742746     22.742746     45.485492
     -4.139139     24.178528     24.178528     48.357055
     -4.129129     25.908044     25.908044     51.816089
     -4.119119     27.834327     27.834327     55.668653
     -4.109109     30.006996     30.006996     60.013992
     -4.099099     32.443538     32.443538     64.887075
     -4.089089     34.951041     34.951041     69.902083
     -4.079079     37.060497     37.060497     74.120995
     -4.069069     38.136535     38.136535     76.273069
     -4.059059     37.630955     37.630955     75.261910
     -4.049049     35.358832     35.358832     70.717665
     -4.039039     31.650311     31.650311     63.300621
     -4.029029     27.292451     27.292451     54.584902
     -4.019019     23.287588     23.287588     46.575176
     -4.009009     20.546591     20.546591     41.093182
     -3.998999     19.653258     19.653258     39.306516
     -3.988989     20.779137     20.779137     41.558274
     -3.978979     23.742269     23.742269     47.484538
     -3.968969     28.143030     28.143030     56.286061
     -3.958959     33.502347     33.502347     67.004694
     -3.948949     39.360651     39.360651     78.721302
     -3.938939     45.335652     45.335652     90.671303
     -3.928929     51.153389     51.153389    102.306778
     -3.918919     56.655727     56.655727    113.311454
     -3.908909     61.770113     61.770113    123.540225
     -3.898899     66.430867     66.430867    132.861733
     -3.888889     70.471467     70.471467    140.942934
     -3.878879     73.542251     73.542251    147.084502
     -3.868869     75.115720     75.115720    150.231439
     -3.858859     74.607871     74.607871    149.215742
     -3.848849     71.584639     71.584639    143.169277
     -3.838839     65.972226     65.972226    131.944451
     -3.828829     58.178420     58.178420    116.356841
     -3.818819     49.065241     49.065241     98.130482
     -3.808809     39.773526     39.773526     79.547052
     -3.798799     31.457368     31.457368     62.914736
     -3.788789     25.015841     25.015841     50.031683
     -3.778779     20.903004     20.903004     41.806008
     -3.768769     19.063939     19.063939     38.127878
     -3.758759     19.002648     19.002648     38.005296
     -3.748749     19.952780     19.952780     39.905559
     -3.738739     21.101729     21.101729     42.203458
     -3.728729     21.812188     21.812188     43.624377
     -3.718719     21.789142     21.789142     43.578284
     -3.708709     21.151816     21.151816     42.303632
     -3.698699     20.388448     20.388448     40.776897
     -3.688689     20.197249     20.197249     40.394499
     -3.678679     21.248373     21.248373     42.496746
     -3.668669     23.933042     23.933042     47.866085
     -3.658659     28.184156     28.184156     56.368312
     -3.648649     33.441969     33.441969     66.883938
     -3.638639     38.791426     38.791426     77.582852
     -3.628629     43.227691     43.227691     86.455381
     -3.618619     45.947807     45.947807     91.895614
     -3.608609     46.555453     46.555453     93.110906
     -3.598599     45.112356     45.112356     90.224712
     -3.588589     42.045466     42.045466     84.090932
     -3.578579     37.975708     37.975708     75.951415
     -3.568569     33.542675     33.542675     67.085350
     -3.558559     29.270204     29.270204     58.540408
     -3.548549     25.484984     25.484984     50.969968
     -3.538539     22.288409     22.288409     44.576818
     -3.528529     19.584898     19.584898     39.169796
     -3.518519     17.165890     17.165890     34.331779
     -3.508509     14.828099     14.828099     29.656198
     -3.498498     12.482373     12.482373     24.964746
     -3.488488     10.208414     10.208414     20.416827
     -3.478478      8.236667      8.236667     16.473334
     -3.468468      6.873664      6.873664     13.747329
     -3.458458      6.406653      6.406653     12.813306
     -3.448448      7.018924      7.018924     14.037848
     -3.438438      8.731077      8.731077     17.462154
     -3.428428     11.373480     11.373480     22.746961
     -3.418418     14.597008     14.597008     29.194016
     -3.408408     17.932387     17.932387     35.864773
     -3.398398     20.899337     20.899337     41.798673
     -3.388388     23.143219     23.143219     46.286438
     -3.378378     24.553093     24.553093     49.106186
     -3.368368     25.309957     25.309957     50.619915
     -3.358358     25.835813     25.835813     51.671625
     -3.348348     26.652813     26.652813     53.305626
     -3.338338     28.196359     28.196359     56.392717
     -3.328328     30.640957     30.640957     61.281915
     -3.318318     33.793116     33.793116     67.586232
     -3.308308     37.090636     37.090636     74.181272
     -3.298298     39.726327     39.726327     79.452655
     -3.288288     40.880403     40.880403     81.760806
     -3.278278     39.998587     39.998587     79.997175
     -3.268268     37.012590     37.012590     74.025181
     -3.258258     32.400572     32.400572     64.801145
     -3.248248     27.044896     27.044896     54.089792
     -3.238238     21.937937     21.937937     43.875874
     -3.228228     17.859532     17.859532     35.719063
     -3.218218     15.158500     15.158500     30.317000
     -3.208208     13.715048     13.715048     27.430095
     -3.198198     13.077393     13.077393     26.154786
     -3.188188     12.698529     12.698529     25.397058
     -3.178178     12.172709     12.172709     24.345418
     -3.168168     11.387334     11.387334     22.774669
     -3.158158     10.549385     10.549385     21.098770
     -3.148148     10.094634     10.094634     20.189268
     -3.138138     10.522997     10.522997     21.045993
     -3.128128     12.215665     12.215665     24.431329
     -3.118118     15.284207     15.284207     30.568414
     -3.108108     19.490320     19.490320     38.980640
     -3.098098     24.262716     24.262716     48.525432
     -3.088088     28.819004     28.819004     57.638008
     -3.078078     32.368348     32.368348     64.736696
     -3.068068     34.332047     34.332047     68.664094
     -3.058058     34.497477     34.497477     68.994953
     -3.048048     33.039666     33.039666     66.079333
     -3.038038     30.404481     30.404481     60.808963
     -3.028028     27.117010     27.117010     54.234020
     -3.018018     23.614332     23.614332     47.228663
     -3.008008     20.179092     20.179092     40.358184
     -2.997998     16.984704     16.984704     33.969409
     -2.987988     14.198707     14.198707     28.397415
     -2.977978     12.067135     12.067135     24.134270
     -2.967968     10.926456     10.926456     21.852912
     -2.957958     11.135952     11.135952     22.271904
     -2.947948     12.960986     12.960986     25.921973
     -2.937938     16.452373     16.452373     32.904747
     -2.927928     21.364346     21.364346     42.728692
     -2.917918     27.143851     27.143851     54.287702
     -2.907908     33.009116     33.009116     66.018233
     -2.897898     38.111391     38.111391     76.222782
     -2.887888     41.741131     41.741131     83.482263
     -2.877878     43.511473     43.511473     87.022945
     -2.867868     43.446783     43.446783     86.893566
     -2.857858     41.933888     41.933888     83.867775
     -2.847848     39.550533     39.550533     79.101066
     -2.837838     36.843219     36.843219     73.686439
     -2.827828     34.152673     34.152673     68.305347
     -2.817818     31.561943     31.561943     63.123886
     -2.807808     28.978749     28.978749     57.957499
     -2.797798     26.294180     26.294180     52.588361
     -2.787788     23.523173     23.523173     47.046346
     -2.777778     20.849251     20.849251     41.698502
     -2.767768     18.555977     18.555977     37.111954
     -2.757758     16.894900     16.894900     33.789800
     -2.747748     15.974801     15.974801     31.949601
     -2.737738     15.739187     15.739187     31.478373
     -2.727728     16.039464     16.039464     32.078928
     -2.717718     16.747344     16.747344     33.494688
     -2.707708     17.823978     17.823978     35.647956
     -2.697698     19.294660     19.294660     38.589320
     -2.687688     21.147996     21.147996     42.295991
     -2.677678     23.238968     23.238968     46.477936
     -2.667668     25.280542     25.280542     50.561084
     -2.657658     26.949683     26.949683     53.899365
     -2.647648     28.049947     28.049947     56.099893
     -2.637638     28.625248     28.625248     57.250497
     -2.627628     28.945418     28.945418     57.890836
     -2.617618     29.366941     29.366941     58.733881
     -2.607608     30.151782     30.151782     60.303564
     -2.597598     31.346645     31.346645     62.693290
     -2.587588     32.775070     32.775070     65.550139
     -2.577578     34.119155     34.119155     68.238311
     -2.567568     35.024889     35.024889     70.049778
     -2.557558     35.180090     35.180090     70.360179
     -2.547548     34.361397     34.361397     68.722794
     -2.537538     32.477874     32.477874     64.955747
     -2.527528     29.626868     29.626868     59.253736
     -2.517518     26.139406     26.139406     52.278811
     -2.507508     22.568120     22.568120     45.136240
     -2.497497     19.586834     19.586834     39.173669
     -2.487487     17.817848     17.817848     35.635696
     -2.477477     17.647734     17.647734     35.295467
     -2.467467     19.106788     19.106788     38.213576
     -2.457457     21.864946     21.864946     43.729891
     -2.447447     25.350804     25.350804     50.701608
     -2.437437     28.950213     28.950213     57.900426
     -2.427427     32.205746     32.205746     64.411492
     -2.417417     34.933346     34.933346     69.866692
     -2.407407     37.203980     37.203980     74.407961
     -2.397397     39.197651     39.197651     78.395302
     -2.387387     41.000342     41.000342     82.000685
     -2.377377     42.450072     42.450072     84.900143
     -2.367367     43.123058     43.123058     86.246116
     -2.357357     42.485113     42.485113     84.970225
     -2.347347     40.145826     40.145826     80.291653
     -2.337337     36.092088     36.092088     72.184177
     -2.327327     30.782147     30.782147     61.564295
     -2.317317     25.052709     25.052709     50.105417
     -2.307307     19.886427     19.886427     39.772854
     -2.297297     16.147643     16.147643     32.295286
     -2.287287     14.389506     14.389506     28.779011
     -2.277277     14.781136     14.781136     29.562272
     -2.267267     17.142022     17.142022     34.284044
     -2.257257     21.036986     21.036986     42.073972
     -2.247247     25.884932     25.884932     51.769865
     -2.237237     31.052762     31.052762     62.105524
     -2.227227     35.924900     35.924900     71.849800
     -2.217217     39.951257     39.951257     79.902515
     -2.207207     42.683060     42.683060     85.366120
     -2.197197     43.808220     43.808220     87.616440
     -2.187187     43.193666     43.193666     86.387333
     -2.177177     40.928580     40.928580     81.857159
     -2.167167     37.344005     37.344005     74.688009
     -2.157157     32.975150     32.975150     65.950300
     -2.147147     28.448355     28.448355     56.896710
     -2.137137     24.315385     24.315385     48.630769
     -2.127127     20.899900     20.899900     41.799799
     -2.117117     18.231056     18.231056     36.462111
     -2.107107     16.101701     16.101701     32.203403
     -2.097097     14.222922     14.222922     28.445844
     -2.087087     12.395165     12.395165     24.790329
     -2.077077     10.611748     10.611748     21.223495
     -2.067067      9.052515      9.052515     18.105030
     -2.057057      7.983326      7.983326     15.966652
     -2.047047      7.616786      7.616786     15.233572
     -2.037037      7.996595      7.996595     15.993189
     -2.027027      8.949589      8.949589     17.899177
     -2.017017     10.121181     10.121181     20.242362
     -2.007007     11.081253     11.081253     22.162506
     -1.996997     11.463136     11.463136     22.926272
     -1.986987     11.084518     11.084518     22.169036
     -1.976977     10.004698     10.004698     20.009395
     -1.966967      8.499550      8.499550     16.999100
     -1.956957      6.971432      6.971432     13.942864
     -1.946947      5.835297      5.835297     11.670593
     -1.936937      5.421468      5.421468     10.842936
     -1.926927      5.915366      5.915366     11.830732
     -1.916917      7.333212      7.333212     14.666424
     -1.906907      9.524705      9.524705     19.049411
     -1.896897     12.198289     12.198289     24.396579
     -1.886887     14.970195     14.970195     29.940390
     -1.876877     17.435735     17.435735     34.871470
     -1.866867     19.251687     19.251687     38.503374
     -1.856857     20.210508     20.210508     40.421016
     -1.846847     20.285983     20.285983     40.571967
     -1.836837     19.634735     19.634735     39.269470
     -1.826827     18.546419     18.546419     37.092838
     -1.816817     17.348891     17.348891     34.697783
     -1.806807     16.294169     16.294169     32.588338
     -1.796797     15.468872     15.468872     30.937744
     -1.786787     14.773003     14.773003     29.546007
     -1.776777     13.983545     13.983545     27.967091
     -1.766767     12.875165     12.875165     25.750331
     -1.756757     11.337487     11.337487     22.674974
     -1.746747      9.431069      9.431069     18.862138
     -1.736737      7.361712      7.361712     14.723425
     -1.726727      5.398984      5.398984     10.797968
     -1.716717      3.789386      3.789386      7.578771
     -1.706707      2.705148      2.705148      5.410297
     -1.696697      2.238145      2.238145      4.476289
     -1.686687      2.418661      2.418661      4.837321
     -1.676677      3.228685      3.228685      6.457371
     -1.666667      4.591870      4.591870      9.183740
     -1.656657      6.347074      6.347074     12.694148
     -1.646647      8.233204      8.233204     16.466408
     -1.636637      9.915851      9.915851     19.831702
     -1.626627     11.066829     11.066829     22.133658
     -1.616617     11.475699     11.475699     22.951399
     -1.606607     11.147547     11.147547     22.295094
     -1.596597     10.340583     10.340583     20.681165
     -1.586587      9.521572      9.521572     19.043143
     -1.576577      9.250509      9.250509     18.501018
     -1.566567     10.028715     10.028715     20.057431
     -1.556557     12.149743     12.149743     24.299486
     -1.546547     15.588013     15.588013     31.176026
     -1.536537     19.955750     19.955750     39.911499
     -1.526527     24.552658     24.552658     49.105315
     -1.516517     28.514153     28.514153     57.028306
     -1.506507     31.028938     31.028938     62.057876
     -1.496496     31.560059     31.560059     63.120118
     -1.486486     29.990655     29.990655     59.981309
     -1.476476     26.641061     26.641061     53.282122
     -1.466466     22.157353     22.157353     44.314705
     -1.456456     17.323230     17.323230     34.646460
     -1.446446     12.869690     12.869690     25.739380
     -1.436436      9.342037      9.342037     18.684074
     -1.426426      7.045429      7.045429     14.090857
     -1.416416      6.052971      6.052971     12.105943
     -1.406406      6.244186      6.244186     12.488372
     -1.396396      7.350553      7.350553     14.701106
     -1.386386      9.006050      9.006050     18.012101
     -1.376376     10.813526     10.813526     21.627053
     -1.366366     12.429279     12.429279     24.858559
     -1.356356     13.644359     13.644359     27.288719
     -1.346346     14.424226     14.424226     28.848452
     -1.336336     14.879442     14.879442     29.758885
     -1.326326     15.177953     15.177953     30.355905
     -1.316316     15.447777     15.447777     30.895554
     -1.306306     15.725635     15.725635     31.451271
     -1.296296     15.973132     15.973132     31.946263
     -1.286286     16.132630     16.132630     32.265261
     -1.276276     16.169577     16.169577     32.339155
     -1.266266     16.067382     16.067382     32.134765
     -1.256256     15.787647     15.787647     31.575293
     -1.246246     15.241882     15.241882     30.483763
     -1.236236     14.312471     14.312471     28.624943
     -1.226226     12.918735     12.918735     25.837470
     -1.216216     11.084910     11.084910     22.169821
     -1.206206      8.962609      8.962609     17.925218
     -1.196196      6.792023      6.792023     13.584045
     -1.186186      4.826698      4.826698      9.653397
     -1.176176      3.265803      3.265803      6.531606
     -1.166166      2.225745      2.225745      4.451491
     -1.156156      1.753409      1.753409      3.506819
     -1.146146      1.857947      1.857947      3.715895
     -1.136136      2.531070      2.531070      5.062140
     -1.126126      3.737689      3.737689      7.475378
     -1.116116      5.381109      5.381109     10.762217
     -1.106106      7.267828      7.267828     14.535656
     -1.096096      9.105008      9.105008     18.210016
     -1.086086     10.551846     10.551846     21.103692
     -1.076076     11.317469     11.317469     22.634938
     -1.066066     11.267539     11.267539     22.535079
     -1.056056     10.489201     10.489201     20.978401
     -1.046046      9.279439      9.279439     18.558879
     -1.036036      8.056920      8.056920     16.113841
     -1.026026      7.230557      7.230557     14.461115
     -1.016016      7.072137      7.072137     14.144274
     -1.006006      7.633416      7.633416     15.266832
     -0.995996      8.730530      8.730530     17.461060
     -0.985986      9.999664      9.999664     19.999329
     -0.975976     11.009351     11.009351     22.018701
     -0.965966     11.395883     11.395883     22.791765
     -0.955956     10.975314     10.975314     21.950627
     -0.945946      9.789724      9.789724     19.579449
     -0.935936      8.071635      8.071635     16.143270
     -0.925926      6.147301      6.147301     12.294601
     -0.915916      4.325663      4.325663      8.651326
     -0.905906      2.819626      2.819626      5.639253
     -0.895896      1.723008      1.723008      3.446016
     -0.885886      1.037029      1.037029      2.074057
     -0.875876      0.721574      0.721574      1.443149
     -0.865866      0.744101      0.744101      1.488202
     -0.855856      1.107273      1.107273      2.214547
     -0.845846      1.846859      1.846859      3.693719
     -0.835836      3.000453      3.000453      6.000906
     -0.825826      4.556782      4.556782      9.113564
     -0.815816      6.405781      6.405781     12.811561
     -0.805806      8.316776      8.316776     16.633551
     -0.795796      9.967542      9.967542     19.935084
     -0.785786     11.026108     11.026108     22.052216
     -0.775776     11.257617     11.257617     22.515235
     -0.765766     10.608614     10.608614     21.217228
     -0.755756      9.226978      9.226978     18.453955
     -0.745746      7.407219      7.407219     14.814437
     -0.735736      5.488789      5.488789     10.977579
     -0.725726      3.755546      3.755546      7.511092
     -0.715716      2.376667      2.376667      4.753334
     -0.705706      1.402276      1.402276      2.804552
     -0.695696      0.800270      0.800270      1.600541
     -0.685686      0.508620      0.508620      1.017241
     -0.675676      0.480699      0.480699      0.961398
     -0.665666      0.711333      0.711333      1.422667
     -0.655656      1.239449      1.239449      2.478897
     -0.645646      2.127018      2.127018      4.254037
     -0.635636      3.417290      3.417290      6.834579
     -0.625626      5.082413      5.082413     10.164826
     -0.615616      6.980906      6.980906     13.961812
     -0.605606      8.851064      8.851064     17.702129
     -0.595596     10.358035     10.358035     20.716071
     -0.585586     11.187897     11.187897     22.375794
     -0.575576     11.153389     11.153389     22.306779
     -0.565566     10.262478     10.262478     20.524955
     -0.555556      8.715342      8.715342     17.430685
     -0.545546      6.831303      6.831303     13.662605
     -0.535536      4.942076      4.942076      9.884153
     -0.525526      3.299911      3.299911      6.599822
     -0.515516      2.033677      2.033677      4.067353
     -0.505506      1.156774      1.156774      2.313547
     -0.495495      0.607298      0.607298      1.214596
     -0.485485      0.294267      0.294267      0.588534
     -0.475475      0.131604      0.131604      0.263208
     -0.465465      0.054323      0.054323      0.108646
     -0.455455      0.020696      0.020696      0.041392
     -0.445445      0.007277      0.007277      0.014555
     -0.435435      0.002362      0.002362      0.004725
     -0.425425      0.000711      0.000711      0.001421
     -0.415415      0.000210      0.000210      0.000419
     -0.405405      0.000109      0.000109      0.000218
     -0.395395      0.000240      0.000240      0.000481
     -0.385385      0.000822      0.000822      0.001644
     -0.375375      0.002710      0.002710      0.005420
     -0.365365      0.008270      0.008270      0.016540
     -0.355355      0.023296      0.023296      0.046592
     -0.345345      0.060571      0.060571      0.121142
     -0.335335      0.145355      0.145355      0.290711
     -0.325325      0.321948      0.321948      0.643896
     -0.315315      0.658152      0.658152      1.316305
     -0.305305      1.241808      1.241808      2.483616
     -0.295295      2.162565      2.162565      4.325129
     -0.285285      3.475927      3.475927      6.951855
     -0.275275      5.156548      5.156548     10.313097
     -0.265265      7.060482      7.060482     14.120965
     -0.255255      8.922704      8.922704     17.845409
     -0.245245     10.407477     10.407477     20.814955
     -0.235235     11.204211     11.204211     22.408423
     -0.225225     11.132789     11.132789     22.265577
     -0.215215     10.209712     10.209712     20.419424
     -0.205205      8.641912      8.641912     17.283825
     -0.195195      6.751388      6.751388     13.502777
     -0.185185      4.868141      4.868141      9.736282
     -0.175175      3.239814      3.239814      6.479628
     -0.165165      1.990049      1.990049      3.980099
     -0.155155      1.128222      1.128222      2.256444
     -0.145145      0.590353      0.590353      1.180706
     -0.135135      0.285113      0.285113      0.570225
     -0.125125      0.127089      0.127089      0.254178
     -0.115115      0.052286      0.052286      0.104572
     -0.105105      0.019854      0.019854      0.039708
     -0.095095      0.006958      0.006958      0.013917
     -0.085085      0.002251      0.002251      0.004502
     -0.075075      0.000672      0.000672      0.001344
     -0.065065      0.000185      0.000185      0.000370
     -0.055055      0.000047      0.000047      0.000094
     -0.045045      0.000011      0.000011      0.000022
     -0.035035      0.000002      0.000002      0.000005
     -0.025025      0.000000      0.000000      0.000001
     -0.015015      0.000000      0.000000      0.000000
     -0.005005      0.000000      0.000000      0.000000
      0.005005      0.000000      0.000000      0.000000
      0.015015      0.000000      0.000000      0.000000
      0.025025      0.000000      0.000000      0.000001
      0.035035      0.000002      0.000002      0.000005
      0.045045      0.000011      0.000011      0.000022
      0.055055      0.000047      0.000047      0.000094
      0.065065      0.000185      0.000185      0.000370
      0.075075      0.000672      0.000672      0.001344
      0.085085      0.002251      0.002251      0.004502
      0.095095      0.006958      0.006958      0.013917
      0.105105      0.019854      0.019854      0.039708
      0.115115      0.052286      0.052286      0.104572
      0.125125      0.127089      0.127089      0.254177
      0.135135      0.285112      0.285112      0.570225
      0.145145      0.590353      0.590353      1.180706
      0.155155      1.128221      1.128221      2.256442
      0.165165      1.990048      1.990048      3.980097
      0.175175      3.239813      3.239813      6.479625
      0.185185      4.868139      4.868139      9.736279
      0.195195      6.751386      6.751386     13.502773
      0.205205      8.641911      8.641911     17.283821
      0.215215     10.209711     10.209711     20.419421
      0.225225     11.132788     11.132788     22.265576
      0.235235     11.204212     11.204212     22.408424
      0.245245     10.407478     10.407478     20.814957
      0.255255      8.922706      8.922706     17.845412
      0.265265      7.060484      7.060484     14.120969
      0.275275      5.156550      5.156550     10.313101
      0.285285      3.475929      3.475929      6.951858
      0.295295      2.162566      2.162566      4.325132
      0.305305      1.241809      1.241809      2.483617
      0.315315      0.658153      0.658153      1.316306
      0.325325      0.321948      0.321948      0.643896
      0.335335      0.145356      0.145356      0.290711
      0.345345      0.060571      0.060571      0.121142
      0.355355      0.023296      0.023296      0.046592
      0.365365      0.008270      0.008270      0.016540
      0.375375      0.002710      0.002710      0.005420
      0.385385      0.000821      0.000821      0.001643
      0.395395      0.000238      0.000238      0.000475
      0.405405      0.000098      0.000098      0.000195
      0.415415      0.000168      0.000168      0.000336
      0.425425      0.000567      0.000567      0.001135
      0.435435      0.001912      0.001912      0.003825
      0.445445      0.005976      0.005976      0.011952
      0.455455      0.017243      0.017243      0.034486
      0.465465      0.045918      0.045918      0.091837
      0.475475      0.112862      0.112862      0.225725
      0.485485      0.256035      0.256035      0.512070
      0.495495      0.536088      0.536088      1.072177
      0.505506      1.036002      1.036002      2.072003
      0.515516      1.847869      1.847869      3.695739
      0.525526      3.042068      3.042068      6.084137
      0.535536      4.622251      4.622251      9.244503
      0.545546      6.482239      6.482239     12.964477
      0.555556      8.390414      8.390414     16.780828
      0.565566     10.023721     10.023721     20.047442
      0.575576     11.052555     11.052555     22.105111
      0.585586     11.248334     11.248334     22.496668
      0.595596     10.566212     10.566212     21.132424
      0.605606      9.162390      9.162390     18.324780
      0.615616      7.337651      7.337651     14.675302
      0.625626      5.436575      5.436575     10.873150
      0.635636      3.751258      3.751258      7.502517
      0.645646      2.469014      2.469014      4.938029
      0.655656      1.674687      1.674687      3.349374
      0.665666      1.389446      1.389446      2.778891
      0.675676      1.614001      1.614001      3.228003
      0.685686      2.348250      2.348250      4.696501
      0.695696      3.575824      3.575824      7.151649
      0.705706      5.222893      5.222893     10.445786
      0.715716      7.118095      7.118095     14.236191
      0.725726      8.986581      8.986581     17.973161
      0.735736     10.499511     10.499511     20.999023
      0.745746     11.372421     11.372421     22.744842
      0.755756     11.474634     11.474634     22.949268
      0.765766     10.897051     10.897051     21.794101
      0.775776      9.939079      9.939079     19.878157
      0.785786      9.011693      9.011693     18.023385
      0.795796      8.492323      8.492323     16.984645
      0.805806      8.588325      8.588325     17.176649
      0.815816      9.261529      9.261529     18.523057
      0.825826     10.242136     10.242136     20.484272
      0.835836     11.126798     11.126798     22.253596
      0.845846     11.523864     11.523864     23.047727
      0.855856     11.189467     11.189467     22.378935
      0.865866     10.101318     10.101318     20.202636
      0.875876      8.444771      8.444771     16.889542
      0.885886      6.525992      6.525992     13.051984
      0.895896      4.657926      4.657926      9.315851
      0.905906      3.069467      3.069467      6.138934
      0.915916      1.867208      1.867208      3.734416
      0.925926      1.048608      1.048608      2.097215
      0.935936      0.544194      0.544194      1.088388
      0.945946      0.262812      0.262812      0.525625
      0.955956      0.123647      0.123647      0.247294
      0.965966      0.071730      0.071730      0.143460
      0.975976      0.082175      0.082175      0.164350
      0.985986      0.160271      0.160271      0.320542
      0.995996      0.341620      0.341620      0.683240
      1.006006      0.691458      0.691458      1.382916
      1.016016      1.297726      1.297726      2.595451
      1.026026      2.251033      2.251033      4.502065
      1.036036      3.608943      3.608943      7.217886
      1.046046      5.352634      5.352634     10.705269
      1.056056      7.356438      7.356438     14.712876
      1.066066      9.395433      9.395433     18.790866
      1.076076     11.204093     11.204093     22.408186
      1.086086     12.570781     12.570781     25.141561
      1.096096     13.424345     13.424345     26.848690
      1.106106     13.862700     13.862700     27.725400
      1.116116     14.100610     14.100610     28.201220
      1.126126     14.361774     14.361774     28.723547
      1.136136     14.776203     14.776203     29.552406
      1.146146     15.339961     15.339961     30.679922
      1.156156     15.951458     15.951458     31.902916
      1.166166     16.488210     16.488210     32.976420
      1.176176     16.868192     16.868192     33.736383
      1.186186     17.063572     17.063572     34.127145
      1.196196     17.078413     17.078413     34.156826
      1.206206     16.926901     16.926901     33.853802
      1.216216     16.635218     16.635218     33.270437
      1.226226     16.255064     16.255064     32.510129
      1.236236     15.857110     15.857110     31.714221
      1.246246     15.489382     15.489382     30.978763
      1.256256     15.123782     15.123782     30.247564
      1.266266     14.636666     14.636666     29.273333
      1.276276     13.852581     13.852581     27.705162
      1.286286     12.635681     12.635681     25.271362
      1.296296     10.977448     10.977448     21.954896
      1.306306      9.030930      9.030930     18.061859
      1.316316      7.077834      7.077834     14.155668
      1.326326      5.455440      5.455440     10.910880
      1.336336      4.485344      4.485344      8.970688
      1.346346      4.428847      4.428847      8.857694
      1.356356      5.463130      5.463130     10.926260
      1.366366      7.655104      7.655104     15.310208
      1.376376     10.919760     10.919760     21.839520
      1.386386     14.978237     14.978237     29.956473
      1.396396     19.353269     19.353269     38.706537
      1.406406     23.433947     23.433947     46.867895
      1.416416     26.606150     26.606150     53.212300
      1.426426     28.402585     28.402585     56.805169
      1.436436     28.609199     28.609199     57.218397
      1.446446     27.287475     27.287475     54.574950
      1.456456     24.718438     24.718438     49.436876
      1.466466     21.309943     21.309943     42.619887
      1.476476     17.511565     17.511565     35.023130
      1.486486     13.757785     13.757785     27.515570
      1.496496     10.434960     10.434960     20.869920
      1.506507      7.858652      7.858652     15.717304
      1.516517      6.253575      6.253575     12.507149
      1.526527      5.736093      5.736093     11.472186
      1.536537      6.301950      6.301950     12.603900
      1.546547      7.822422      7.822422     15.644844
      1.556557     10.054551     10.054551     20.109101
      1.566567     12.672956     12.672956     25.345911
      1.576577     15.325898     15.325898     30.651796
      1.586587     17.706484     17.706484     35.412969
      1.596597     19.619304     19.619304     39.238608
      1.606607     21.021926     21.021926     42.043852
      1.616617     22.029267     22.029267     44.058534
      1.626627     22.878928     22.878928     45.757856
      1.636637     23.861935     23.861935     47.723871
      1.646647     25.229409     25.229409     50.458817
      1.656657     27.097085     27.097085     54.194170
      1.666667     29.382740     29.382740     58.765481
      1.676677     31.812240     31.812240     63.624480
      1.686687     34.006706     34.006706     68.013413
      1.696697     35.621504     35.621504     71.243007
      1.706707     36.471354     36.471354     72.942707
      1.716717     36.572946     36.572946     73.145892
      1.726727     36.078013     36.078013     72.156026
      1.736737     35.137053     35.137053     70.274105
      1.746747     33.783850     33.783850     67.567700
      1.756757     31.924606     31.924606     63.849212
      1.766767     29.449300     29.449300     58.898599
      1.776777     26.398470     26.398470     52.796939
      1.786787     23.074733     23.074733     46.149467
      1.796797     20.016146     20.016146     40.032292
      1.806807     17.827986     17.827986     35.655972
      1.816817     16.948102     16.948102     33.896204
      1.826827     17.454548     17.454548     34.909095
      1.836837     19.003126     19.003126     38.006252
      1.846847     20.925735     20.925735     41.851469
      1.856857     22.455205     22.455205     44.910410
      1.866867     22.991356     22.991356     45.982712
      1.876877     22.303689     22.303689     44.607378
      1.886887     20.589101     20.589101     41.178202
      1.896897     18.363473     18.363473     36.726947
      1.906907     16.239021     16.239021     32.478042
      1.916917     14.689316     14.689316     29.378631
      1.926927     13.905267     13.905267     27.810534
      1.936937     13.797544     13.797544     27.595087
      1.946947     14.127929     14.127929     28.255859
      1.956957     14.689331     14.689331     29.378662
      1.966967     15.432101     15.432101     30.864201
      1.976977     16.465463     16.465463     32.930925
      1.986987     17.934196     17.934196     35.868392
      1.996997     19.846181     19.846181     39.692362
      2.007007     21.962120     21.962120     43.924239
      2.017017     23.828587     23.828587     47.657174
      2.027027     24.951491     24.951491     49.902982
      2.037037     25.018027     25.018027     50.036053
      2.047047     24.039239     24.039239     48.078479
      2.057057     22.329375     22.329375     44.658750
      2.067067     20.336308     20.336308     40.672615
      2.077077     18.425567     18.425567     36.851134
      2.087087     16.741727     16.741727     33.483454
      2.097097     15.215189     15.215189     30.430378
      2.107107     13.691526     13.691526     27.383053
      2.117117     12.094935     12.094935     24.189869
      2.127127     10.532704     10.532704     21.065407
      2.137137      9.294918      9.294918     18.589837
      2.147147      8.763576      8.763576     17.527152
      2.157157      9.281409      9.281409     18.562818
      2.167167     11.032174     11.032174     22.064349
      2.177177     13.964767     13.964767     27.929534
      2.187187     17.773133     17.773133     35.546267
      2.197197     21.932175     21.932175     43.864349
      2.207207     25.783947     25.783947     51.567893
      2.217217     28.661751     28.661751     57.323503
      2.227227     30.029605     30.029605     60.059210
      2.237237     29.604452     29.604452     59.208904
      2.247247     27.425220     27.425220     54.850439
      2.257257     23.842562     23.842562     47.685125
      2.267267     19.427204     19.427204     38.854407
      2.277277     14.825385     14.825385     29.650770
      2.287287     10.612228     10.612228     21.224455
      2.297297      7.194179      7.194179     14.388359
      2.307307      4.788222      4.788222      9.576443
      2.317317      3.470477      3.470477      6.940954
      2.327327      3.258374      3.258374      6.516748
      2.337337      4.180938      4.180938      8.361877
      2.347347      6.301864      6.301864     12.603728
      2.357357      9.682333      9.682333     19.364666
      2.367367     14.295894     14.295894     28.591788
      2.377377     19.928872     19.928872     39.857745
      2.387387     26.111459     26.111459     52.222918
      2.397397     32.122142     32.122142     64.244285
      2.407407     37.088649     37.088649     74.177299
      2.417417     40.173871     40.173871     80.347743
      2.427427     40.795653     40.795653     81.591306
      2.437437     38.802780     38.802780     77.605560
      2.447447     34.534340     34.534340     69.068679
      2.457457     28.731308     28.731308     57.462616
      2.467467     22.331391     22.331391     44.662783
      2.477477     16.228488     16.228488     32.456975
      2.487487     11.088288     11.088288     22.176575
      2.497497      7.276918      7.276918     14.553836
      2.507508      4.902186      4.902186      9.804373
      2.517518      3.919283      3.919283      7.838567
      2.527528      4.236231      4.236231      8.472461
      2.537538      5.769916      5.769916     11.539833
      2.547548      8.437007      8.437007     16.874013
      2.557558     12.097720     12.097720     24.195441
      2.567568     16.491651     16.491651     32.983302
      2.577578     21.207844     21.207844     42.415689
      2.587588     25.716872     25.716872     51.433743
      2.597598     29.466335     29.466335     58.932670
      2.607608     32.012521     32.012521     64.025042
      2.617618     33.140934     33.140934     66.281869
      2.627628     32.927131     32.927131     65.854261
      2.637638     31.710801     31.710801     63.421603
      2.647648     29.993496     29.993496     59.986992
      2.657658     28.305049     28.305049     56.610099
      2.667668     27.094419     27.094419     54.188837
      2.677678     26.679288     26.679288     53.358575
      2.687688     27.249408     27.249408     54.498817
      2.697698     28.888139     28.888139     57.776278
      2.707708     31.574112     31.574112     63.148225
      2.717718     35.149055     35.149055     70.298110
      2.727728     39.271248     39.271248     78.542495
      2.737738     43.397757     43.397757     86.795513
      2.747748     46.839529     46.839529     93.679058
      2.757758     48.906643     48.906643     97.813285
      2.767768     49.112376     49.112376     98.224752
      2.777778     47.356389     47.356389     94.712778
      2.787788     43.992446     43.992446     87.984891
      2.797798     39.726658     39.726658     79.453315
      2.807808     35.374678     35.374678     70.749356
      2.817818     31.582690     31.582690     63.165380
      2.827828     28.637588     28.637588     57.275176
      2.837838     26.443117     26.443117     52.886233
      2.847848     24.653420     24.653420     49.306840
      2.857858     22.885144     22.885144     45.770288
      2.867868     20.907368     20.907368     41.814736
      2.877878     18.734491     18.734491     37.468982
      2.887888     16.597863     16.597863     33.195727
      2.897898     14.822792     14.822792     29.645583
      2.907908     13.672768     13.672768     27.345537
      2.917918     13.233254     13.233254     26.466508
      2.927928     13.388428     13.388428     26.776856
      2.937938     13.899787     13.899787     27.799574
      2.947948     14.542736     14.542736     29.085471
      2.957958     15.223781     15.223781     30.447563
      2.967968     16.008873     16.008873     32.017745
      2.977978     17.042840     17.042840     34.085680
      2.987988     18.404271     18.404271     36.808542
      2.997998     19.980787     19.980787     39.961574
      3.008008     21.441054     21.441054     42.882107
      3.018018     22.326784     22.326784     44.653568
      3.028028     22.222367     22.222367     44.444733
      3.038038     20.919534     20.919534     41.839068
      3.048048     18.500282     18.500282     37.000564
      3.058058     15.305900     15.305900     30.611799
      3.068068     11.815800     11.815800     23.631600
      3.078078      8.496650      8.496650     16.993299
      3.088088      5.684542      5.684542     11.369084
      3.098098      3.535913      3.535913      7.071827
      3.108108      2.046317      2.046317      4.092633
      3.118118      1.110234      1.110234      2.220468
      3.128128      0.589181      0.589181      1.178362
      3.138138      0.365566      0.365566      0.731132
      3.148148      0.374939      0.374939      0.749878
      3.158158      0.619458      0.619458      1.238916
      3.168168      1.166939      1.166939      2.333878
      3.178178      2.135424      2.135424      4.270847
      3.188188      3.659058      3.659058      7.318116
      3.198198      5.833159      5.833159     11.666318
      3.208208      8.646606      8.646606     17.293212
      3.218218     11.923882     11.923882     23.847764
      3.228228     15.307531     15.307531     30.615061
      3.238238     18.304903     18.304903     36.609806
      3.248248     20.398958     20.398958     40.797916
      3.258258     21.191285     21.191285     42.382571
      3.268268     20.524035     20.524035     41.048070
      3.278278     18.530411     18.530411     37.060823
      3.288288     15.592033     15.592033     31.184066
      3.298298     12.221593     12.221593     24.443186
      3.308308      8.919666      8.919666     17.839332
      3.318318      6.060052      6.060052     12.120104
      3.328328      3.838359      3.838359      7.676717
      3.338338      2.287117      2.287117      4.574235
      3.348348      1.335036      1.335036      2.670072
      3.358358      0.878342      0.878342      1.756684
      3.368368      0.837458      0.837458      1.674916
      3.378378      1.184047      1.184047      2.368093
      3.388388      1.934230      1.934230      3.868460
      3.398398      3.111891      3.111891      6.223783
      3.408408      4.694192      4.694192      9.388383
      3.418418      6.561107      6.561107     13.122213
      3.428428      8.477019      8.477019     16.954038
      3.438438     10.126509     10.126509     20.253017
      3.448448     11.204260     11.204260     22.408519
      3.458458     11.528514     11.528514     23.057029
      3.468468     11.127144     11.127144     22.254289
      3.478478     10.250997     10.250997     20.501995
      3.488488      9.300820      9.300820     18.601639
      3.498498      8.694433      8.694433     17.388865
      3.508509      8.727803      8.727803     17.455606
      3.518519      9.484830      9.484830     18.969659
      3.528529     10.828279     10.828279     21.656558
      3.538539     12.469585     12.469585     24.939170
      3.548549     14.082020     14.082020     28.164041
      3.558559     15.403898     15.403898     30.807796
      3.568569     16.286707     16.286707     32.573415
      3.578579     16.676750     16.676750     33.353501
      3.588589     16.559689     16.559689     33.119378
      3.598599     15.917781     15.917781     31.835562
      3.608609     14.733556     14.733556     29.467113
      3.618619     13.033199     13.033199     26.066397
      3.628629     10.929938     10.929938     21.859876
      3.638639      8.627697      8.627697     17.255394
      3.648649      6.375615      6.375615     12.751229
      3.658659      4.398867      4.398867      8.797735
      3.668669      2.844598      2.844598      5.689195
      3.678679      1.768257      1.768257      3.536514
      3.688689      1.159558      1.159558      2.319116
      3.698699      0.987135      0.987135      1.974271
      3.708709      1.235711      1.235711      2.471421
      3.718719      1.916548      1.916548      3.833097
      3.728729      3.044911      3.044911      6.089822
      3.738739      4.592827      4.592827      9.185655
      3.748749      6.439149      6.439149     12.878297
      3.758759      8.346585      8.346585     16.693170
      3.768769      9.989800      9.989800     19.979601
      3.778779     11.036604     11.036604     22.073208
      3.788789     11.254121     11.254121     22.508241
      3.798799     10.591979     10.591979     21.183957
      3.808809      9.200895      9.200895     18.401791
      3.818819      7.376835      7.376835     14.753671
      3.828829      5.458798      5.458798     10.917596
      3.838839      3.728302      3.728302      7.456604
      3.848849      2.350249      2.350249      4.700499
      3.858859      1.367469      1.367469      2.734939
      3.868869      0.734530      0.734530      1.469059
      3.878879      0.364769      0.364769      0.729538
      3.888889      0.169217      0.169217      0.338434
      3.898899      0.078626      0.078626      0.157252
      3.908909      0.050881      0.050881      0.101762
      3.918919      0.070993      0.070993      0.141987
      3.928929      0.150277      0.150277      0.300555
      3.938939      0.327607      0.327607      0.655215
      3.948949      0.671145      0.671145      1.342289
      3.958959      1.275124      1.275124      2.550249
      3.968969      2.245170      2.245170      4.490339
      3.978979      3.669292      3.669292      7.338585
      3.988989      5.580755      5.580755     11.161509
      3.998999      7.929186      7.929186     15.858373
      4.009009     10.579418     10.579418     21.158835
      4.019019     13.346234     13.346234     26.692467
      4.029029     16.050380     16.050380     32.100761
      4.039039     18.561917     18.561917     37.123835
      4.049049     20.799858     20.799858     41.599715
      4.059059     22.686440     22.686440     45.372881
      4.069069     24.092076     24.092076     48.184153
      4.079079     24.822890     24.822890     49.645780
      4.089089     24.679881     24.679881     49.359762
      4.099099     23.569447     23.569447     47.138895
      4.109109     21.603571     21.603571     43.207142
      4.119119     19.124236     19.124236     38.248473
      4.129129     16.624255     16.624255     33.248511
      4.139139     14.592363     14.592363     29.184726
      4.149149     13.351653     13.351653     26.703305
      4.159159     12.965412     12.965412     25.930825
      4.169169     13.251946     13.251946     26.503892
      4.179179     13.896861     13.896861     27.793722
      4.189189     14.604143     14.604143     29.208286
      4.199199     15.210963     15.210963     30.421926
      4.209209     15.715816     15.715816     31.431633
      4.219219     16.222048     16.222048     32.444096
      4.229229     16.846345     16.846345     33.692690
      4.239239     17.653216     17.653216     35.306432
      4.249249     18.645976     18.645976     37.291953
      4.259259     19.798214     19.798214     39.596427
      4.269269     21.083852     21.083852     42.167705
      4.279279     22.475866     22.475866     44.951731
      4.289289     23.917862     23.917862     47.835724
      4.299299     25.297758     25.297758     50.595516
      4.309309     26.450136     26.450136     52.900272
      4.319319     27.191827     27.191827     54.383654
      4.329329     27.375692     27.375692     54.751384
      4.339339     26.943547     26.943547     53.887094
      4.349349     25.965120     25.965120     51.930240
      4.359359     24.652600     24.652600     49.305200
      4.369369     23.336100     23.336100     46.672199
      4.379379     22.385650     22.385650     44.771300
      4.389389     22.084114     22.084114     44.168229
      4.399399     22.490651     22.490651     44.981301
      4.409409     23.362570     23.362570     46.725139
      4.419419     24.195384     24.195384     48.390767
      4.429429     24.388208     24.388208     48.776416
      4.439439     23.471022     23.471022     46.942045
      4.449449     21.288207     21.288207     42.576414
      4.459459     18.051156     18.051156     36.102313
      4.469469     14.242345     14.242345     28.484690
      4.479479     10.429239     10.429239     20.858478
      4.489489      7.082265      7.082265     14.164530
      4.499499      4.471497      4.471497      8.942993
      4.509510      2.663843      2.663843      5.327685
      4.519520      1.593490      1.593490      3.186981
      4.529530      1.157202      1.157202      2.314404
      4.539540      1.292396      1.292396      2.584791
      4.549550      2.014087      2.014087      4.028174
      4.559560      3.402834      3.402834      6.805668
      4.569570      5.547119      5.547119     11.094237
      4.579580      8.455641      8.455641     16.911281
      4.589590     11.970985     11.970985     23.941971
      4.599600     15.729060     15.729060     31.458119
      4.609610     19.203803     19.203803     38.407605
      4.619620     21.844436     21.844436     43.688872
      4.629630     23.262174     23.262174     46.524348
      4.639640     23.383715     23.383715     46.767430
      4.649650     22.490736     22.490736     44.981471
      4.659660     21.115579     21.115579     42.231159
      4.669670     19.836944     19.836944     39.673888
      4.679680     19.070622     19.070622     38.141244
      4.689690     18.947572     18.947572     37.895145
      4.699700     19.319619     19.319619     38.639238
      4.709710     19.868174     19.868174     39.736348
      4.719720     20.252965     20.252965     40.505930
      4.729730     20.239970     20.239970     40.479941
      4.739740     19.774841     19.774841     39.549681
      4.749750     18.993940     18.993940     37.987880
      4.759760     18.177784     18.177784     36.355567
      4.769770     17.658617     17.658617     35.317233
      4.779780     17.706454     17.706454     35.412909
      4.789790     18.433410     18.433410     36.866821
      4.799800     19.758515     19.758515     39.517031
      4.809810     21.452638     21.452638     42.905276
      4.819820     23.243121     23.243121     46.486242
      4.829830     24.924153     24.924153     49.848306
      4.839840     26.414201     26.414201     52.828402
      4.849850     27.731339     27.731339     55.462679
      4.859860     28.905714     28.905714     57.811428
      4.869870     29.887973     29.887973     59.775945
      4.879880     30.517543     30.517543     61.035086
      4.889890     30.577447     30.577447     61.154894
      4.899900     29.903401     29.903401     59.806803
      4.909910     28.474819     28.474819     56.949638
      4.919920     26.426298     26.426298     52.852595
      4.929930     23.975241     23.975241     47.950481
      4.939940     21.321309     21.321309     42.642618
      4.949950     18.589501     18.589501     37.179002
      4.959960     15.850312     15.850312     31.700624
      4.969970     13.191399     13.191399     26.382798
      4.979980     10.781860     10.781860     21.563719
      4.989990      8.882125      8.882125     17.764249
      5.000000      7.791300      7.791300     15.582599
