# EIG2DOS: Utility for SIESTA to obtain the electronic density of states
#  E. Artacho, Apr 1999, A. Garcia, Apr 2012
#  Nick R. Papior, Feb 2017
# ------------------------------------------
# Eigenvalues calculated from a non-polarized calculation
# Eigenvalues read from siesta.EIG
# Kpoint weights read from siesta.KP
# Using smearing parameter:   0.0500
# Using 1000 points in the energy range
# Selected bands: 1 to: 2981
# Emin, Emax in file for selected band(s):    -27.0388370    218.3076410
# Nbands, Nspin, Nk   =   2981     1     1
# E_F                 =    -4.3060 eV --> (shifted to ZERO)
# Broadening          =     0.0500 eV
#
#        E            N(up)  (=)   N(down)         Ntot
     -5.000000     45.972214     45.972214     91.944428
     -4.989990     48.722804     48.722804     97.445608
     -4.979980     49.975470     49.975470     99.950940
     -4.969970     49.719519     49.719519     99.439039
     -4.959960     48.119078     48.119078     96.238155
     -4.949950     45.456898     45.456898     90.913796
     -4.939940     42.086357     42.086357     84.172714
     -4.929930     38.412125     38.412125     76.824250
     -4.919920     34.898155     34.898155     69.796310
     -4.909910     32.080205     32.080205     64.160409
     -4.899900     30.546278     30.546278     61.092557
     -4.889890     30.848773     30.848773     61.697547
     -4.879880     33.336688     33.336688     66.673376
     -4.869870     37.947804     37.947804     75.895608
     -4.859860     44.058104     44.058104     88.116209
     -4.849850     50.504342     50.504342    101.008684
     -4.839840     55.839450     55.839450    111.678900
     -4.829830     58.761372     58.761372    117.522743
     -4.819820     58.542206     58.542206    117.084412
     -4.809810     55.258421     55.258421    110.516841
     -4.799800     49.714863     49.714863     99.429725
     -4.789790     43.112793     43.112793     86.225586
     -4.779780     36.634050     36.634050     73.268100
     -4.769770     31.126296     31.126296     62.252591
     -4.759760     26.985422     26.985422     53.970845
     -4.749750     24.214275     24.214275     48.428550
     -4.739740     22.567524     22.567524     45.135047
     -4.729730     21.694440     21.694440     43.388881
     -4.719720     21.235117     21.235117     42.470233
     -4.709710     20.868754     20.868754     41.737508
     -4.699700     20.334143     20.334143     40.668286
     -4.689690     19.445215     19.445215     38.890430
     -4.679680     18.117336     18.117336     36.234672
     -4.669670     16.406499     16.406499     32.812997
     -4.659660     14.547130     14.547130     29.094261
     -4.649650     12.962708     12.962708     25.925417
     -4.639640     12.224586     12.224586     24.449172
     -4.629630     12.948134     12.948134     25.896268
     -4.619620     15.634885     15.634885     31.269771
     -4.609610     20.490311     20.490311     40.980622
     -4.599600     27.268473     27.268473     54.536946
     -4.589590     35.211221     35.211221     70.422442
     -4.579580     43.143755     43.143755     86.287511
     -4.569570     49.743346     49.743346     99.486692
     -4.559560     53.919571     53.919571    107.839142
     -4.549550     55.170942     55.170942    110.341885
     -4.539540     53.764573     53.764573    107.529145
     -4.529530     50.647055     50.647055    101.294110
     -4.519520     47.111048     47.111048     94.222097
     -4.509510     44.351524     44.351524     88.703047
     -4.499499     43.089779     43.089779     86.179558
     -4.489489     43.402746     43.402746     86.805491
     -4.479479     44.797298     44.797298     89.594596
     -4.469469     46.467213     46.467213     92.934426
     -4.459459     47.610338     47.610338     95.220675
     -4.449449     47.683375     47.683375     95.366750
     -4.439439     46.519148     46.519148     93.038296
     -4.429429     44.297468     44.297468     88.594937
     -4.419419     41.416562     41.416562     82.833125
     -4.409409     38.337894     38.337894     76.675788
     -4.399399     35.467533     35.467533     70.935066
     -4.389389     33.101253     33.101253     66.202506
     -4.379379     31.420020     31.420020     62.840040
     -4.369369     30.501454     30.501454     61.002908
     -4.359359     30.322074     30.322074     60.644149
     -4.349349     30.753619     30.753619     61.507238
     -4.339339     31.578374     31.578374     63.156747
     -4.329329     32.543458     32.543458     65.086915
     -4.319319     33.445659     33.445659     66.891318
     -4.309309     34.210353     34.210353     68.420705
     -4.299299     34.923079     34.923079     69.846159
     -4.289289     35.793139     35.793139     71.586277
     -4.279279     37.058348     37.058348     74.116695
     -4.269269     38.861509     38.861509     77.723018
     -4.259259     41.138667     41.138667     82.277334
     -4.249249     43.562652     43.562652     87.125304
     -4.239239     45.581399     45.581399     91.162798
     -4.229229     46.566488     46.566488     93.132977
     -4.219219     46.037117     46.037117     92.074234
     -4.209209     43.869289     43.869289     87.738579
     -4.199199     40.382097     40.382097     80.764194
     -4.189189     36.241497     36.241497     72.482994
     -4.179179     32.217928     32.217928     64.435855
     -4.169169     28.916651     28.916651     57.833302
     -4.159159     26.612285     26.612285     53.224569
     -4.149149     25.254840     25.254840     50.509681
     -4.139139     24.619020     24.619020     49.238040
     -4.129129     24.499997     24.499997     48.999994
     -4.119119     24.847852     24.847852     49.695703
     -4.109109     25.772912     25.772912     51.545825
     -4.099099     27.420683     27.420683     54.841365
     -4.089089     29.782011     29.782011     59.564022
     -4.079079     32.546540     32.546540     65.093080
     -4.069069     35.100529     35.100529     70.201058
     -4.059059     36.703810     36.703810     73.407620
     -4.049049     36.779953     36.779953     73.559906
     -4.039039     35.177141     35.177141     70.354281
     -4.029029     32.260414     32.260414     64.520828
     -4.019019     28.785577     28.785577     57.571153
     -4.009009     25.626174     25.626174     51.252347
     -3.998999     23.498182     23.498182     46.996365
     -3.988989     22.807342     22.807342     45.614684
     -3.978979     23.653244     23.653244     47.306489
     -3.968969     25.930831     25.930831     51.861663
     -3.958959     29.435670     29.435670     58.871341
     -3.948949     33.915597     33.915597     67.831193
     -3.938939     39.077072     39.077072     78.154143
     -3.928929     44.593657     44.593657     89.187313
     -3.918919     50.149506     50.149506    100.299013
     -3.908909     55.502377     55.502377    111.004754
     -3.898899     60.513848     60.513848    121.027696
     -3.888889     65.102788     65.102788    130.205576
     -3.878879     69.128670     69.128670    138.257340
     -3.868869     72.269645     72.269645    144.539290
     -3.858859     73.985104     73.985104    147.970208
     -3.848849     73.622055     73.622055    147.244110
     -3.838839     70.649932     70.649932    141.299864
     -3.828829     64.929292     64.929292    129.858583
     -3.818819     56.884015     56.884015    113.768029
     -3.808809     47.480511     47.480511     94.961021
     -3.798799     38.005692     38.005692     76.011385
     -3.788789     29.728278     29.728278     59.456556
     -3.778779     23.573895     23.573895     47.147790
     -3.768769     19.924863     19.924863     39.849727
     -3.758759     18.592480     18.592480     37.184961
     -3.748749     18.943622     18.943622     37.887243
     -3.738739     20.123527     20.123527     40.247055
     -3.728729     21.306922     21.306922     42.613843
     -3.718719     21.917798     21.917798     43.835596
     -3.708709     21.771645     21.771645     43.543289
     -3.698699     21.108560     21.108560     42.217121
     -3.688689     20.504688     20.504688     41.009376
     -3.678679     20.676408     20.676408     41.352816
     -3.668669     22.225049     22.225049     44.450097
     -3.658659     25.399524     25.399524     50.799047
     -3.648649     29.963385     29.963385     59.926770
     -3.638639     35.226387     35.226387     70.452774
     -3.628629     40.239187     40.239187     80.478373
     -3.618619     44.078119     44.078119     88.156238
     -3.608609     46.105281     46.105281     92.210561
     -3.598599     46.105941     46.105941     92.211883
     -3.588589     44.271935     44.271935     88.543871
     -3.578579     41.072445     41.072445     82.144890
     -3.568569     37.087428     37.087428     74.174857
     -3.558559     32.863390     32.863390     65.726779
     -3.548549     28.814478     28.814478     57.628956
     -3.538539     25.169398     25.169398     50.338795
     -3.528529     21.965360     21.965360     43.930720
     -3.518519     19.094684     19.094684     38.189369
     -3.508509     16.397348     16.397348     32.794695
     -3.498498     13.767615     13.767615     27.535230
     -3.488488     11.228443     11.228443     22.456886
     -3.478478      8.940585      8.940585     17.881170
     -3.468468      7.146652      7.146652     14.293305
     -3.458458      6.079675      6.079675     12.159350
     -3.448448      5.873897      5.873897     11.747794
     -3.438438      6.505728      6.505728     13.011457
     -3.428428      7.779543      7.779543     15.559086
     -3.418418      9.364899      9.364899     18.729798
     -3.408408     10.883750     10.883750     21.767501
     -3.398398     12.030211     12.030211     24.060421
     -3.388388     12.684356     12.684356     25.368713
     -3.378378     12.971608     12.971608     25.943215
     -3.368368     13.235080     13.235080     26.470159
     -3.358358     13.926562     13.926562     27.853124
     -3.348348     15.459294     15.459294     30.918587
     -3.338338     18.077259     18.077259     36.154519
     -3.328328     21.775789     21.775789     43.551578
     -3.318318     26.276771     26.276771     52.553542
     -3.308308     31.046842     31.046842     62.093684
     -3.298298     35.357666     35.357666     70.715331
     -3.288288     38.403549     38.403549     76.807097
     -3.278278     39.482107     39.482107     78.964214
     -3.268268     38.200896     38.200896     76.401792
     -3.258258     34.627981     34.627981     69.255962
     -3.248248     29.303191     29.303191     58.606383
     -3.238238     23.085504     23.085504     46.171008
     -3.228228     16.896634     16.896634     33.793268
     -3.218218     11.472992     11.472992     22.945984
     -3.208208      7.223797      7.223797     14.447593
     -3.198198      4.228282      4.228282      8.456564
     -3.188188      2.337115      2.337115      4.674231
     -3.178178      1.311245      1.311245      2.622491
     -3.168168      0.941070      0.941070      1.882139
     -3.158158      1.118780      1.118780      2.237560
     -3.148148      1.861928      1.861928      3.723856
     -3.138138      3.295559      3.295559      6.591117
     -3.128128      5.598757      5.598757     11.197513
     -3.118118      8.921347      8.921347     17.842695
     -3.108108     13.285857     13.285857     26.571713
     -3.098098     18.505958     18.505958     37.011917
     -3.088088     24.162366     24.162366     48.324731
     -3.078078     29.665475     29.665475     59.330949
     -3.068068     34.397103     34.397103     68.794205
     -3.058058     37.877405     37.877405     75.754809
     -3.048048     39.878595     39.878595     79.757190
     -3.038038     40.429345     40.429345     80.858691
     -3.028028     39.717544     39.717544     79.435088
     -3.018018     37.964293     37.964293     75.928585
     -3.008008     35.359425     35.359425     70.718849
     -2.997998     32.100608     32.100608     64.201216
     -2.987988     28.497145     28.497145     56.994290
     -2.977978     25.046171     25.046171     50.092341
     -2.967968     22.402252     22.402252     44.804505
     -2.957958     21.228952     21.228952     42.457905
     -2.947948     21.992867     21.992867     43.985733
     -2.937938     24.791462     24.791462     49.582923
     -2.927928     29.285704     29.285704     58.571407
     -2.917918     34.759699     34.759699     69.519399
     -2.907908     40.283082     40.283082     80.566165
     -2.897898     44.925185     44.925185     89.850369
     -2.887888     47.963560     47.963560     95.927121
     -2.877878     49.035679     49.035679     98.071357
     -2.867868     48.196173     48.196173     96.392345
     -2.857858     45.862964     45.862964     91.725928
     -2.847848     42.664993     42.664993     85.329986
     -2.837838     39.237575     39.237575     78.475151
     -2.827828     36.035485     36.035485     72.070969
     -2.817818     33.232959     33.232959     66.465918
     -2.807808     30.747038     30.747038     61.494076
     -2.797798     28.366469     28.366469     56.732938
     -2.787788     25.918802     25.918802     51.837603
     -2.777778     23.390653     23.390653     46.781306
     -2.767768     20.942881     20.942881     41.885762
     -2.757758     18.821206     18.821206     37.642411
     -2.747748     17.221659     17.221659     34.443318
     -2.737738     16.194899     16.194899     32.389797
     -2.727728     15.647721     15.647721     31.295442
     -2.717718     15.437929     15.437929     30.875858
     -2.707708     15.497592     15.497592     30.995184
     -2.697698     15.899041     15.899041     31.798083
     -2.687688     16.813151     16.813151     33.626301
     -2.677678     18.380119     18.380119     36.760239
     -2.667668     20.574047     20.574047     41.148094
     -2.657658     23.152735     23.152735     46.305470
     -2.647648     25.733658     25.733658     51.467315
     -2.637638     27.956561     27.956561     55.913122
     -2.627628     29.635919     29.635919     59.271839
     -2.617618     30.812735     30.812735     61.625470
     -2.607608     31.682023     31.682023     63.364046
     -2.597598     32.452317     32.452317     64.904633
     -2.587588     33.228773     33.228773     66.457546
     -2.577578     33.979123     33.979123     67.958246
     -2.567568     34.573354     34.573354     69.146707
     -2.557558     34.842418     34.842418     69.684836
     -2.547548     34.612671     34.612671     69.225343
     -2.537538     33.721344     33.721344     67.442688
     -2.527528     32.051258     32.051258     64.102517
     -2.517518     29.605620     29.605620     59.211240
     -2.507508     26.592171     26.592171     53.184341
     -2.497497     23.450369     23.450369     46.900738
     -2.487487     20.772180     20.772180     41.544360
     -2.477477     19.127986     19.127986     38.255973
     -2.467467     18.870701     18.870701     37.741401
     -2.457457     20.011861     20.011861     40.023722
     -2.447447     22.231870     22.231870     44.463739
     -2.437437     25.022304     25.022304     50.044608
     -2.427427     27.895050     27.895050     55.790101
     -2.417417     30.560705     30.560705     61.121410
     -2.407407     32.992169     32.992169     65.984338
     -2.397397     35.343573     35.343573     70.687146
     -2.387387     37.765415     37.765415     75.530829
     -2.377377     40.210496     40.210496     80.420993
     -2.367367     42.334849     42.334849     84.669698
     -2.357357     43.556509     43.556509     87.113018
     -2.347347     43.260346     43.260346     86.520693
     -2.337337     41.063847     41.063847     82.127693
     -2.327327     37.023916     37.023916     74.047831
     -2.317317     31.688705     31.688705     63.377410
     -2.307307     25.970387     25.970387     51.940775
     -2.297297     20.895709     20.895709     41.791418
     -2.287287     17.337061     17.337061     34.674123
     -2.277277     15.818296     15.818296     31.636593
     -2.267267     16.442044     16.442044     32.884088
     -2.257257     18.932751     18.932751     37.865502
     -2.247247     22.756801     22.756801     45.513601
     -2.237237     27.271076     27.271076     54.542153
     -2.227227     31.855068     31.855068     63.710135
     -2.217217     35.993375     35.993375     71.986749
     -2.207207     39.296655     39.296655     78.593310
     -2.197197     41.478187     41.478187     82.956374
     -2.187187     42.327100     42.327100     84.654200
     -2.177177     41.718785     41.718785     83.437571
     -2.167167     39.670812     39.670812     79.341623
     -2.157157     36.406543     36.406543     72.813086
     -2.147147     32.363503     32.363503     64.727005
     -2.137137     28.105110     28.105110     56.210220
     -2.127127     24.154675     24.154675     48.309350
     -2.117117     20.828603     20.828603     41.657206
     -2.107107     18.157455     18.157455     36.314910
     -2.097097     15.936673     15.936673     31.873346
     -2.087087     13.874326     13.874326     27.748652
     -2.077077     11.751575     11.751575     23.503149
     -2.067067      9.514744      9.514744     19.029489
     -2.057057      7.267666      7.267666     14.535333
     -2.047047      5.191455      5.191455     10.382911
     -2.037037      3.449307      3.449307      6.898615
     -2.027027      2.125144      2.125144      4.250288
     -2.017017      1.213032      1.213032      2.426065
     -2.007007      0.644569      0.644569      1.289139
     -1.996997      0.329490      0.329490      0.658981
     -1.986987      0.190030      0.190030      0.380060
     -1.976977      0.181834      0.181834      0.363668
     -1.966967      0.303437      0.303437      0.606874
     -1.956957      0.598430      0.598430      1.196860
     -1.946947      1.151025      1.151025      2.302050
     -1.936937      2.071380      2.071380      4.142759
     -1.926927      3.466403      3.466403      6.932806
     -1.916917      5.397299      5.397299     10.794598
     -1.906907      7.834944      7.834944     15.669888
     -1.896897     10.632090     10.632090     21.264180
     -1.886887     13.530093     13.530093     27.060186
     -1.876877     16.205390     16.205390     32.410781
     -1.866867     18.343621     18.343621     36.687241
     -1.856857     19.717534     19.717534     39.435068
     -1.846847     20.244319     20.244319     40.488638
     -1.836837     20.005440     20.005440     40.010879
     -1.826827     19.221021     19.221021     38.442042
     -1.816817     18.180230     18.180230     36.360459
     -1.806807     17.143131     17.143131     34.286262
     -1.796797     16.247413     16.247413     32.494826
     -1.786787     15.462740     15.462740     30.925479
     -1.776777     14.621362     14.621362     29.242725
     -1.766767     13.516118     13.516118     27.032237
     -1.756757     12.018057     12.018057     24.036115
     -1.746747     10.154102     10.154102     20.308203
     -1.736737      8.110502      8.110502     16.221005
     -1.726727      6.172452      6.172452     12.344904
     -1.716717      4.642309      4.642309      9.284618
     -1.706707      3.778444      3.778444      7.556889
     -1.696697      3.769221      3.769221      7.538441
     -1.686687      4.725742      4.725742      9.451484
     -1.676677      6.665599      6.665599     13.331197
     -1.666667      9.474763      9.474763     18.949525
     -1.656657     12.864481     12.864481     25.728962
     -1.646647     16.362604     16.362604     32.725207
     -1.636637     19.375730     19.375730     38.751460
     -1.626627     21.326574     21.326574     42.653148
     -1.616617     21.826647     21.826647     43.653294
     -1.606607     20.815624     20.815624     41.631247
     -1.596597     18.606337     18.606337     37.212675
     -1.586587     15.815546     15.815546     31.631093
     -1.576577     13.209776     13.209776     26.419552
     -1.566567     11.522808     11.522808     23.045616
     -1.556557     11.295478     11.295478     22.590955
     -1.546547     12.763608     12.763608     25.527216
     -1.536537     15.800993     15.800993     31.601985
     -1.526527     19.923265     19.923265     39.846529
     -1.516517     24.364645     24.364645     48.729290
     -1.506507     28.232101     28.232101     56.464202
     -1.496496     30.712784     30.712784     61.425568
     -1.486486     31.276769     31.276769     62.553539
     -1.476476     29.805311     29.805311     59.610622
     -1.466466     26.599263     26.599263     53.198526
     -1.456456     22.271308     22.271308     44.542615
     -1.446446     17.570725     17.570725     35.141451
     -1.436436     13.206844     13.206844     26.413688
     -1.426426      9.722443      9.722443     19.444887
     -1.416416      7.435234      7.435234     14.870468
     -1.406406      6.434954      6.434954     12.869908
     -1.396396      6.611158      6.611158     13.222316
     -1.386386      7.694657      7.694657     15.389313
     -1.376376      9.312336      9.312336     18.624671
     -1.366366     11.063088     11.063088     22.126176
     -1.356356     12.611406     12.611406     25.222813
     -1.346346     13.772082     13.772082     27.544164
     -1.336336     14.546116     14.546116     29.092232
     -1.326326     15.082613     15.082613     30.165225
     -1.316316     15.580316     15.580316     31.160633
     -1.306306     16.178731     16.178731     32.357462
     -1.296296     16.893659     16.893659     33.787318
     -1.286286     17.620617     17.620617     35.241233
     -1.276276     18.186773     18.186773     36.373546
     -1.266266     18.411037     18.411037     36.822075
     -1.256256     18.144622     18.144622     36.289245
     -1.246246     17.292550     17.292550     34.585100
     -1.236236     15.831230     15.831230     31.662460
     -1.226226     13.827503     13.827503     27.655006
     -1.216216     11.445765     11.445765     22.891530
     -1.206206      8.925265      8.925265     17.850531
     -1.196196      6.526276      6.526276     13.052552
     -1.186186      4.466590      4.466590      8.933180
     -1.176176      2.878548      2.878548      5.757096
     -1.166166      1.804867      1.804867      3.609735
     -1.156156      1.229253      1.229253      2.458507
     -1.146146      1.120579      1.120579      2.241157
     -1.136136      1.465369      1.465369      2.930739
     -1.126126      2.271096      2.271096      4.542192
     -1.116116      3.536930      3.536930      7.073860
     -1.106106      5.204754      5.204754     10.409508
     -1.096096      7.116884      7.116884     14.233769
     -1.086086      9.011434      9.011434     18.022868
     -1.076076     10.574468     10.574468     21.148936
     -1.066066     11.540232     11.540232     23.080464
     -1.056056     11.799247     11.799247     23.598493
     -1.046046     11.459131     11.459131     22.918263
     -1.036036     10.818241     10.818241     21.636483
     -1.026026     10.252920     10.252920     20.505839
     -1.016016     10.063524     10.063524     20.127047
     -1.006006     10.347638     10.347638     20.695276
     -0.995996     10.958405     10.958405     21.916809
     -0.985986     11.567151     11.567151     23.134302
     -0.975976     11.801502     11.801502     23.603004
     -0.965966     11.396063     11.396063     22.792126
     -0.955956     10.289453     10.289453     20.578907
     -0.945946      8.630694      8.630694     17.261389
     -0.935936      6.703673      6.703673     13.407346
     -0.925926      4.815073      4.815073      9.630147
     -0.915916      3.199742      3.199742      6.399485
     -0.905906      1.977771      1.977771      3.955542
     -0.895896      1.166108      1.166108      2.332217
     -0.885886      0.723896      0.723896      1.447793
     -0.875876      0.604018      0.604018      1.208036
     -0.865866      0.789823      0.789823      1.579647
     -0.855856      1.306235      1.306235      2.612470
     -0.845846      2.202534      2.202534      4.405067
     -0.835836      3.510830      3.510830      7.021660
     -0.825826      5.192794      5.192794     10.385588
     -0.815816      7.097188      7.097188     14.194377
     -0.805806      8.955070      8.955070     17.910140
     -0.795796     10.429478     10.429478     20.858956
     -0.785786     11.211101     11.211101     22.422202
     -0.775776     11.123001     11.123001     22.246002
     -0.765766     10.185516     10.185516     20.371031
     -0.755756      8.608590      8.608590     17.217181
     -0.745746      6.715426      6.715426     13.430851
     -0.735736      4.835381      4.835381      9.670763
     -0.725726      3.214570      3.214570      6.429141
     -0.715716      1.975888      1.975888      3.951776
     -0.705706      1.131007      1.131007      2.262014
     -0.695696      0.624455      0.624455      1.248910
     -0.685686      0.384230      0.384230      0.768460
     -0.675676      0.361105      0.361105      0.722211
     -0.665666      0.549686      0.549686      1.099372
     -0.655656      0.990513      0.990513      1.981027
     -0.645646      1.753295      1.753295      3.506591
     -0.635636      2.901416      2.901416      5.802833
     -0.625626      4.442718      4.442718      8.885436
     -0.615616      6.281859      6.281859     12.563717
     -0.605606      8.198909      8.198909     16.397818
     -0.595596      9.876861      9.876861     19.753722
     -0.585586     10.981716     10.981716     21.963432
     -0.575576     11.269604     11.269604     22.539208
     -0.565566     10.674168     10.674168     21.348335
     -0.555556      9.331388      9.331388     18.662775
     -0.545546      7.529139      7.529139     15.058277
     -0.535536      5.607008      5.607008     11.214017
     -0.525526      3.853931      3.853931      7.707863
     -0.515516      2.444914      2.444914      4.889828
     -0.505506      1.431562      1.431562      2.863123
     -0.495495      0.773648      0.773648      1.547296
     -0.485485      0.385890      0.385890      0.771780
     -0.475475      0.177652      0.177652      0.355304
     -0.465465      0.075486      0.075486      0.150971
     -0.455455      0.029604      0.029604      0.059207
     -0.445445      0.010716      0.010716      0.021431
     -0.435435      0.003580      0.003580      0.007161
     -0.425425      0.001106      0.001106      0.002213
     -0.415415      0.000326      0.000326      0.000652
     -0.405405      0.000133      0.000133      0.000266
     -0.395395      0.000217      0.000217      0.000434
     -0.385385      0.000717      0.000717      0.001434
     -0.375375      0.002379      0.002379      0.004758
     -0.365365      0.007324      0.007324      0.014649
     -0.355355      0.020819      0.020819      0.041639
     -0.345345      0.054621      0.054621      0.109243
     -0.335335      0.132264      0.132264      0.264528
     -0.325325      0.295603      0.295603      0.591205
     -0.315315      0.609764      0.609764      1.219529
     -0.305305      1.160920      1.160920      2.321841
     -0.295295      2.039998      2.039998      4.079996
     -0.285285      3.308597      3.308597      6.617194
     -0.275275      4.952732      4.952732      9.905464
     -0.265265      6.842782      6.842782     13.685563
     -0.255255      8.725842      8.725842     17.451685
     -0.245245     10.269964     10.269964     20.539927
     -0.235235     11.156226     11.156226     22.312451
     -0.225225     11.185426     11.185426     22.370852
     -0.215215     10.350816     10.350816     20.701633
     -0.205205      8.840637      8.840637     17.681273
     -0.195195      6.969142      6.969142     13.938284
     -0.185185      5.070630      5.070630     10.141261
     -0.175175      3.405112      3.405112      6.810225
     -0.165165      2.110512      2.110512      4.221024
     -0.155155      1.207344      1.207344      2.414688
     -0.145145      0.637472      0.637472      1.274944
     -0.135135      0.310655      0.310655      0.621309
     -0.125125      0.139727      0.139727      0.279455
     -0.115115      0.058006      0.058006      0.116012
     -0.105105      0.022225      0.022225      0.044451
     -0.095095      0.007860      0.007860      0.015720
     -0.085085      0.002565      0.002565      0.005131
     -0.075075      0.000773      0.000773      0.001546
     -0.065065      0.000215      0.000215      0.000430
     -0.055055      0.000055      0.000055      0.000110
     -0.045045      0.000013      0.000013      0.000026
     -0.035035      0.000003      0.000003      0.000006
     -0.025025      0.000001      0.000001      0.000001
     -0.015015      0.000000      0.000000      0.000000
     -0.005005      0.000000      0.000000      0.000000
      0.005005      0.000000      0.000000      0.000000
      0.015015      0.000000      0.000000      0.000000
      0.025025      0.000001      0.000001      0.000001
      0.035035      0.000003      0.000003      0.000006
      0.045045      0.000013      0.000013      0.000026
      0.055055      0.000055      0.000055      0.000110
      0.065065      0.000215      0.000215      0.000430
      0.075075      0.000773      0.000773      0.001546
      0.085085      0.002565      0.002565      0.005131
      0.095095      0.007860      0.007860      0.015720
      0.105105      0.022225      0.022225      0.044451
      0.115115      0.058006      0.058006      0.116012
      0.125125      0.139728      0.139728      0.279456
      0.135135      0.310655      0.310655      0.621311
      0.145145      0.637473      0.637473      1.274946
      0.155155      1.207346      1.207346      2.414692
      0.165165      2.110515      2.110515      4.221030
      0.175175      3.405117      3.405117      6.810234
      0.185185      5.070636      5.070636     10.141272
      0.195195      6.969148      6.969148     13.938296
      0.205205      8.840642      8.840642     17.681284
      0.215215     10.350820     10.350820     20.701640
      0.225225     11.185427     11.185427     22.370854
      0.235235     11.156224     11.156224     22.312448
      0.245245     10.269960     10.269960     20.539920
      0.255255      8.725837      8.725837     17.451674
      0.265265      6.842776      6.842776     13.685552
      0.275275      4.952727      4.952727      9.905454
      0.285285      3.308593      3.308593      6.617185
      0.295295      2.039995      2.039995      4.079989
      0.305305      1.160918      1.160918      2.321837
      0.315315      0.609763      0.609763      1.219526
      0.325325      0.295602      0.295602      0.591204
      0.335335      0.132264      0.132264      0.264527
      0.345345      0.054621      0.054621      0.109242
      0.355355      0.020819      0.020819      0.041639
      0.365365      0.007324      0.007324      0.014649
      0.375375      0.002378      0.002378      0.004757
      0.385385      0.000714      0.000714      0.001428
      0.395395      0.000204      0.000204      0.000407
      0.405405      0.000078      0.000078      0.000157
      0.415415      0.000126      0.000126      0.000251
      0.425425      0.000428      0.000428      0.000856
      0.435435      0.001467      0.001467      0.002934
      0.445445      0.004667      0.004667      0.009334
      0.455455      0.013709      0.013709      0.027417
      0.465465      0.037165      0.037165      0.074330
      0.475475      0.092995      0.092995      0.185991
      0.485485      0.214771      0.214771      0.429542
      0.495495      0.457801      0.457801      0.915602
      0.505506      0.900668      0.900668      1.801336
      0.515516      1.635459      1.635459      3.270919
      0.525526      2.740953      2.740953      5.481906
      0.535536      4.239848      4.239848      8.479695
      0.545546      6.053211      6.053211     12.106423
      0.555556      7.976430      7.976430     15.952860
      0.565566      9.701056      9.701056     19.402112
      0.575576     10.889790     10.889790     21.779579
      0.585586     11.282830     11.282830     22.565660
      0.595596     10.790540     10.790540     21.581081
      0.605606      9.527872      9.527872     19.055744
      0.615616      7.773796      7.773796     15.547592
      0.625626      5.877753      5.877753     11.755507
      0.635636      4.159947      4.159947      8.319894
      0.645646      2.848484      2.848484      5.696968
      0.655656      2.069313      2.069313      4.138626
      0.665666      1.873800      1.873800      3.747599
      0.675676      2.271853      2.271853      4.543705
      0.685686      3.242534      3.242534      6.485068
      0.695696      4.714156      4.714156      9.428312
      0.705706      6.530320      6.530320     13.060640
      0.715716      8.434150      8.434150     16.868299
      0.725726     10.099932     10.099932     20.199865
      0.735736     11.217762     11.217762     22.435525
      0.745746     11.603320     11.603320     23.206640
      0.755756     11.281662     11.281662     22.563323
      0.765766     10.497659     10.497659     20.995318
      0.775776      9.637356      9.637356     19.274713
      0.785786      9.086895      9.086895     18.173790
      0.795796      9.085740      9.085740     18.171480
      0.805806      9.634386      9.634386     19.268772
      0.815816     10.494162     10.494162     20.988323
      0.825826     11.279188     11.279188     22.558375
      0.835836     11.602982     11.602982     23.205965
      0.845846     11.219474     11.219474     22.438948
      0.855856     10.101445     10.101445     20.202891
      0.865866      8.429225      8.429225     16.858449
      0.875876      6.504655      6.504655     13.009309
      0.885886      4.637051      4.637051      9.274102
      0.895896      3.052318      3.052318      6.104636
      0.905906      1.854770      1.854770      3.709541
      0.915916      1.040352      1.040352      2.080705
      0.925926      0.538649      0.538649      1.077298
      0.935936      0.257555      0.257555      0.515110
      0.945946      0.114189      0.114189      0.228378
      0.955956      0.048481      0.048481      0.096962
      0.965966      0.024390      0.024390      0.048781
      0.975976      0.026075      0.026075      0.052151
      0.985986      0.054748      0.054748      0.109495
      0.995996      0.129022      0.129022      0.258044
      1.006006      0.288654      0.288654      0.577307
      1.016016      0.598657      0.598657      1.197314
      1.026026      1.148121      1.148121      2.296242
      1.036036      2.036959      2.036959      4.073917
      1.046046      3.346922      3.346922      6.693843
      1.056056      5.101787      5.101787     10.203574
      1.066066      7.232735      7.232735     14.465469
      1.076076      9.570549      9.570549     19.141098
      1.086086     11.878145     11.878145     23.756289
      1.096096     13.915184     13.915184     27.830368
      1.106106     15.504378     15.504378     31.008756
      1.116116     16.565063     16.565063     33.130127
      1.126126     17.101380     17.101380     34.202760
      1.136136     17.165181     17.165181     34.330362
      1.146146     16.830157     16.830157     33.660313
      1.156156     16.197417     16.197417     32.394833
      1.166166     15.417093     15.417093     30.834187
      1.176176     14.688091     14.688091     29.376182
      1.186186     14.211933     14.211933     28.423866
      1.196196     14.117073     14.117073     28.234147
      1.206206     14.401994     14.401994     28.803987
      1.216216     14.939105     14.939105     29.878209
      1.226226     15.539438     15.539438     31.078875
      1.236236     16.033953     16.033953     32.067905
      1.246246     16.317552     16.317552     32.635104
      1.256256     16.334770     16.334770     32.669540
      1.266266     16.034181     16.034181     32.068362
      1.276276     15.341925     15.341925     30.683851
      1.286286     14.185146     14.185146     28.370293
      1.296296     12.551841     12.551841     25.103681
      1.306306     10.542521     10.542521     21.085042
      1.316316      8.375369      8.375369     16.750738
      1.326326      6.341693      6.341693     12.683386
      1.336336      4.741766      4.741766      9.483533
      1.346346      3.837108      3.837108      7.674216
      1.356356      3.833203      3.833203      7.666406
      1.366366      4.877290      4.877290      9.754580
      1.376376      7.042898      7.042898     14.085797
      1.386386     10.286103     10.286103     20.572205
      1.396396     14.388445     14.388445     28.776890
      1.406406     18.926304     18.926304     37.852609
      1.416416     23.306091     23.306091     46.612182
      1.426426     26.874893     26.874893     53.749786
      1.436436     29.074034     29.074034     58.148068
      1.446446     29.576395     29.576395     59.152791
      1.456456     28.355384     28.355384     56.710767
      1.466466     25.668175     25.668175     51.336351
      1.476476     21.973650     21.973650     43.947301
      1.486486     17.824058     17.824058     35.648115
      1.496496     13.764941     13.764941     27.529881
      1.506507     10.261910     10.261910     20.523820
      1.516517      7.658236      7.658236     15.316471
      1.526527      6.158307      6.158307     12.316613
      1.536537      5.827641      5.827641     11.655282
      1.546547      6.600396      6.600396     13.200791
      1.556557      8.291208      8.291208     16.582415
      1.566567     10.616797     10.616797     21.233594
      1.576577     13.236075     13.236075     26.472151
      1.586587     15.810102     15.810102     31.620204
      1.596597     18.069329     18.069329     36.138658
      1.606607     19.866940     19.866940     39.733880
      1.616617     21.201322     21.201322     42.402644
      1.626627     22.203567     22.203567     44.407133
      1.636637     23.096009     23.096009     46.192018
      1.646647     24.129757     24.129757     48.259514
      1.656657     25.508716     25.508716     51.017432
      1.666667     27.313531     27.313531     54.627063
      1.676677     29.450674     29.450674     58.901347
      1.686687     31.657209     31.657209     63.314419
      1.696697     33.577382     33.577382     67.154763
      1.706707     34.892064     34.892064     69.784128
      1.716717     35.443942     35.443942     70.887885
      1.726727     35.288054     35.288054     70.576107
      1.736737     34.628995     34.628995     69.257991
      1.746747     33.673698     33.673698     67.347395
      1.756757     32.490731     32.490731     64.981462
      1.766767     30.974761     30.974761     61.949522
      1.776777     28.952154     28.952154     57.904307
      1.786787     26.368464     26.368464     52.736929
      1.796797     23.437319     23.437319     46.874637
      1.806807     20.646873     20.646873     41.293745
      1.816817     18.602289     18.602289     37.204577
      1.826827     17.775344     17.775344     35.550689
      1.836837     18.281634     18.281634     36.563269
      1.846847     19.792315     19.792315     39.584630
      1.856857     21.626154     21.626154     43.252308
      1.866867     22.989421     22.989421     45.978842
      1.876877     23.267008     23.267008     46.534016
      1.886887     22.243804     22.243804     44.487607
      1.896897     20.164142     20.164142     40.328283
      1.906907     17.609438     17.609438     35.218876
      1.916917     15.255944     15.255944     30.511888
      1.926927     13.624466     13.624466     27.248931
      1.936937     12.928540     12.928540     25.857079
      1.946947     13.073870     13.073870     26.147741
      1.956957     13.788775     13.788775     27.577550
      1.966967     14.806426     14.806426     29.612851
      1.976977     15.999574     15.999574     31.999149
      1.986987     17.397025     17.397025     34.794050
      1.996997     19.078146     19.078146     38.156292
      2.007007     21.015384     21.015384     42.030768
      2.017017     22.972045     22.972045     45.944089
      2.027027     24.534921     24.534921     49.069842
      2.037037     25.278610     25.278610     50.557221
      2.047047     24.970615     24.970615     49.941230
      2.057057     23.693060     23.693060     47.386119
      2.067067     21.804171     21.804171     43.608343
      2.077077     19.761162     19.761162     39.522324
      2.087087     17.910187     17.910187     35.820374
      2.097097     16.363806     16.363806     32.727612
      2.107107     15.026135     15.026135     30.052269
      2.117117     13.734876     13.734876     27.469752
      2.127127     12.426894     12.426894     24.853787
      2.137137     11.233174     11.233174     22.466349
      2.147147     10.459769     10.459769     20.919538
      2.157157     10.474850     10.474850     20.949700
      2.167167     11.561505     11.561505     23.123010
      2.177177     13.798087     13.798087     27.596174
      2.187187     17.003731     17.003731     34.007462
      2.197197     20.756410     20.756410     41.512820
      2.207207     24.469652     24.469652     48.939304
      2.217217     27.505579     27.505579     55.011159
      2.227227     29.301440     29.301440     58.602880
      2.237237     29.487050     29.487050     58.974101
      2.247247     27.968402     27.968402     55.936805
      2.257257     24.952433     24.952433     49.904865
      2.267267     20.897991     20.897991     41.795981
      2.277277     16.401454     16.401454     32.802907
      2.287287     12.053151     12.053151     24.106303
      2.297297      8.315715      8.315715     16.631431
      2.307307      5.466075      5.466075     10.932151
      2.317317      3.613159      3.613159      7.226319
      2.327327      2.770156      2.770156      5.540312
      2.337337      2.940198      2.940198      5.880397
      2.347347      4.173780      4.173780      8.347559
      2.357357      6.570777      6.570777     13.141554
      2.367367     10.221697     10.221697     20.443395
      2.377377     15.105627     15.105627     30.211253
      2.387387     20.982227     20.982227     41.964454
      2.397397     27.326574     27.326574     54.653149
      2.407407     33.351408     33.351408     66.702815
      2.417417     38.136468     38.136468     76.272935
      2.427427     40.842631     40.842631     81.685263
      2.437437     40.945071     40.945071     81.890141
      2.447447     38.397752     38.397752     76.795504
      2.457457     33.658958     33.658958     67.317916
      2.467467     27.562219     27.562219     55.124437
      2.477477     21.083640     21.083640     42.167281
      2.487487     15.099218     15.099218     30.198435
      2.497497     10.221150     10.221150     20.442299
      2.507508      6.755642      6.755642     13.511283
      2.517518      4.765049      4.765049      9.530098
      2.527528      4.176754      4.176754      8.353508
      2.537538      4.875965      4.875965      9.751930
      2.547548      6.744351      6.744351     13.488702
      2.557558      9.642627      9.642627     19.285254
      2.567568     13.364022     13.364022     26.728045
      2.577578     17.596117     17.596117     35.192234
      2.587588     21.920486     21.920486     43.840971
      2.597598     25.860469     25.860469     51.720938
      2.607608     28.967155     28.967155     57.934310
      2.617618     30.918910     30.918910     61.837820
      2.627628     31.602775     31.602775     63.205550
      2.637638     31.147974     31.147974     62.295948
      2.647648     29.895117     29.895117     59.790234
      2.657658     28.309010     28.309010     56.618020
      2.667668     26.868416     26.868416     53.736831
      2.677678     25.975739     25.975739     51.951479
      2.687688     25.913597     25.913597     51.827193
      2.697698     26.843082     26.843082     53.686164
      2.707708     28.814384     28.814384     57.628767
      2.717718     31.761996     31.761996     63.523993
      2.727728     35.480498     35.480498     70.960996
      2.737738     39.602514     39.602514     79.205028
      2.747748     43.610338     43.610338     87.220676
      2.757758     46.902972     46.902972     93.805943
      2.767768     48.917574     48.917574     97.835149
      2.777778     49.276740     49.276740     98.553481
      2.787788     47.909816     47.909816     95.819631
      2.797798     45.091162     45.091162     90.182323
      2.807808     41.362960     41.362960     82.725920
      2.817818     37.361095     37.361095     74.722190
      2.827828     33.613758     33.613758     67.227516
      2.837838     30.400264     30.400264     60.800527
      2.847848     27.727829     27.727829     55.455658
      2.857858     25.423888     25.423888     50.847776
      2.867868     23.286558     23.286558     46.573115
      2.877878     21.214459     21.214459     42.428919
      2.887888     19.255631     19.255631     38.511263
      2.897898     17.560518     17.560518     35.121035
      2.907908     16.273902     16.273902     32.547803
      2.917918     15.432072     15.432072     30.864143
      2.927928     14.927710     14.927710     29.855421
      2.937938     14.564881     14.564881     29.129761
      2.947948     14.170492     14.170492     28.340983
      2.957958     13.691065     13.691065     27.382131
      2.967968     13.210759     13.210759     26.421519
      2.977978     12.876281     12.876281     25.752561
      2.987988     12.774917     12.774917     25.549833
      2.997998     12.843208     12.843208     25.686417
      3.008008     12.865181     12.865181     25.730362
      3.018018     12.563365     12.563365     25.126729
      3.028028     11.729979     11.729979     23.459958
      3.038038     10.324846     10.324846     20.649691
      3.048048      8.491049      8.491049     16.982099
      3.058058      6.489441      6.489441     12.978882
      3.068068      4.595134      4.595134      9.190269
      3.078078      3.009724      3.009724      6.019448
      3.088088      1.822582      1.822582      3.645165
      3.098098      1.022631      1.022631      2.045262
      3.108108      0.539530      0.539530      1.079061
      3.118118      0.289195      0.289195      0.578391
      3.128128      0.208005      0.208005      0.416010
      3.138138      0.272193      0.272193      0.544386
      3.148148      0.505593      0.505593      1.011186
      3.158158      0.978466      0.978466      1.956932
      3.168168      1.796026      1.796026      3.592052
      3.178178      3.072681      3.072681      6.145361
      3.188188      4.891014      4.891014      9.782029
      3.198198      7.253163      7.253163     14.506326
      3.208208     10.041645     10.041645     20.083290
      3.218218     13.009504     13.009504     26.019009
      3.228228     15.811312     15.811312     31.622624
      3.238238     18.070519     18.070519     36.141037
      3.248248     19.464208     19.464208     38.928415
      3.258258     19.801461     19.801461     39.602923
      3.268268     19.076076     19.076076     38.152153
      3.278278     17.481666     17.481666     34.963333
      3.288288     15.382526     15.382526     30.765053
      3.298298     13.239102     13.239102     26.478205
      3.308308     11.497684     11.497684     22.995368
      3.318318     10.469933     10.469933     20.939865
      3.328328     10.241084     10.241084     20.482168
      3.338338     10.645320     10.645320     21.290640
      3.348348     11.327527     11.327527     22.655053
      3.358358     11.877096     11.877096     23.754193
      3.368368     11.985841     11.985841     23.971682
      3.378378     11.566057     11.566057     23.132115
      3.388388     10.777659     10.777659     21.555317
      3.398398      9.951685      9.951685     19.903370
      3.408408      9.443370      9.443370     18.886741
      3.418418      9.478854      9.478854     18.957708
      3.428428     10.061628     10.061628     20.123256
      3.438438     10.978314     10.978314     21.956629
      3.448448     11.900117     11.900117     23.800234
      3.458458     12.533467     12.533467     25.066935
      3.468468     12.749175     12.749175     25.498349
      3.478478     12.627289     12.627289     25.254577
      3.488488     12.395484     12.395484     24.790968
      3.498498     12.294438     12.294438     24.588875
      3.508509     12.444212     12.444212     24.888423
      3.518519     12.785924     12.785924     25.571848
      3.528529     13.130042     13.130042     26.260085
      3.538539     13.280274     13.280274     26.560548
      3.548549     13.157253     13.157253     26.314506
      3.558559     12.846630     12.846630     25.693259
      3.568569     12.542169     12.542169     25.084338
      3.578579     12.418227     12.418227     24.836455
      3.588589     12.508603     12.508603     25.017207
      3.598599     12.664455     12.664455     25.328910
      3.608609     12.616414     12.616414     25.232829
      3.618619     12.105401     12.105401     24.210801
      3.628629     11.010169     11.010169     22.020338
      3.638639      9.407593      9.407593     18.815186
      3.648649      7.545150      7.545150     15.090299
      3.658659      5.753623      5.753623     11.507246
      3.668669      4.351528      4.351528      8.703056
      3.678679      3.581637      3.581637      7.163274
      3.688689      3.588703      3.588703      7.177406
      3.698699      4.421004      4.421004      8.842008
      3.708709      6.033235      6.033235     12.066471
      3.718719      8.282712      8.282712     16.565425
      3.728729     10.929058     10.929058     21.858116
      3.738739     13.653448     13.653448     27.306896
      3.748749     16.103084     16.103084     32.206168
      3.758759     17.950035     17.950035     35.900071
      3.768769     18.945434     18.945434     37.890868
      3.778779     18.955604     18.955604     37.911208
      3.788789     17.978112     17.978112     35.956225
      3.798799     16.140939     16.140939     32.281878
      3.808809     13.684311     13.684311     27.368621
      3.818819     10.921080     10.921080     21.842160
      3.828829      8.177078      8.177078     16.354155
      3.838839      5.725592      5.725592     11.451184
      3.848849      3.738429      3.738429      7.476858
      3.858859      2.270714      2.270714      4.541428
      3.868869      1.280606      1.280606      2.561212
      3.878879      0.669746      0.669746      1.339491
      3.888889      0.325093      0.325093      0.650186
      3.898899      0.148436      0.148436      0.296871
      3.908909      0.070005      0.070005      0.140009
      3.918919      0.050547      0.050547      0.101094
      3.928929      0.078924      0.078924      0.157848
      3.938939      0.170719      0.170719      0.341438
      3.948949      0.369511      0.369511      0.739022
      3.958959      0.748182      0.748182      1.496364
      3.968969      1.404295      1.404295      2.808590
      3.978979      2.443167      2.443167      4.886335
      3.988989      3.946914      3.946914      7.893828
      3.998999      5.937333      5.937333     11.874667
      4.009009      8.350212      8.350212     16.700424
      4.019019     11.039696     11.039696     22.079392
      4.029029     13.817801     13.817801     27.635603
      4.039039     16.510675     16.510675     33.021350
      4.049049     18.996652     18.996652     37.993305
      4.059059     21.198645     21.198645     42.397289
      4.069069     23.035781     23.035781     46.071563
      4.079079     24.374867     24.374867     48.749735
      4.089089     25.031321     25.031321     50.062643
      4.099099     24.839271     24.839271     49.678542
      4.109109     23.759340     23.759340     47.518680
      4.119119     21.957087     21.957087     43.914174
      4.129129     19.792664     19.792664     39.585328
      4.139139     17.710968     17.710968     35.421937
      4.149149     16.081165     16.081165     32.162331
      4.159159     15.067631     15.067631     30.135261
      4.169169     14.599941     14.599941     29.199882
      4.179179     14.455148     14.455148     28.910296
      4.189189     14.402812     14.402812     28.805625
      4.199199     14.329645     14.329645     28.659291
      4.209209     14.276913     14.276913     28.553827
      4.219219     14.379766     14.379766     28.759532
      4.229229     14.757137     14.757137     29.514274
      4.239239     15.425096     15.425096     30.850191
      4.249249     16.281768     16.281768     32.563537
      4.259259     17.159535     17.159535     34.319070
      4.269269     17.899801     17.899801     35.799603
      4.279279     18.403765     18.403765     36.807531
      4.289289     18.642519     18.642519     37.285037
      4.299299     18.640786     18.640786     37.281573
      4.309309     18.455811     18.455811     36.911621
      4.319319     18.159095     18.159095     36.318189
      4.329329     17.817194     17.817194     35.634388
      4.339339     17.473864     17.473864     34.947728
      4.349349     17.149558     17.149558     34.299116
      4.359359     16.871735     16.871735     33.743471
      4.369369     16.722581     16.722581     33.445162
      4.379379     16.860932     16.860932     33.721864
      4.389389     17.475489     17.475489     34.950978
      4.399399     18.668583     18.668583     37.337166
      4.409409     20.328192     20.328192     40.656385
      4.419419     22.075186     22.075186     44.150373
      4.429429     23.343628     23.343628     46.687256
      4.439439     23.577162     23.577162     47.154325
      4.449449     22.451992     22.451992     44.903984
      4.459459     20.016107     20.016107     40.032214
      4.469469     16.679742     16.679742     33.359484
      4.479479     13.072401     13.072401     26.144803
      4.489489      9.844402      9.844402     19.688805
      4.499499      7.500314      7.500314     15.000629
      4.509510      6.313155      6.313155     12.626309
      4.519520      6.317600      6.317600     12.635200
      4.529530      7.352704      7.352704     14.705408
      4.539540      9.127921      9.127921     18.255842
      4.549550     11.302090     11.302090     22.604179
      4.559560     13.569824     13.569824     27.139647
      4.569570     15.737517     15.737517     31.475035
      4.579580     17.758324     17.758324     35.516649
      4.589590     19.703168     19.703168     39.406336
      4.599600     21.676741     21.676741     43.353482
      4.609610     23.722461     23.722461     47.444922
      4.619620     25.769922     25.769922     51.539843
      4.629630     27.652043     27.652043     55.304086
      4.639640     29.175157     29.175157     58.350315
      4.649650     30.195502     30.195502     60.391004
      4.659660     30.659502     30.659502     61.319004
      4.669670     30.595641     30.595641     61.191281
      4.679680     30.077491     30.077491     60.154982
      4.689690     29.188670     29.188670     58.377340
      4.699700     28.007642     28.007642     56.015285
      4.709710     26.607873     26.607873     53.215746
      4.719720     25.056293     25.056293     50.112586
      4.729730     23.399934     23.399934     46.799868
      4.739740     21.649793     21.649793     43.299586
      4.749750     19.784069     19.784069     39.568138
      4.759760     17.785163     17.785163     35.570325
      4.769770     15.698744     15.698744     31.397488
      4.779780     13.678774     13.678774     27.357548
      4.789790     11.981312     11.981312     23.962625
      4.799800     10.897199     10.897199     21.794398
      4.809810     10.652126     10.652126     21.304251
      4.819820     11.325856     11.325856     22.651711
      4.829830     12.833718     12.833718     25.667436
      4.839840     14.977086     14.977086     29.954173
      4.849850     17.527524     17.527524     35.055047
      4.859860     20.289272     20.289272     40.578545
      4.869870     23.102508     23.102508     46.205017
      4.879880     25.795686     25.795686     51.591371
      4.889890     28.136673     28.136673     56.273347
      4.899900     29.835963     29.835963     59.671925
      4.909910     30.615978     30.615978     61.231956
      4.919920     30.309577     30.309577     60.619154
      4.929930     28.929698     28.929698     57.859397
      4.939940     26.675306     26.675306     53.350612
      4.949950     23.881357     23.881357     47.762713
      4.959960     20.944702     20.944702     41.889404
      4.969970     18.249904     18.249904     36.499809
      4.979980     16.098946     16.098946     32.197892
      4.989990     14.644630     14.644630     29.289260
      5.000000     13.843751     13.843751     27.687503
