# EIG2DOS: Utility for SIESTA to obtain the electronic density of states
#  E. Artacho, Apr 1999, A. Garcia, Apr 2012
#  Nick R. Papior, Feb 2017
# ------------------------------------------
# Eigenvalues calculated from a non-polarized calculation
# Eigenvalues read from siesta.EIG
# Kpoint weights read from siesta.KP
# Using smearing parameter:   0.0500
# Using 1000 points in the energy range
# Selected bands: 1 to: 2981
# Emin, Emax in file for selected band(s):    -27.1088643    218.3294310
# Nbands, Nspin, Nk   =   2981     1     1
# E_F                 =    -4.2776 eV --> (shifted to ZERO)
# Broadening          =     0.0500 eV
#
#        E            N(up)  (=)   N(down)         Ntot
     -5.000000     40.310217     40.310217     80.620434
     -4.989990     42.021545     42.021545     84.043090
     -4.979980     43.385750     43.385750     86.771501
     -4.969970     44.102874     44.102874     88.205749
     -4.959960     43.891988     43.891988     87.783975
     -4.949950     42.614658     42.614658     85.229316
     -4.939940     40.350132     40.350132     80.700264
     -4.929930     37.408426     37.408426     74.816852
     -4.919920     34.296513     34.296513     68.593026
     -4.909910     31.657870     31.657870     63.315741
     -4.899900     30.188361     30.188361     60.376722
     -4.889890     30.512183     30.512183     61.024366
     -4.879880     33.007346     33.007346     66.014692
     -4.869870     37.611569     37.611569     75.223138
     -4.859860     43.693745     43.693745     87.387489
     -4.849850     50.095045     50.095045    100.190090
     -4.839840     55.390468     55.390468    110.780937
     -4.829830     58.309224     58.309224    116.618449
     -4.819820     58.147241     58.147241    116.294481
     -4.809810     54.983903     54.983903    109.967806
     -4.799800     49.604363     49.604363     99.208726
     -4.789790     43.177534     43.177534     86.355067
     -4.779780     36.854100     36.854100     73.708199
     -4.769770     31.460842     31.460842     62.921684
     -4.759760     27.384225     27.384225     54.768449
     -4.749750     24.625601     24.625601     49.251202
     -4.739740     22.942985     22.942985     45.885970
     -4.729730     21.993356     21.993356     43.986712
     -4.719720     21.429423     21.429423     42.858846
     -4.709710     20.946922     20.946922     41.893843
     -4.699700     20.302213     20.302213     40.604426
     -4.689690     19.325217     19.325217     38.650433
     -4.679680     17.945440     17.945440     35.890879
     -4.669670     16.232875     16.232875     32.465750
     -4.659660     14.436477     14.436477     28.872954
     -4.649650     12.991151     12.991151     25.982302
     -4.639640     12.467799     12.467799     24.935599
     -4.629630     13.458540     13.458540     26.917079
     -4.619620     16.412283     16.412283     32.824566
     -4.609610     21.457913     21.457913     42.915826
     -4.599600     28.270553     28.270553     56.541107
     -4.589590     36.044490     36.044490     72.088980
     -4.579580     43.620655     43.620655     87.241309
     -4.569570     49.767450     49.767450     99.534900
     -4.559560     53.542631     53.542631    107.085263
     -4.549550     54.606936     54.606936    109.213871
     -4.539540     53.356685     53.356685    106.713370
     -4.529530     50.805637     50.805637    101.611273
     -4.519520     48.248945     48.248945     96.497891
     -4.509510     46.832733     46.832733     93.665467
     -4.499499     47.187472     47.187472     94.374944
     -4.489489     49.250242     49.250242     98.500485
     -4.479479     52.322037     52.322037    104.644074
     -4.469469     55.320276     55.320276    110.640553
     -4.459459     57.126936     57.126936    114.253871
     -4.449449     56.914771     56.914771    113.829543
     -4.439439     54.356566     54.356566    108.713133
     -4.429429     49.672358     49.672358     99.344715
     -4.419419     43.527926     43.527926     87.055853
     -4.409409     36.841859     36.841859     73.683719
     -4.399399     30.571427     30.571427     61.142854
     -4.389389     25.529580     25.529580     51.059160
     -4.379379     22.255581     22.255581     44.511162
     -4.369369     20.943260     20.943260     41.886519
     -4.359359     21.430933     21.430933     42.861866
     -4.349349     23.261985     23.261985     46.523970
     -4.339339     25.816069     25.816069     51.632137
     -4.329329     28.484380     28.484380     56.968759
     -4.319319     30.835684     30.835684     61.671367
     -4.309309     32.715071     32.715071     65.430143
     -4.299299     34.241860     34.241860     68.483719
     -4.289289     35.712160     35.712160     71.424320
     -4.279279     37.443223     37.443223     74.886446
     -4.269269     39.609717     39.609717     79.219434
     -4.259259     42.121864     42.121864     84.243729
     -4.249249     44.590090     44.590090     89.180179
     -4.239239     46.406921     46.406921     92.813843
     -4.229229     46.941943     46.941943     93.883886
     -4.219219     45.790356     45.790356     91.580712
     -4.209209     42.968599     42.968599     85.937197
     -4.199199     38.953045     38.953045     77.906091
     -4.189189     34.526388     34.526388     69.052775
     -4.179179     30.497683     30.497683     60.995366
     -4.169169     27.431507     27.431507     54.863013
     -4.159159     25.512747     25.512747     51.025494
     -4.149149     24.594273     24.594273     49.188545
     -4.139139     24.378122     24.378122     48.756243
     -4.129129     24.622231     24.622231     49.244462
     -4.119119     25.266116     25.266116     50.532232
     -4.109109     26.417499     26.417499     52.834999
     -4.099099     28.210952     28.210952     56.421904
     -4.089089     30.613868     30.613868     61.227735
     -4.079079     33.290528     33.290528     66.581056
     -4.069069     35.619378     35.619378     71.238755
     -4.059059     36.886171     36.886171     73.772342
     -4.049049     36.575832     36.575832     73.151663
     -4.039039     34.617612     34.617612     69.235224
     -4.029029     31.451866     31.451866     62.903732
     -4.019019     27.881790     27.881790     55.763580
     -4.009009     24.791249     24.791249     49.582498
     -3.998999     22.874105     22.874105     45.748211
     -3.988989     22.493486     22.493486     44.986971
     -3.978979     23.697705     23.697705     47.395409
     -3.968969     26.330388     26.330388     52.660776
     -3.958959     30.142536     30.142536     60.285071
     -3.948949     34.851219     34.851219     69.702439
     -3.938939     40.152486     40.152486     80.304972
     -3.928929     45.731863     45.731863     91.463725
     -3.918919     51.301267     51.301267    102.602535
     -3.908909     56.646657     56.646657    113.293315
     -3.898899     61.639951     61.639951    123.279903
     -3.888889     66.181215     66.181215    132.362429
     -3.878879     70.086363     70.086363    140.172726
     -3.868869     72.986541     72.986541    145.973081
     -3.858859     74.320100     74.320100    148.640200
     -3.848849     73.461165     73.461165    146.922330
     -3.838839     69.956060     69.956060    139.912120
     -3.828829     63.770025     63.770025    127.540050
     -3.818819     55.423477     55.423477    110.846954
     -3.808809     45.938126     45.938126     91.876251
     -3.798799     36.598994     36.598994     73.197988
     -3.788789     28.621376     28.621376     57.242752
     -3.778779     22.847293     22.847293     45.694585
     -3.768769     19.571383     19.571383     39.142766
     -3.758759     18.534655     18.534655     37.069311
     -3.748749     19.063592     19.063592     38.127184
     -3.738739     20.296661     20.296661     40.593323
     -3.728729     21.432382     21.432382     42.864763
     -3.718719     21.940984     21.940984     43.881968
     -3.708709     21.694540     21.694540     43.389080
     -3.698699     20.985388     20.985388     41.970775
     -3.688689     20.422913     20.422913     40.845826
     -3.678679     20.727078     20.727078     41.454156
     -3.668669     22.470617     22.470617     44.941234
     -3.658659     25.849646     25.849646     51.699292
     -3.648649     30.567721     30.567721     61.135442
     -3.638639     35.887552     35.887552     71.775105
     -3.628629     40.840752     40.840752     81.681505
     -3.618619     44.516186     44.516186     89.032372
     -3.608609     46.311624     46.311624     92.623247
     -3.598599     46.056463     46.056463     92.112927
     -3.588589     43.982174     43.982174     87.964347
     -3.578579     40.586714     40.586714     81.173428
     -3.568569     36.467383     36.467383     72.934766
     -3.558559     32.177792     32.177792     64.355584
     -3.548549     28.129224     28.129224     56.258448
     -3.538539     24.537667     24.537667     49.075334
     -3.528529     21.420247     21.420247     42.840494
     -3.518519     18.647480     18.647480     37.294960
     -3.508509     16.042387     16.042387     32.084775
     -3.498498     13.491105     13.491105     26.982210
     -3.488488     11.016816     11.016816     22.033632
     -3.478478      8.784993      8.784993     17.569986
     -3.468468      7.042932      7.042932     14.085865
     -3.458458      6.025435      6.025435     12.050870
     -3.448448      5.865081      5.865081     11.730161
     -3.438438      6.534458      6.534458     13.068917
     -3.428428      7.834184      7.834184     15.668368
     -3.418418      9.432564      9.432564     18.865129
     -3.408408     10.954764     10.954764     21.909528
     -3.398398     12.103109     12.103109     24.206217
     -3.388388     12.769279     12.769279     25.538559
     -3.378378     13.090108     13.090108     26.180217
     -3.368368     13.415770     13.415770     26.831540
     -3.358358     14.197892     14.197892     28.395783
     -3.348348     15.841728     15.841728     31.683455
     -3.338338     18.576421     18.576421     37.152841
     -3.328328     22.376600     22.376600     44.753200
     -3.318318     26.938313     26.938313     53.876626
     -3.308308     31.699713     31.699713     63.399426
     -3.298298     35.908512     35.908512     71.817025
     -3.288288     38.751361     38.751361     77.502722
     -3.278278     39.545440     39.545440     79.090881
     -3.268268     37.946788     37.946788     75.893576
     -3.258258     34.088488     34.088488     68.176975
     -3.248248     28.569443     28.569443     57.138886
     -3.238238     22.280724     22.280724     44.561449
     -3.228228     16.141237     16.141237     32.282473
     -3.218218     10.859037     10.859037     21.718073
     -3.208208      6.810953      6.810953     13.621906
     -3.198198      4.063545      4.063545      8.127090
     -3.188188      2.491847      2.491847      4.983694
     -3.178178      1.924043      1.924043      3.848085
     -3.168168      2.251862      2.251862      4.503723
     -3.158158      3.476666      3.476666      6.953333
     -3.148148      5.688755      5.688755     11.377509
     -3.138138      8.995079      8.995079     17.990158
     -3.128128     13.421550     13.421550     26.843100
     -3.118118     18.823731     18.823731     37.647461
     -3.108108     24.841541     24.841541     49.683082
     -3.098098     30.924225     30.924225     61.848451
     -3.088088     36.429670     36.429670     72.859340
     -3.078078     40.772852     40.772852     81.545704
     -3.068068     43.572841     43.572841     87.145681
     -3.058058     44.738959     44.738959     89.477917
     -3.048048     44.453999     44.453999     88.907997
     -3.038038     43.055934     43.055934     86.111869
     -3.028028     40.873102     40.873102     81.746204
     -3.018018     38.100175     38.100175     76.200350
     -3.008008     34.785662     34.785662     69.571323
     -2.997998     30.937511     30.937511     61.875022
     -2.987988     26.680173     26.680173     53.360345
     -2.977978     22.364270     22.364270     44.728540
     -2.967968     18.560327     18.560327     37.120653
     -2.957958     15.935671     15.935671     31.871342
     -2.947948     15.070428     15.070428     30.140855
     -2.937938     16.283880     16.283880     32.567759
     -2.927928     19.523124     19.523124     39.046249
     -2.917918     24.338707     24.338707     48.677414
     -2.907908     29.954022     29.954022     59.908044
     -2.897898     35.421968     35.421968     70.843937
     -2.887888     39.841231     39.841231     79.682461
     -2.877878     42.576080     42.576080     85.152159
     -2.867868     43.405790     43.405790     86.811580
     -2.857858     42.543207     42.543207     85.086414
     -2.847848     40.509992     40.509992     81.019983
     -2.837838     37.918148     37.918148     75.836297
     -2.827828     35.250686     35.250686     70.501372
     -2.817818     32.733690     32.733690     65.467379
     -2.807808     30.346030     30.346030     60.692060
     -2.797798     27.944524     27.944524     55.889047
     -2.787788     25.427045     25.427045     50.854090
     -2.777778     22.842798     22.842798     45.685596
     -2.767768     20.394265     20.394265     40.788530
     -2.757758     18.339702     18.339702     36.679405
     -2.747748     16.862356     16.862356     33.724712
     -2.737738     15.989876     15.989876     31.979752
     -2.727728     15.613718     15.613718     31.227437
     -2.717718     15.593108     15.593108     31.186216
     -2.707708     15.871604     15.871604     31.743207
     -2.697698     16.523659     16.523659     33.047318
     -2.687688     17.693407     17.693407     35.386814
     -2.677678     19.461194     19.461194     38.922389
     -2.667668     21.727012     21.727012     43.454023
     -2.657658     24.195661     24.195661     48.391322
     -2.647648     26.485366     26.485366     52.970732
     -2.637638     28.299591     28.299591     56.599181
     -2.627628     29.557266     29.557266     59.114533
     -2.617618     30.402270     30.402270     60.804541
     -2.607608     31.092164     31.092164     62.184329
     -2.597598     31.842238     31.842238     63.684476
     -2.587588     32.719310     32.719310     65.438619
     -2.577578     33.631398     33.631398     67.262796
     -2.567568     34.387932     34.387932     68.775864
     -2.557558     34.769197     34.769197     69.538393
     -2.547548     34.566364     34.566364     69.132728
     -2.537538     33.604146     33.604146     67.208293
     -2.527528     31.783649     31.783649     63.567299
     -2.517518     29.158121     29.158121     58.316242
     -2.507508     26.003905     26.003905     52.007809
     -2.497497     22.822701     22.822701     45.645402
     -2.487487     20.237462     20.237462     40.474924
     -2.477477     18.806441     18.806441     37.612883
     -2.467467     18.834098     18.834098     37.668195
     -2.457457     20.268148     20.268148     40.536297
     -2.447447     22.734166     22.734166     45.468332
     -2.437437     25.694746     25.694746     51.389491
     -2.427427     28.661713     28.661713     57.323426
     -2.417417     31.364010     31.364010     62.728020
     -2.407407     33.793399     33.793399     67.586798
     -2.397397     36.107649     36.107649     72.215298
     -2.387387     38.440715     38.440715     76.881429
     -2.377377     40.717840     40.717840     81.435680
     -2.367367     42.575741     42.575741     85.151481
     -2.357357     43.440916     43.440916     86.881832
     -2.347347     42.743361     42.743361     85.486722
     -2.337337     40.174286     40.174286     80.348572
     -2.327327     35.870081     35.870081     71.740163
     -2.317317     30.436625     30.436625     60.873250
     -2.307307     24.802705     24.802705     49.605411
     -2.297297     19.967821     19.967821     39.935641
     -2.287287     16.746740     16.746740     33.493480
     -2.277277     15.597053     15.597053     31.194107
     -2.267267     16.566166     16.566166     33.132332
     -2.257257     19.344678     19.344678     38.689355
     -2.247247     23.385631     23.385631     46.771261
     -2.237237     28.043951     28.043951     56.087903
     -2.227227     32.697211     32.697211     65.394422
     -2.217217     36.821370     36.821370     73.642741
     -2.207207     40.014224     40.014224     80.028448
     -2.197197     41.983325     41.983325     83.966651
     -2.187187     42.533108     42.533108     85.066217
     -2.177177     41.582290     41.582290     83.164581
     -2.167167     39.212966     39.212966     78.425933
     -2.157157     35.714057     35.714057     71.428113
     -2.147147     31.564827     31.564827     63.129654
     -2.137137     27.329693     27.329693     54.659387
     -2.127127     23.492626     23.492626     46.985252
     -2.117117     20.308610     20.308610     40.617221
     -2.107107     17.751683     17.751683     35.503366
     -2.097097     15.587655     15.587655     31.175311
     -2.087087     13.528554     13.528554     27.057108
     -2.077077     11.383273     11.383273     22.766545
     -2.067067      9.131022      9.131022     18.262044
     -2.057057      6.897266      6.897266     13.794533
     -2.047047      4.866805      4.866805      9.733610
     -2.037037      3.192098      3.192098      6.384197
     -2.027027      1.940771      1.940771      3.881542
     -2.017017      1.093201      1.093201      2.186402
     -2.007007      0.573929      0.573929      1.147857
     -1.996997      0.292078      0.292078      0.584156
     -1.986987      0.173315      0.173315      0.346630
     -1.976977      0.178216      0.178216      0.356431
     -1.966967      0.310145      0.310145      0.620290
     -1.956957      0.616792      0.616792      1.233583
     -1.946947      1.185561      1.185561      2.371122
     -1.936937      2.128694      2.128694      4.257387
     -1.926927      3.553636      3.553636      7.107272
     -1.916917      5.520059      5.520059     11.040118
     -1.906907      7.994927      7.994927     15.989853
     -1.896897     10.824853     10.824853     21.649706
     -1.886887     13.743563     13.743563     27.487126
     -1.876877     16.419724     16.419724     32.839449
     -1.866867     18.533096     18.533096     37.066191
     -1.856857     19.854981     19.854981     39.709963
     -1.846847     20.307944     20.307944     40.615887
     -1.836837     19.986702     19.986702     39.973405
     -1.826827     19.131503     19.131503     38.263007
     -1.816817     18.056250     18.056250     36.112499
     -1.806807     17.049543     17.049543     34.099086
     -1.796797     16.284703     16.284703     32.569405
     -1.786787     15.781094     15.781094     31.562189
     -1.776777     15.439669     15.439669     30.879338
     -1.766767     15.134038     15.134038     30.268076
     -1.756757     14.800925     14.800925     29.601849
     -1.746747     14.471123     14.471123     28.942246
     -1.736737     14.221896     14.221896     28.443793
     -1.726727     14.088305     14.088305     28.176610
     -1.716717     14.002542     14.002542     28.005085
     -1.706707     13.812269     13.812269     27.624538
     -1.696697     13.373052     13.373052     26.746104
     -1.686687     12.656102     12.656102     25.312204
     -1.676677     11.798151     11.798151     23.596303
     -1.666667     11.054381     11.054381     22.108761
     -1.656657     10.674170     10.674170     21.348340
     -1.646647     10.765878     10.765878     21.531756
     -1.636637     11.224588     11.224588     22.449175
     -1.626627     11.764121     11.764121     23.528242
     -1.616617     12.041470     12.041470     24.082941
     -1.606607     11.816758     11.816758     23.633517
     -1.596597     11.077141     11.077141     22.154282
     -1.586587     10.073525     10.073525     20.147050
     -1.576577      9.259831      9.259831     18.519661
     -1.566567      9.161706      9.161706     18.323413
     -1.556557     10.218378     10.218378     20.436755
     -1.546547     12.638934     12.638934     25.277869
     -1.536537     16.306043     16.306043     32.612086
     -1.526527     20.754506     20.754506     41.509012
     -1.516517     25.243909     25.243909     50.487818
     -1.506507     28.922575     28.922575     57.845150
     -1.496496     31.044412     31.044412     62.088824
     -1.486486     31.169494     31.169494     62.338988
     -1.476476     29.276729     29.276729     58.553458
     -1.466466     25.750268     25.750268     51.500537
     -1.456456     21.253572     21.253572     42.507143
     -1.446446     16.547144     16.547144     33.094288
     -1.436436     12.317167     12.317167     24.634333
     -1.426426      9.061880      9.061880     18.123760
     -1.416416      7.047214      7.047214     14.094428
     -1.406406      6.314226      6.314226     12.628452
     -1.396396      6.712326      6.712326     13.424652
     -1.386386      7.943620      7.943620     15.887240
     -1.376376      9.620941      9.620941     19.241882
     -1.366366     11.347315     11.347315     22.694631
     -1.356356     12.809964     12.809964     25.619928
     -1.346346     13.858438     13.858438     27.716876
     -1.336336     14.527245     14.527245     29.054489
     -1.326326     14.983797     14.983797     29.967593
     -1.316316     15.423864     15.423864     30.847728
     -1.306306     15.969098     15.969098     31.938196
     -1.296296     16.618052     16.618052     33.236104
     -1.286286     17.264397     17.264397     34.528793
     -1.276276     17.753439     17.753439     35.506878
     -1.266266     17.933690     17.933690     35.867380
     -1.256256     17.681287     17.681287     35.362573
     -1.246246     16.907554     16.907554     33.815108
     -1.236236     15.572600     15.572600     31.145199
     -1.226226     13.711664     13.711664     27.423329
     -1.216216     11.455845     11.455845     22.911690
     -1.206206      9.021785      9.021785     18.043569
     -1.196196      6.663557      6.663557     13.327114
     -1.186186      4.607277      4.607277      9.214554
     -1.176176      3.001606      3.001606      6.003213
     -1.166166      1.906622      1.906622      3.813244
     -1.156156      1.319845      1.319845      2.639690
     -1.146146      1.218557      1.218557      2.437115
     -1.136136      1.591799      1.591799      3.183599
     -1.126126      2.443148      2.443148      4.886296
     -1.116116      3.760870      3.760870      7.521741
     -1.106106      5.469627      5.469627     10.939253
     -1.096096      7.391849      7.391849     14.783699
     -1.086086      9.249825      9.249825     18.499650
     -1.076076     10.725184     10.725184     21.450368
     -1.066066     11.563017     11.563017     23.126034
     -1.056056     11.677489     11.677489     23.354977
     -1.046046     11.204472     11.204472     22.408945
     -1.036036     10.465601     10.465601     20.931203
     -1.026026      9.849559      9.849559     19.699119
     -1.016016      9.658005      9.658005     19.316009
     -1.006006      9.982660      9.982660     19.965320
     -0.995996     10.667579     10.667579     21.335157
     -0.985986     11.373208     11.373208     22.746415
     -0.975976     11.714022     11.714022     23.428043
     -0.965966     11.409373     11.409373     22.818745
     -0.955956     10.383072     10.383072     20.766143
     -0.945946      8.773937      8.773937     17.547873
     -0.935936      6.863467      6.863467     13.726934
     -0.925926      4.963882      4.963882      9.927763
     -0.915916      3.320408      3.320408      6.640817
     -0.905906      2.063910      2.063910      4.127821
     -0.895896      1.218904      1.218904      2.437807
     -0.885886      0.747398      0.747398      1.494796
     -0.875876      0.601021      0.601021      1.202043
     -0.865866      0.759629      0.759629      1.519259
     -0.855856      1.244851      1.244851      2.489701
     -0.845846      2.105302      2.105302      4.210604
     -0.835836      3.376856      3.376856      6.753713
     -0.825826      5.029643      5.029643     10.059286
     -0.815816      6.923511      6.923511     13.847022
     -0.805806      8.798900      8.798900     17.597800
     -0.795796     10.321544     10.321544     20.643088
     -0.785786     11.175161     11.175161     22.350321
     -0.775776     11.167374     11.167374     22.334748
     -0.765766     10.299964     10.299964     20.599928
     -0.755756      8.768157      8.768157     17.536315
     -0.745746      6.889272      6.889272     13.778545
     -0.735736      4.996355      4.996355      9.992711
     -0.725726      3.345518      3.345518      6.691037
     -0.715716      2.071047      2.071047      4.142093
     -0.705706      1.193425      1.193425      2.386849
     -0.695696      0.661779      0.661779      1.323557
     -0.685686      0.404996      0.404996      0.809992
     -0.675676      0.372579      0.372579      0.745157
     -0.665666      0.557188      0.557188      1.114375
     -0.655656      0.997620      0.997620      1.995241
     -0.645646      1.762250      1.762250      3.524501
     -0.635636      2.913352      2.913352      5.826704
     -0.625626      4.457626      4.457626      8.915252
     -0.615616      6.298496      6.298496     12.596992
     -0.605606      8.214916      8.214916     16.429832
     -0.595596      9.889294      9.889294     19.778589
     -0.585586     10.987936     10.987936     21.975872
     -0.575576     11.268189     11.268189     22.536379
     -0.565566     10.665447     10.665447     21.330895
     -0.555556      9.317317      9.317317     18.634634
     -0.545546      7.512587      7.512587     15.025174
     -0.535536      5.590814      5.590814     11.181628
     -0.525526      3.840143      3.840143      7.680286
     -0.515516      2.434482      2.434482      4.868964
     -0.505506      1.424468      1.424468      2.848936
     -0.495495      0.769282      0.769282      1.538564
     -0.485485      0.383447      0.383447      0.766894
     -0.475475      0.176405      0.176405      0.352811
     -0.465465      0.074904      0.074904      0.149808
     -0.455455      0.029355      0.029355      0.058711
     -0.445445      0.010618      0.010618      0.021237
     -0.435435      0.003545      0.003545      0.007091
     -0.425425      0.001095      0.001095      0.002190
     -0.415415      0.000323      0.000323      0.000646
     -0.405405      0.000134      0.000134      0.000268
     -0.395395      0.000225      0.000225      0.000449
     -0.385385      0.000743      0.000743      0.001486
     -0.375375      0.002460      0.002460      0.004920
     -0.365365      0.007556      0.007556      0.015111
     -0.355355      0.021427      0.021427      0.042855
     -0.345345      0.056087      0.056087      0.112175
     -0.335335      0.135502      0.135502      0.271004
     -0.325325      0.302144      0.302144      0.604287
     -0.315315      0.621826      0.621826      1.243651
     -0.305305      1.181164      1.181164      2.362329
     -0.295295      2.070804      2.070804      4.141608
     -0.285285      3.350847      3.350847      6.701693
     -0.275275      5.004456      5.004456     10.008913
     -0.265265      6.898364      6.898364     13.796728
     -0.255255      8.776516      8.776516     17.553033
     -0.245245     10.305880     10.305880     20.611760
     -0.235235     11.169529     11.169529     22.339057
     -0.225225     11.173043     11.173043     22.346085
     -0.215215     10.315610     10.315610     20.631220
     -0.205205      8.790331      8.790331     17.580662
     -0.195195      6.913570      6.913570     13.827141
     -0.185185      5.018644      5.018644     10.037288
     -0.175175      3.362461      3.362461      6.724922
     -0.165165      2.079290      2.079290      4.158579
     -0.155155      1.186751      1.186751      2.373502
     -0.145145      0.625160      0.625160      1.250319
     -0.135135      0.303955      0.303955      0.607910
     -0.125125      0.136400      0.136400      0.272800
     -0.115115      0.056495      0.056495      0.112989
     -0.105105      0.021597      0.021597      0.043193
     -0.095095      0.007620      0.007620      0.015240
     -0.085085      0.002481      0.002481      0.004963
     -0.075075      0.000746      0.000746      0.001492
     -0.065065      0.000207      0.000207      0.000414
     -0.055055      0.000053      0.000053      0.000106
     -0.045045      0.000013      0.000013      0.000025
     -0.035035      0.000003      0.000003      0.000005
     -0.025025      0.000001      0.000001      0.000001
     -0.015015      0.000000      0.000000      0.000000
     -0.005005      0.000000      0.000000      0.000000
      0.005005      0.000000      0.000000      0.000000
      0.015015      0.000000      0.000000      0.000000
      0.025025      0.000001      0.000001      0.000001
      0.035035      0.000003      0.000003      0.000005
      0.045045      0.000013      0.000013      0.000025
      0.055055      0.000053      0.000053      0.000106
      0.065065      0.000207      0.000207      0.000414
      0.075075      0.000746      0.000746      0.001492
      0.085085      0.002481      0.002481      0.004963
      0.095095      0.007620      0.007620      0.015240
      0.105105      0.021597      0.021597      0.043193
      0.115115      0.056495      0.056495      0.112989
      0.125125      0.136400      0.136400      0.272800
      0.135135      0.303955      0.303955      0.607910
      0.145145      0.625160      0.625160      1.250319
      0.155155      1.186751      1.186751      2.373502
      0.165165      2.079290      2.079290      4.158579
      0.175175      3.362461      3.362461      6.724922
      0.185185      5.018644      5.018644     10.037288
      0.195195      6.913570      6.913570     13.827141
      0.205205      8.790331      8.790331     17.580662
      0.215215     10.315610     10.315610     20.631220
      0.225225     11.173043     11.173043     22.346085
      0.235235     11.169529     11.169529     22.339057
      0.245245     10.305880     10.305880     20.611760
      0.255255      8.776516      8.776516     17.553033
      0.265265      6.898364      6.898364     13.796728
      0.275275      5.004456      5.004456     10.008913
      0.285285      3.350847      3.350847      6.701693
      0.295295      2.070804      2.070804      4.141608
      0.305305      1.181164      1.181164      2.362329
      0.315315      0.621826      0.621826      1.243651
      0.325325      0.302144      0.302144      0.604287
      0.335335      0.135502      0.135502      0.271004
      0.345345      0.056087      0.056087      0.112175
      0.355355      0.021427      0.021427      0.042855
      0.365365      0.007556      0.007556      0.015111
      0.375375      0.002459      0.002459      0.004918
      0.385385      0.000740      0.000740      0.001481
      0.395395      0.000213      0.000213      0.000425
      0.405405      0.000086      0.000086      0.000173
      0.415415      0.000148      0.000148      0.000296
      0.425425      0.000505      0.000505      0.001010
      0.435435      0.001714      0.001714      0.003428
      0.445445      0.005397      0.005397      0.010794
      0.455455      0.015688      0.015688      0.031375
      0.465465      0.042087      0.042087      0.084175
      0.475475      0.104215      0.104215      0.208431
      0.485485      0.238176      0.238176      0.476351
      0.495495      0.502401      0.502401      1.004801
      0.505506      0.978115      0.978115      1.956230
      0.515516      1.757586      1.757586      3.515172
      0.525526      2.914943      2.914943      5.829887
      0.535536      4.462009      4.462009      8.924018
      0.545546      6.304022      6.304022     12.608043
      0.555556      8.220382      8.220382     16.440764
      0.565566      9.893590      9.893590     19.787180
      0.575576     10.990196     10.990196     21.980391
      0.585586     11.268179     11.268179     22.536357
      0.595596     10.664112     10.664112     21.328224
      0.605606      9.317767      9.317767     18.635535
      0.615616      7.522327      7.522327     15.044655
      0.625626      5.626726      5.626726     11.253452
      0.635636      3.938259      3.938259      7.876517
      0.645646      2.666262      2.666262      5.332523
      0.655656      1.919114      1.919114      3.838227
      0.665666      1.736742      1.736742      3.473483
      0.675676      2.125943      2.125943      4.251887
      0.685686      3.071129      3.071129      6.142257
      0.695696      4.512940      4.512940      9.025880
      0.705706      6.310895      6.310895     12.621790
      0.715716      8.221997      8.221997     16.443995
      0.725726      9.925568      9.925568     19.851136
      0.735736     11.102735     11.102735     22.205469
      0.745746     11.546143     11.546143     23.092285
      0.755756     11.250568     11.250568     22.501135
      0.765766     10.435627     10.435627     20.871254
      0.775776      9.480344      9.480344     18.960689
      0.785786      8.790371      8.790371     17.580741
      0.795796      8.649760      8.649760     17.299520
      0.805806      9.115836      9.115836     18.231672
      0.815816      9.997908      9.997908     19.995817
      0.825826     10.927981     10.927981     21.855962
      0.835836     11.496219     11.496219     22.992439
      0.845846     11.398020     11.398020     22.796039
      0.855856     10.534323     10.534323     21.068646
      0.865866      9.027716      9.027716     18.055432
      0.875876      7.155822      7.155822     14.311645
      0.885886      5.240237      5.240237     10.480474
      0.895896      3.543418      3.543418      7.086837
      0.905906      2.211921      2.211921      4.423841
      0.915916      1.274525      1.274525      2.549050
      0.925926      0.677905      0.677905      1.355809
      0.935936      0.333018      0.333018      0.666036
      0.945946      0.151761      0.151761      0.303521
      0.955956      0.066335      0.066335      0.132669
      0.965966      0.034254      0.034254      0.068509
      0.975976      0.036253      0.036253      0.072506
      0.985986      0.073640      0.073640      0.147279
      0.995996      0.168582      0.168582      0.337164
      1.006006      0.367171      0.367171      0.734342
      1.016016      0.741556      0.741556      1.483112
      1.026026      1.384700      1.384700      2.769401
      1.036036      2.391234      2.391234      4.782467
      1.046046      3.822970      3.822970      7.645939
      1.056056      5.668085      5.668085     11.336169
      1.066066      7.813884      7.813884     15.627769
      1.076076     10.055121     10.055121     20.110241
      1.086086     12.145789     12.145789     24.291579
      1.096096     13.876232     13.876232     27.752464
      1.106106     15.136365     15.136365     30.272731
      1.116116     15.929328     15.929328     31.858656
      1.126126     16.330951     16.330951     32.661901
      1.136136     16.428292     16.428292     32.856584
      1.146146     16.284054     16.284054     32.568109
      1.156156     15.949197     15.949197     31.898394
      1.166166     15.502435     15.502435     31.004871
      1.176176     15.070047     15.070047     30.140093
      1.186186     14.795733     14.795733     29.591465
      1.196196     14.775103     14.775103     29.550206
      1.206206     15.003621     15.003621     30.007243
      1.216216     15.379863     15.379863     30.759725
      1.226226     15.762658     15.762658     31.525316
      1.236236     16.037926     16.037926     32.075853
      1.246246     16.145370     16.145370     32.290739
      1.256256     16.051459     16.051459     32.102917
      1.266266     15.701893     15.701893     31.403786
      1.276276     15.004087     15.004087     30.008174
      1.286286     13.864269     13.864269     27.728537
      1.296296     12.257698     12.257698     24.515395
      1.306306     10.283141     10.283141     20.566282
      1.316316      8.164750      8.164750     16.329500
      1.326326      6.202739      6.202739     12.405477
      1.336336      4.706290      4.706290      9.412580
      1.346346      3.944464      3.944464      7.888928
      1.356356      4.126335      4.126335      8.252670
      1.366366      5.392970      5.392970     10.785941
      1.376376      7.794615      7.794615     15.589230
      1.386386     11.243506     11.243506     22.487013
      1.396396     15.463322     15.463322     30.926644
      1.406406     19.976612     19.976612     39.953224
      1.416416     24.163465     24.163465     48.326931
      1.426426     27.389046     27.389046     54.778092
      1.436436     29.156776     29.156776     58.313551
      1.446446     29.226241     29.226241     58.452483
      1.456456     27.652911     27.652911     55.305821
      1.466466     24.746685     24.746685     49.493369
      1.476476     20.980158     20.980158     41.960315
      1.486486     16.886569     16.886569     33.773138
      1.496496     12.974954     12.974954     25.949909
      1.506507      9.672091      9.672091     19.344182
      1.516517      7.289417      7.289417     14.578835
      1.526527      6.008872      6.008872     12.017745
      1.536537      5.880536      5.880536     11.761072
      1.546547      6.826380      6.826380     13.652760
      1.556557      8.649893      8.649893     17.299787
      1.566567     11.058309     11.058309     22.116619
      1.576577     13.705424     13.705424     27.410849
      1.586587     16.254236     16.254236     32.508473
      1.596597     18.445140     18.445140     36.890281
      1.606607     20.148393     20.148393     40.296785
      1.616617     21.384851     21.384851     42.769703
      1.626627     22.311038     22.311038     44.622077
      1.636637     23.173165     23.173165     46.346330
      1.646647     24.236961     24.236961     48.473923
      1.656657     25.702799     25.702799     51.405598
      1.666667     27.625191     27.625191     55.250382
      1.676677     29.867764     29.867764     59.735528
      1.686687     32.124954     32.124954     64.249908
      1.696697     34.019192     34.019192     68.038383
      1.706707     35.242162     35.242162     70.484324
      1.716717     35.673533     35.673533     71.347067
      1.726727     35.408380     35.408380     70.816761
      1.736737     34.668599     34.668599     69.337197
      1.746747     33.645306     33.645306     67.290612
      1.756757     32.372142     32.372142     64.744284
      1.766767     30.719826     30.719826     61.439652
      1.776777     28.527162     28.527162     57.054324
      1.786787     25.790606     25.790606     51.581212
      1.796797     22.788920     22.788920     45.577841
      1.806807     20.053600     20.053600     40.107201
      1.816817     18.184921     18.184921     36.369842
      1.826827     17.599303     17.599303     35.198606
      1.836837     18.328895     18.328895     36.657789
      1.846847     19.968624     19.968624     39.937247
      1.856857     21.800054     21.800054     43.600109
      1.866867     23.045956     23.045956     46.091912
      1.876877     23.153218     23.153218     46.306436
      1.886887     21.987149     21.987149     43.974297
      1.896897     19.856980     19.856980     39.713959
      1.906907     17.367421     17.367421     34.734842
      1.916917     15.169011     15.169011     30.338022
      1.926927     13.721451     13.721451     27.442902
      1.936937     13.169867     13.169867     26.339734
      1.946947     13.374361     13.374361     26.748722
      1.956957     14.059226     14.059226     28.118453
      1.966967     14.993680     14.993680     29.987360
      1.976977     16.105005     16.105005     32.210009
      1.986987     17.464147     17.464147     34.928293
      1.996997     19.157046     19.157046     38.314092
      2.007007     21.125412     21.125412     42.250825
      2.017017     23.085639     23.085639     46.171278
      2.027027     24.592468     24.592468     49.184936
      2.037037     25.224595     25.224595     50.449191
      2.047047     24.787804     24.787804     49.575608
      2.057057     23.413159     23.413159     46.826318
      2.067067     21.489082     21.489082     42.978164
      2.077077     19.467723     19.467723     38.935446
      2.087087     17.660740     17.660740     35.321480
      2.097097     16.139458     16.139458     32.278917
      2.107107     14.784194     14.784194     29.568388
      2.117117     13.437481     13.437481     26.874962
      2.127127     12.063359     12.063359     24.126718
      2.137137     10.825250     10.825250     21.650501
      2.147147     10.050694     10.050694     20.101388
      2.157157     10.111574     10.111574     20.223148
      2.167167     11.280319     11.280319     22.560638
      2.177177     13.618593     13.618593     27.237187
      2.187187     16.929675     16.929675     33.859351
      2.197197     20.778789     20.778789     41.557577
      2.207207     24.568720     24.568720     49.137440
      2.217217     27.651797     27.651797     55.303593
      2.227227     29.457849     29.457849     58.915698
      2.237237     29.615206     29.615206     59.230412
      2.247247     28.037264     28.037264     56.074528
      2.257257     24.946789     24.946789     49.893578
      2.267267     20.822321     20.822321     41.644642
      2.277277     16.277293     16.277293     32.554586
      2.287287     11.911586     11.911586     23.823172
      2.297297      8.189184      8.189184     16.378368
      2.307307      5.383596      5.383596     10.767192
      2.317317      3.600614      3.600614      7.201228
      2.327327      2.853996      2.853996      5.707993
      2.337337      3.150647      3.150647      6.301293
      2.347347      4.543315      4.543315      9.086629
      2.357357      7.125564      7.125564     14.251128
      2.367367     10.967025     10.967025     21.934049
      2.377377     16.010204     16.010204     32.020408
      2.387387     21.968730     21.968730     43.937460
      2.397397     28.275423     28.275423     56.550846
      2.407407     34.120786     34.120786     68.241571
      2.417417     38.595051     38.595051     77.190102
      2.427427     40.905103     40.905103     81.810207
      2.437437     40.597556     40.597556     81.195111
      2.447447     37.702938     37.702938     75.405877
      2.457457     32.738348     32.738348     65.476696
      2.467467     26.562285     26.562285     53.124571
      2.477477     20.138987     20.138987     40.277974
      2.487487     14.305910     14.305910     28.611821
      2.497497      9.627538      9.627538     19.255076
      2.507508      6.369739      6.369739     12.739478
      2.517518      4.571291      4.571291      9.142581
      2.527528      4.153202      4.153202      8.306403
      2.537538      5.005384      5.005384     10.010767
      2.547548      7.016785      7.016785     14.033570
      2.557558     10.050799     10.050799     20.101597
      2.567568     13.894923     13.894923     27.789846
      2.577578     18.222679     18.222679     36.445358
      2.587588     22.596931     22.596931     45.193861
      2.597598     26.524239     26.524239     53.048478
      2.607608     29.548822     29.548822     59.097644
      2.617618     31.358594     31.358594     62.717189
      2.627628     31.867905     31.867905     63.735811
      2.637638     31.244902     31.244902     62.489805
      2.647648     29.868723     29.868723     59.737447
      2.657658     28.230079     28.230079     56.460158
      2.667668     26.814896     26.814896     53.629793
      2.677678     26.016428     26.016428     52.032856
      2.687688     26.099613     26.099613     52.199227
      2.697698     27.206497     27.206497     54.412994
      2.707708     29.369033     29.369033     58.738065
      2.717718     32.501343     32.501343     65.002686
      2.727728     36.370506     36.370506     72.741012
      2.737738     40.571903     40.571903     81.143806
      2.747748     44.544833     44.544833     89.089665
      2.757758     47.652512     47.652512     95.305024
      2.767768     49.323072     49.323072     98.646144
      2.777778     49.213927     49.213927     98.427854
      2.787788     47.335265     47.335265     94.670530
      2.797798     44.068177     44.068177     88.136353
      2.807808     40.050429     40.050429     80.100857
      2.817818     35.965898     35.965898     71.931796
      2.827828     32.326471     32.326471     64.652943
      2.837838     29.342301     29.342301     58.684602
      2.847848     26.930802     26.930802     53.861605
      2.857858     24.844581     24.844581     49.689163
      2.867868     22.844519     22.844519     45.689039
      2.877878     20.832251     20.832251     41.664503
      2.887888     18.885503     18.885503     37.771006
      2.897898     17.191240     17.191240     34.382479
      2.907908     15.921402     15.921402     31.842804
      2.917918     15.122944     15.122944     30.245889
      2.927928     14.684487     14.684487     29.368974
      2.937938     14.398020     14.398020     28.796040
      2.947948     14.077411     14.077411     28.154822
      2.957958     13.659595     13.659595     27.319190
      2.967968     13.223852     13.223852     26.447703
      2.977978     12.915895     12.915895     25.831791
      2.987988     12.824484     12.824484     25.648968
      2.997998     12.889060     12.889060     25.778120
      3.008008     12.897517     12.897517     25.795035
      3.018018     12.576967     12.576967     25.153934
      3.028028     11.724418     11.724418     23.448837
      3.038038     10.303818     10.303818     20.607635
      3.048048      8.460788      8.460788     16.921576
      3.058058      6.456660      6.456660     12.913319
      3.068068      4.565208      4.565208      9.130415
      3.078078      2.985672      2.985672      5.971344
      3.088088      1.804934      1.804934      3.609869
      3.098098      1.009757      1.009757      2.019515
      3.108108      0.527767      0.527767      1.055534
      3.118118      0.272113      0.272113      0.544227
      3.128128      0.174487      0.174487      0.348973
      3.138138      0.203599      0.203599      0.407198
      3.148148      0.373368      0.373368      0.746736
      3.158158      0.744878      0.744878      1.489755
      3.168168      1.421585      1.421585      2.843171
      3.178178      2.532888      2.532888      5.065775
      3.188188      4.201432      4.201432      8.402865
      3.198198      6.496370      6.496370     12.992739
      3.208208      9.385560      9.385560     18.771120
      3.218218     12.707729     12.707729     25.415458
      3.228228     16.182959     16.182959     32.365918
      3.238238     19.464634     19.464634     38.929267
      3.248248     22.215139     22.215139     44.430278
      3.258258     24.174476     24.174476     48.348952
      3.268268     25.195280     25.195280     50.390560
      3.278278     25.237827     25.237827     50.475653
      3.288288     24.341334     24.341334     48.682669
      3.298298     22.597760     22.597760     45.195520
      3.308308     20.144903     20.144903     40.289807
      3.318318     17.174733     17.174733     34.349467
      3.328328     13.936967     13.936967     27.873935
      3.338338     10.719626     10.719626     21.439253
      3.348348      7.806045      7.806045     15.612089
      3.358358      5.426984      5.426984     10.853967
      3.368368      3.731562      3.731562      7.463123
      3.378378      2.787722      2.787722      5.575445
      3.388388      2.602252      2.602252      5.204503
      3.398398      3.137627      3.137627      6.275253
      3.408408      4.307808      4.307808      8.615616
      3.418418      5.954715      5.954715     11.909430
      3.428428      7.828694      7.828694     15.657388
      3.438438      9.604113      9.604113     19.208225
      3.448448     10.946666     10.946666     21.893332
      3.458458     11.617401     11.617401     23.234802
      3.468468     11.568597     11.568597     23.137195
      3.478478     10.979522     10.979522     21.959043
      3.488488     10.203761     10.203761     20.407521
      3.498498      9.642645      9.642645     19.285289
      3.508509      9.597080      9.597080     19.194160
      3.518519     10.162325     10.162325     20.324650
      3.528529     11.210992     11.210992     22.421985
      3.538539     12.468379     12.468379     24.936758
      3.548549     13.640148     13.640148     27.280296
      3.558559     14.526886     14.526886     29.053772
      3.568569     15.068544     15.068544     30.137089
      3.578579     15.303298     15.303298     30.606596
      3.588589     15.277463     15.277463     30.554926
      3.598599     14.972290     14.972290     29.944580
      3.608609     14.298415     14.298415     28.596829
      3.618619     13.159349     13.159349     26.318697
      3.628629     11.537288     11.537288     23.074576
      3.638639      9.541887      9.541887     19.083774
      3.648649      7.391490      7.391490     14.782981
      3.658659      5.342014      5.342014     10.684029
      3.668669      3.607967      3.607967      7.215933
      3.678679      2.317042      2.317042      4.634085
      3.688689      1.513277      1.513277      3.026553
      3.698699      1.195296      1.195296      2.390592
      3.708709      1.361717      1.361717      2.723434
      3.718719      2.037783      2.037783      4.075566
      3.728729      3.269669      3.269669      6.539339
      3.738739      5.088351      5.088351     10.176701
      3.748749      7.458755      7.458755     14.917510
      3.758759     10.238117     10.238117     20.476234
      3.768769     13.165853     13.165853     26.331706
      3.778779     15.894859     15.894859     31.789719
      3.788789     18.056276     18.056276     36.112552
      3.798799     19.336475     19.336475     38.672950
      3.808809     19.543158     19.543158     39.086317
      3.818819     18.644893     18.644893     37.289785
      3.828829     16.777427     16.777427     33.554855
      3.838839     14.215917     14.215917     28.431835
      3.848849     11.317058     11.317058     22.634116
      3.858859      8.443013      8.443013     16.886027
      3.868869      5.887792      5.887792     11.775584
      3.878879      3.828857      3.828857      7.657715
      3.888889      2.317444      2.317444      4.634888
      3.898899      1.304590      1.304590      2.609181
      3.908909      0.686467      0.686467      1.372935
      3.918919      0.349662      0.349662      0.699324
      3.928929      0.203942      0.203942      0.407884
      3.938939      0.200059      0.200059      0.400117
      3.948949      0.336627      0.336627      0.673255
      3.958959      0.660417      0.660417      1.320834
      3.968969      1.260364      1.260364      2.520729
      3.978979      2.251543      2.251543      4.503086
      3.988989      3.745469      3.745469      7.490938
      3.998999      5.809346      5.809346     11.618693
      4.009009      8.426397      8.426397     16.852795
      4.019019     11.475236     11.475236     22.950472
      4.029029     14.741370     14.741370     29.482741
      4.039039     17.958290     17.958290     35.916580
      4.049049     20.858794     20.858794     41.717588
      4.059059     23.212699     23.212699     46.425397
      4.069069     24.840109     24.840109     49.680219
      4.079079     25.610819     25.610819     51.221637
      4.089089     25.452220     25.452220     50.904440
      4.099099     24.379086     24.379086     48.758172
      4.109109     22.534051     22.534051     45.068102
      4.119119     20.206480     20.206480     40.412960
      4.129129     17.797634     17.797634     35.595268
      4.139139     15.725608     15.725608     31.451215
      4.149149     14.300855     14.300855     28.601711
      4.159159     13.628948     13.628948     27.257896
      4.169169     13.592529     13.592529     27.185058
      4.179179     13.927298     13.927298     27.854596
      4.189189     14.356015     14.356015     28.712030
      4.199199     14.710712     14.710712     29.421425
      4.209209     14.980066     14.980066     29.960131
      4.219219     15.264564     15.264564     30.529128
      4.229229     15.677724     15.677724     31.355447
      4.239239     16.259444     16.259444     32.518888
      4.249249     16.949863     16.949863     33.899727
      4.259259     17.625195     17.625195     35.250389
      4.269269     18.158485     18.158485     36.316970
      4.279279     18.464695     18.464695     36.929391
      4.289289     18.515323     18.515323     37.030645
      4.299299     18.333696     18.333696     36.667392
      4.309309     17.985459     17.985459     35.970918
      4.319319     17.564819     17.564819     35.129637
      4.329329     17.169590     17.169590     34.339180
      4.339339     16.870127     16.870127     33.740254
      4.349349     16.695060     16.695060     33.390120
      4.359359     16.654276     16.654276     33.308552
      4.369369     16.788972     16.788972     33.577945
      4.379379     17.203953     17.203953     34.407905
      4.389389     18.034532     18.034532     36.069064
      4.399399     19.342598     19.342598     38.685196
      4.409409     20.996920     20.996920     41.993841
      4.419419     22.623899     22.623899     45.247798
      4.429429     23.686103     23.686103     47.372206
      4.439439     23.670611     23.670611     47.341223
      4.449449     22.297430     22.297430     44.594861
      4.459459     19.640078     19.640078     39.280157
      4.469469     16.098767     16.098767     32.197535
      4.479479     12.248155     12.248155     24.496311
      4.489489      8.643256      8.643256     17.286511
      4.499499      5.674492      5.674492     11.348985
      4.509510      3.521518      3.521518      7.043035
      4.519520      2.199144      2.199144      4.398288
      4.529530      1.650830      1.650830      3.301660
      4.539540      1.837456      1.837456      3.674912
      4.549550      2.782933      2.782933      5.565866
      4.559560      4.559539      4.559539      9.119078
      4.569570      7.218139      7.218139     14.436277
      4.579580     10.691344     10.691344     21.382687
      4.589590     14.717787     14.717787     29.435573
      4.599600     18.840086     18.840086     37.680172
      4.609610     22.503748     22.503748     45.007496
      4.619620     25.231336     25.231336     50.462673
      4.629630     26.793542     26.793542     53.587085
      4.639640     27.285511     27.285511     54.571022
      4.649650     27.061623     27.061623     54.123246
      4.659660     26.561551     26.561551     53.123101
      4.669670     26.121921     26.121921     52.243843
      4.679680     25.869426     25.869426     51.738851
      4.689690     25.734619     25.734619     51.469237
      4.699700     25.553426     25.553426     51.106851
      4.709710     25.183337     25.183337     50.366673
      4.719720     24.572367     24.572367     49.144735
      4.729730     23.763069     23.763069     47.526137
      4.739740     22.855712     22.855712     45.711423
      4.749750     21.968021     21.968021     43.936042
      4.759760     21.212461     21.212461     42.424922
      4.769770     20.686588     20.686588     41.373176
      4.779780     20.460879     20.460879     40.921758
      4.789790     20.558969     20.558969     41.117937
      4.799800     20.943476     20.943476     41.886952
      4.809810     21.526592     21.526592     43.053183
      4.819820     22.210994     22.210994     44.421988
      4.829830     22.944555     22.944555     45.889110
      4.839840     23.758859     23.758859     47.517719
      4.849850     24.765785     24.765785     49.531570
      4.859860     26.105706     26.105706     52.211412
      4.869870     27.866063     27.866063     55.732126
      4.879880     30.008000     30.008000     60.016000
      4.889890     32.338997     32.338997     64.677993
      4.899900     34.545951     34.545951     69.091901
      4.909910     36.268598     36.268598     72.537197
      4.919920     37.173569     37.173569     74.347139
      4.929930     37.001664     37.001664     74.003329
      4.939940     35.592752     35.592752     71.185504
      4.949950     32.911246     32.911246     65.822492
      4.959960     29.080711     29.080711     58.161423
      4.969970     24.404570     24.404570     48.809140
      4.979980     19.336898     19.336898     38.673796
      4.989990     14.391162     14.391162     28.782324
      5.000000     10.016910     10.016910     20.033821
