# EIG2DOS: Utility for SIESTA to obtain the electronic density of states
#  E. Artacho, Apr 1999, A. Garcia, Apr 2012
#  Nick R. Papior, Feb 2017
# ------------------------------------------
# Eigenvalues calculated from a non-polarized calculation
# Eigenvalues read from siesta.EIG
# Kpoint weights read from siesta.KP
# Using smearing parameter:   0.0500
# Using 1000 points in the energy range
# Selected bands: 1 to: 2981
# Emin, Emax in file for selected band(s):    -27.2418326    218.3794860
# Nbands, Nspin, Nk   =   2981     1     1
# E_F                 =    -4.2194 eV --> (shifted to ZERO)
# Broadening          =     0.0500 eV
#
#        E            N(up)  (=)   N(down)         Ntot
     -5.000000     32.982534     32.982534     65.965069
     -4.989990     37.802889     37.802889     75.605778
     -4.979980     42.126515     42.126515     84.253031
     -4.969970     45.209784     45.209784     90.419567
     -4.959960     46.484652     46.484652     92.969304
     -4.949950     45.747327     45.747327     91.494654
     -4.939940     43.229522     43.229522     86.459044
     -4.929930     39.541554     39.541554     79.083108
     -4.919920     35.532613     35.532613     71.065226
     -4.909910     32.128031     32.128031     64.256062
     -4.899900     30.176149     30.176149     60.352298
     -4.889890     30.301773     30.301773     60.603546
     -4.879880     32.757673     32.757673     65.515345
     -4.869870     37.298969     37.298969     74.597938
     -4.859860     43.146321     43.146321     86.292641
     -4.849850     49.105937     49.105937     98.211875
     -4.839840     53.856692     53.856692    107.713385
     -4.829830     56.324085     56.324085    112.648170
     -4.819820     55.996553     55.996553    111.993106
     -4.809810     53.049877     53.049877    106.099754
     -4.799800     48.230958     48.230958     96.461915
     -4.789790     42.564308     42.564308     85.128616
     -4.779780     37.017848     37.017848     74.035697
     -4.769770     32.261543     32.261543     64.523085
     -4.759760     28.585360     28.585360     57.170720
     -4.749750     25.960005     25.960005     51.920010
     -4.739740     24.171443     24.171443     48.342886
     -4.729730     22.955151     22.955151     45.910302
     -4.719720     22.084412     22.084412     44.168824
     -4.709710     21.403938     21.403938     42.807876
     -4.699700     20.827299     20.827299     41.654598
     -4.689690     20.326092     20.326092     40.652184
     -4.679680     19.930400     19.930400     39.860799
     -4.669670     19.741255     19.741255     39.482509
     -4.659660     19.940057     19.940057     39.880114
     -4.649650     20.777848     20.777848     41.555697
     -4.639640     22.536732     22.536732     45.073464
     -4.629630     25.464437     25.464437     50.928875
     -4.619620     29.685276     29.685276     59.370553
     -4.609610     35.096601     35.096601     70.193203
     -4.599600     41.281380     41.281380     82.562760
     -4.589590     47.495009     47.495009     94.990017
     -4.579580     52.784771     52.784771    105.569541
     -4.569570     56.248142     56.248142    112.496284
     -4.559560     57.349249     57.349249    114.698498
     -4.549550     56.149946     56.149946    112.299892
     -4.539540     53.327550     53.327550    106.655100
     -4.529530     49.947394     49.947394     99.894787
     -4.519520     47.079827     47.079827     94.159655
     -4.509510     45.426388     45.426388     90.852776
     -4.499499     45.109401     45.109401     90.218803
     -4.489489     45.696441     45.696441     91.392882
     -4.479479     46.424582     46.424582     92.849165
     -4.469469     46.511647     46.511647     93.023293
     -4.459459     45.423182     45.423182     90.846364
     -4.449449     43.004219     43.004219     86.008438
     -4.439439     39.457568     39.457568     78.915135
     -4.429429     35.218120     35.218120     70.436239
     -4.419419     30.803956     30.803956     61.607911
     -4.409409     26.709209     26.709209     53.418417
     -4.399399     23.356163     23.356163     46.712325
     -4.389389     21.078679     21.078679     42.157359
     -4.379379     20.096564     20.096564     40.193127
     -4.369369     20.466854     20.466854     40.933709
     -4.359359     22.039069     22.039069     44.078137
     -4.349349     24.461429     24.461429     48.922859
     -4.339339     27.265262     27.265262     54.530523
     -4.329329     30.008017     30.008017     60.016034
     -4.319319     32.415268     32.415268     64.830536
     -4.309309     34.455765     34.455765     68.911530
     -4.299299     36.313319     36.313319     72.626638
     -4.289289     38.264527     38.264527     76.529054
     -4.279279     40.508687     40.508687     81.017375
     -4.269269     43.014392     43.014392     86.028784
     -4.259259     45.446595     45.446595     90.893189
     -4.249249     47.218879     47.218879     94.437758
     -4.239239     47.675105     47.675105     95.350210
     -4.229229     46.346820     46.346820     92.693640
     -4.219219     43.181811     43.181811     86.363622
     -4.209209     38.631105     38.631105     77.262210
     -4.199199     33.536385     33.536385     67.072771
     -4.189189     28.856022     28.856022     57.712045
     -4.179179     25.350861     25.350861     50.701723
     -4.169169     23.369850     23.369850     46.739701
     -4.159159     22.820592     22.820592     45.641183
     -4.149149     23.316402     23.316402     46.632803
     -4.139139     24.411806     24.411806     48.823612
     -4.129129     25.808151     25.808151     51.616301
     -4.119119     27.435334     27.435334     54.870667
     -4.109109     29.378110     29.378110     58.756220
     -4.099099     31.691101     31.691101     63.382201
     -4.089089     34.207008     34.207008     68.414016
     -4.079079     36.457687     36.457687     72.915375
     -4.069069     37.778984     37.778984     75.557968
     -4.059059     37.571447     37.571447     75.142895
     -4.049049     35.592522     35.592522     71.185044
     -4.039039     32.124794     32.124794     64.249588
     -4.029029     27.926228     27.926228     55.852456
     -4.019019     23.986360     23.986360     47.972720
     -4.009009     21.211908     21.211908     42.423816
     -3.998999     20.186479     20.186479     40.372958
     -3.988989     21.088536     21.088536     42.177073
     -3.978979     23.758192     23.758192     47.516384
     -3.968969     27.837396     27.837396     55.674793
     -3.958959     32.901536     32.901536     65.803073
     -3.948949     38.541255     38.541255     77.082510
     -3.938939     44.401351     44.401351     88.802703
     -3.928929     50.202630     50.202630    100.405260
     -3.918919     55.756005     55.756005    111.512010
     -3.908909     60.951315     60.951315    121.902630
     -3.898899     65.699223     65.699223    131.398446
     -3.888889     69.834071     69.834071    139.668142
     -3.878879     73.026702     73.026702    146.053404
     -3.868869     74.773048     74.773048    149.546096
     -3.858859     74.496872     74.496872    148.993744
     -3.848849     71.745922     71.745922    143.491844
     -3.838839     66.405204     66.405204    132.810407
     -3.828829     58.832206     58.832206    117.664412
     -3.818819     49.847296     49.847296     99.694593
     -3.808809     40.572093     40.572093     81.144185
     -3.798799     32.168849     32.168849     64.337698
     -3.788789     25.567747     25.567747     51.135495
     -3.778779     21.266074     21.266074     42.532148
     -3.768769     19.251595     19.251595     38.503191
     -3.758759     19.060017     19.060017     38.120034
     -3.748749     19.939834     19.939834     39.879668
     -3.738739     21.075515     21.075515     42.151030
     -3.728729     21.812172     21.812172     43.624344
     -3.718719     21.828274     21.828274     43.656548
     -3.708709     21.214597     21.214597     42.429195
     -3.698699     20.436217     20.436217     40.872434
     -3.688689     20.179922     20.179922     40.359845
     -3.678679     21.120633     21.120633     42.241265
     -3.668669     23.671311     23.671311     47.342622
     -3.658659     27.799242     27.799242     55.598485
     -3.648649     32.982178     32.982178     65.964356
     -3.638639     38.333337     38.333337     76.666673
     -3.628629     42.856523     42.856523     85.713047
     -3.618619     45.734126     45.734126     91.468251
     -3.608609     46.536934     46.536934     93.073868
     -3.598599     45.286946     45.286946     90.573893
     -3.588589     42.376861     42.376861     84.753722
     -3.578579     38.407035     38.407035     76.814069
     -3.568569     34.012261     34.012261     68.024523
     -3.558559     29.724487     29.724487     59.448973
     -3.548549     25.886233     25.886233     51.772465
     -3.538539     22.617104     22.617104     45.234208
     -3.528529     19.837707     19.837707     39.675414
     -3.518519     17.350574     17.350574     34.701147
     -3.508509     14.956723     14.956723     29.913446
     -3.498498     12.563670     12.563670     25.127340
     -3.488488     10.238955     10.238955     20.477909
     -3.478478      8.188961      8.188961     16.377921
     -3.468468      6.678800      6.678800     13.357600
     -3.458458      5.931271      5.931271     11.862543
     -3.448448      6.042041      6.042041     12.084081
     -3.438438      6.934234      6.934234     13.868469
     -3.428428      8.363229      8.363229     16.726457
     -3.418418      9.975180      9.975180     19.950360
     -3.408408     11.412770     11.412770     22.825541
     -3.398398     12.443027     12.443027     24.886054
     -3.388388     13.062958     13.062958     26.125916
     -3.378378     13.536256     13.536256     27.072512
     -3.368368     14.337487     14.337487     28.674974
     -3.358358     16.018044     16.018044     32.036089
     -3.348348     19.036773     19.036773     38.073546
     -3.338338     23.601695     23.601695     47.203390
     -3.328328     29.554709     29.554709     59.109417
     -3.318318     36.320206     36.320206     72.640412
     -3.308308     42.942589     42.942589     85.885178
     -3.298298     48.240940     48.240940     96.481881
     -3.288288     51.082431     51.082431    102.164862
     -3.278278     50.712770     50.712770    101.425541
     -3.268268     47.019356     47.019356     94.038713
     -3.258258     40.598711     40.598711     81.197422
     -3.248248     32.578926     32.578926     65.157853
     -3.238238     24.269465     24.269465     48.538930
     -3.228228     16.795115     16.795115     33.590230
     -3.218218     10.863564     10.863564     21.727128
     -3.208208      6.729488      6.729488     13.458976
     -3.198198      4.315354      4.315354      8.630707
     -3.188188      3.391212      3.391212      6.782425
     -3.178178      3.721282      3.721282      7.442565
     -3.168168      5.131589      5.131589     10.263178
     -3.158158      7.503953      7.503953     15.007906
     -3.148148     10.731761     10.731761     21.463521
     -3.138138     14.675253     14.675253     29.350506
     -3.128128     19.136431     19.136431     38.272863
     -3.118118     23.852064     23.852064     47.704128
     -3.108108     28.494067     28.494067     56.988134
     -3.098098     32.675703     32.675703     65.351405
     -3.088088     35.978625     35.978625     71.957250
     -3.078078     38.018451     38.018451     76.036901
     -3.068068     38.543388     38.543388     77.086776
     -3.058058     37.525162     37.525162     75.050324
     -3.048048     35.185940     35.185940     70.371880
     -3.038038     31.931383     31.931383     63.862765
     -3.028028     28.216316     28.216316     56.432633
     -3.018018     24.414953     24.414953     48.829906
     -3.008008     20.765702     20.765702     41.531405
     -2.997998     17.411263     17.411263     34.822525
     -2.987988     14.494227     14.494227     28.988454
     -2.977978     12.239011     12.239011     24.478022
     -2.967968     10.966811     10.966811     21.933623
     -2.957958     11.032455     11.032455     22.064910
     -2.947948     12.709707     12.709707     25.419413
     -2.937938     16.068425     16.068425     32.136850
     -2.927928     20.886274     20.886274     41.772549
     -2.917918     26.629343     26.629343     53.258686
     -2.907908     32.522377     32.522377     65.044754
     -2.897898     37.705938     37.705938     75.411876
     -2.887888     41.444474     41.444474     82.888947
     -2.877878     43.318537     43.318537     86.637074
     -2.867868     43.326084     43.326084     86.652167
     -2.857858     41.845069     41.845069     83.690139
     -2.847848     39.466287     39.466287     78.932573
     -2.837838     36.765562     36.765562     73.531123
     -2.827828     34.115217     34.115217     68.230434
     -2.817818     31.615947     31.615947     63.231895
     -2.807808     29.168769     29.168769     58.337537
     -2.797798     26.634702     26.634702     53.269404
     -2.787788     23.987437     23.987437     47.974874
     -2.777778     21.375151     21.375151     42.750303
     -2.767768     19.065034     19.065034     38.130069
     -2.757758     17.313896     17.313896     34.627793
     -2.747748     16.249498     16.249498     32.498996
     -2.737738     15.835675     15.835675     31.671350
     -2.727728     15.937298     15.937298     31.874596
     -2.717718     16.434258     16.434258     32.868516
     -2.707708     17.300639     17.300639     34.601277
     -2.697698     18.589734     18.589734     37.179468
     -2.687688     20.333658     20.333658     40.667316
     -2.677678     22.432127     22.432127     44.864254
     -2.667668     24.620467     24.620467     49.240933
     -2.657658     26.556619     26.556619     53.113238
     -2.647648     27.983011     27.983011     55.966023
     -2.637638     28.861270     28.861270     57.722540
     -2.627628     29.389907     29.389907     58.779814
     -2.617618     29.890683     29.890683     59.781365
     -2.607608     30.633897     30.633897     61.267793
     -2.597598     31.705440     31.705440     63.410879
     -2.587588     32.979201     32.979201     65.958402
     -2.577578     34.183491     34.183491     68.366983
     -2.567568     34.999504     34.999504     69.999009
     -2.557558     35.136917     35.136917     70.273835
     -2.547548     34.377944     34.377944     68.755887
     -2.537538     32.617289     32.617289     65.234577
     -2.527528     29.918353     29.918353     59.836706
     -2.517518     26.566849     26.566849     53.133697
     -2.507508     23.073084     23.073084     46.146168
     -2.497497     20.085169     20.085169     40.170337
     -2.487487     18.222441     18.222441     36.444883
     -2.477477     17.888143     17.888143     35.776286
     -2.467467     19.140104     19.140104     38.280207
     -2.457457     21.677799     21.677799     43.355598
     -2.447447     24.955910     24.955910     49.911819
     -2.437437     28.381031     28.381031     56.762061
     -2.427427     31.511247     31.511247     63.022495
     -2.417417     34.173583     34.173583     68.347167
     -2.407407     36.446777     36.446777     72.893554
     -2.397397     38.516308     38.516308     77.032617
     -2.387387     40.470880     40.470880     80.941761
     -2.377377     42.144975     42.144975     84.289949
     -2.367367     43.098994     43.098994     86.197987
     -2.357357     42.765898     42.765898     85.531796
     -2.347347     40.707232     40.707232     81.414464
     -2.337337     36.857560     36.857560     73.715120
     -2.327327     31.635024     31.635024     63.270049
     -2.317317     25.862401     25.862401     51.724802
     -2.307307     20.538662     20.538662     41.077324
     -2.297297     16.567283     16.567283     33.134565
     -2.287287     14.549087     14.549087     29.098174
     -2.277277     14.695457     14.695457     29.390915
     -2.267267     16.854343     16.854343     33.708685
     -2.257257     20.603823     20.603823     41.207646
     -2.247247     25.364852     25.364852     50.729705
     -2.237237     30.501587     30.501587     61.003175
     -2.227227     35.396468     35.396468     70.792936
     -2.217217     39.500121     39.500121     79.000241
     -2.207207     42.364316     42.364316     84.728633
     -2.197197     43.671082     43.671082     87.342164
     -2.187187     43.269248     43.269248     86.538495
     -2.177177     41.216904     41.216904     82.433808
     -2.167167     37.807640     37.807640     75.615281
     -2.157157     33.545037     33.545037     67.090075
     -2.147147     29.041620     29.041620     58.083240
     -2.137137     24.858104     24.858104     49.716209
     -2.127127     21.343976     21.343976     42.687952
     -2.117117     18.556016     18.556016     37.112031
     -2.107107     16.298373     16.298373     32.596746
     -2.097097     14.262965     14.262965     28.525929
     -2.087087     12.195120     12.195120     24.390241
     -2.077077     10.002365     10.002365     20.004729
     -2.067067      7.765699      7.765699     15.531397
     -2.057057      5.671232      5.671232     11.342464
     -2.047047      3.917015      3.917015      7.834030
     -2.037037      2.647664      2.647664      5.295327
     -2.027027      1.938323      1.938323      3.876647
     -2.017017      1.814864      1.814864      3.629728
     -2.007007      2.279352      2.279352      4.558705
     -1.996997      3.314562      3.314562      6.629123
     -1.986987      4.861716      4.861716      9.723432
     -1.976977      6.789150      6.789150     13.578300
     -1.966967      8.882728      8.882728     17.765455
     -1.956957     10.882184     10.882184     21.764369
     -1.946947     12.560938     12.560938     25.121877
     -1.936937     13.814219     13.814219     27.628439
     -1.926927     14.704224     14.704224     29.408447
     -1.916917     15.427494     15.427494     30.854989
     -1.906907     16.212906     16.212906     32.425812
     -1.896897     17.201023     17.201023     34.402045
     -1.886887     18.367830     18.367830     36.735660
     -1.876877     19.530026     19.530026     39.060052
     -1.866867     20.424416     20.424416     40.848832
     -1.856857     20.819681     20.819681     41.639362
     -1.846847     20.610824     20.610824     41.221648
     -1.836837     19.860301     19.860301     39.720602
     -1.826827     18.771963     18.771963     37.543925
     -1.816817     17.606873     17.606873     35.213745
     -1.806807     16.572355     16.572355     33.144711
     -1.796797     15.731965     15.731965     31.463931
     -1.786787     14.981759     14.981759     29.963518
     -1.776777     14.109448     14.109448     28.218897
     -1.766767     12.908744     12.908744     25.817487
     -1.756757     11.289215     11.289215     22.578430
     -1.746747      9.325634      9.325634     18.651269
     -1.736737      7.228410      7.228410     14.456819
     -1.726727      5.262040      5.262040     10.524081
     -1.716717      3.661463      3.661463      7.322926
     -1.706707      2.585544      2.585544      5.171088
     -1.696697      2.115466      2.115466      4.230933
     -1.686687      2.276775      2.276775      4.553551
     -1.676677      3.054439      3.054439      6.108878
     -1.666667      4.382753      4.382753      8.765505
     -1.656657      6.116356      6.116356     12.232713
     -1.646647      8.009739      8.009739     16.019477
     -1.636637      9.736833      9.736833     19.473667
     -1.626627     10.964632     10.964632     21.929265
     -1.616617     11.463209     11.463209     22.926417
     -1.606607     11.208012     11.208012     22.416023
     -1.596597     10.426587     10.426587     20.853175
     -1.586587      9.564118      9.564118     19.128235
     -1.576577      9.175659      9.175659     18.351318
     -1.566567      9.777542      9.777542     19.555084
     -1.556557     11.697165     11.697165     23.394330
     -1.546547     14.956214     14.956214     29.912429
     -1.536537     19.217700     19.217700     38.435401
     -1.526527     23.822081     23.822081     47.644162
     -1.516517     27.921641     27.921641     55.843282
     -1.506507     30.689466     30.689466     61.378931
     -1.496496     31.542028     31.542028     63.084056
     -1.486486     30.297414     30.297414     60.594827
     -1.476476     27.211436     27.211436     54.422872
     -1.466466     22.884136     22.884136     45.768273
     -1.456456     18.081806     18.081806     36.163613
     -1.446446     13.546322     13.546322     27.092644
     -1.436436      9.853678      9.853678     19.707357
     -1.426426      7.348328      7.348328     14.696656
     -1.416416      6.142428      6.142428     12.284856
     -1.406406      6.149725      6.149725     12.299450
     -1.396396      7.129067      7.129067     14.258134
     -1.386386      8.732365      8.732365     17.464730
     -1.376376     10.566762     10.566762     21.133524
     -1.366366     12.275840     12.275840     24.551681
     -1.356356     13.622635     13.622635     27.245270
     -1.346346     14.538106     14.538106     29.076212
     -1.336336     15.104810     15.104810     30.209621
     -1.326326     15.479537     15.479537     30.959074
     -1.316316     15.797575     15.797575     31.595150
     -1.306306     16.112977     16.112977     32.225954
     -1.296296     16.401225     16.401225     32.802450
     -1.286286     16.604151     16.604151     33.208301
     -1.276276     16.670035     16.670035     33.340070
     -1.266266     16.556349     16.556349     33.112699
     -1.256256     16.203979     16.203979     32.407958
     -1.246246     15.521827     15.521827     31.043655
     -1.236236     14.412641     14.412641     28.825282
     -1.226226     12.832967     12.832967     25.665935
     -1.216216     10.846936     10.846936     21.693872
     -1.206206      8.633655      8.633655     17.267310
     -1.196196      6.439861      6.439861     12.879723
     -1.186186      4.505861      4.505861      9.011721
     -1.176176      3.006400      3.006400      6.012800
     -1.166166      2.032838      2.032838      4.065677
     -1.156156      1.613972      1.613972      3.227945
     -1.146146      1.750629      1.750629      3.501258
     -1.136136      2.435023      2.435023      4.870046
     -1.126126      3.638812      3.638812      7.277623
     -1.116116      5.275390      5.275390     10.550780
     -1.106106      7.161740      7.161740     14.323480
     -1.096096      9.012813      9.012813     18.025627
     -1.086086     10.490171     10.490171     20.980342
     -1.076076     11.298650     11.298650     22.597300
     -1.066066     11.294235     11.294235     22.588471
     -1.056056     10.552595     10.552595     21.105191
     -1.046046      9.361837      9.361837     18.723673
     -1.036036      8.137511      8.137511     16.275022
     -1.026026      7.291864      7.291864     14.583727
     -1.016016      7.104730      7.104730     14.209459
     -1.006006      7.637601      7.637601     15.275202
     -0.995996      8.714977      8.714977     17.429953
     -0.985986      9.977815      9.977815     19.955631
     -0.975976     10.994860     10.994860     21.989720
     -0.965966     11.398478     11.398478     22.796956
     -0.955956     10.998343     10.998343     21.996687
     -0.945946      9.830093      9.830093     19.660187
     -0.935936      8.121928      8.121928     16.243857
     -0.925926      6.199047      6.199047     12.398094
     -0.915916      4.372407      4.372407      8.744815
     -0.905906      2.858934      2.858934      5.717869
     -0.895896      1.757329      1.757329      3.514659
     -0.885886      1.073954      1.073954      2.147909
     -0.875876      0.773945      0.773945      1.547890
     -0.865866      0.829711      0.829711      1.659423
     -0.855856      1.247027      1.247027      2.494054
     -0.845846      2.059919      2.059919      4.119837
     -0.835836      3.295956      3.295956      6.591911
     -0.825826      4.924114      4.924114      9.848228
     -0.815816      6.808063      6.808063     13.616125
     -0.805806      8.693045      8.693045     17.386091
     -0.795796     10.246323     10.246323     20.492645
     -0.785786     11.147176     11.147176     22.294352
     -0.775776     11.193137     11.193137     22.386274
     -0.765766     10.373535     10.373535     20.747070
     -0.755756      8.873417      8.873417     17.746833
     -0.745746      7.005710      7.005710     14.011420
     -0.735736      5.105644      5.105644     10.211288
     -0.725726      3.436216      3.436216      6.872431
     -0.715716      2.140361      2.140361      4.280723
     -0.705706      1.246843      1.246843      2.493685
     -0.695696      0.712375      0.712375      1.424750
     -0.685686      0.473922      0.473922      0.947845
     -0.675676      0.490720      0.490720      0.981441
     -0.665666      0.765951      0.765951      1.531901
     -0.655656      1.345150      1.345150      2.690300
     -0.645646      2.291517      2.291517      4.583034
     -0.635636      3.641692      3.641692      7.283383
     -0.625626      5.353421      5.353421     10.706843
     -0.615616      7.266815      7.266815     14.533630
     -0.605606      9.105089      9.105089     18.210178
     -0.595596     10.529783     10.529783     21.059567
     -0.585586     11.239403     11.239403     22.478806
     -0.575576     11.072718     11.072718     22.145436
     -0.565566     10.068208     10.068208     20.136416
     -0.555556      8.449616      8.449616     16.899232
     -0.545546      6.544984      6.544984     13.089968
     -0.535536      4.679151      4.679151      9.358303
     -0.525526      3.087539      3.087539      6.175078
     -0.515516      1.880376      1.880376      3.760751
     -0.505506      1.056972      1.056972      2.113945
     -0.495495      0.548365      0.548365      1.096730
     -0.485485      0.262580      0.262580      0.525161
     -0.475475      0.116049      0.116049      0.232098
     -0.465465      0.047338      0.047338      0.094676
     -0.455455      0.017822      0.017822      0.035644
     -0.445445      0.006193      0.006193      0.012386
     -0.435435      0.001987      0.001987      0.003974
     -0.425425      0.000591      0.000591      0.001182
     -0.415415      0.000174      0.000174      0.000348
     -0.405405      0.000096      0.000096      0.000192
     -0.395395      0.000226      0.000226      0.000453
     -0.385385      0.000782      0.000782      0.001564
     -0.375375      0.002587      0.002587      0.005175
     -0.365365      0.007921      0.007921      0.015843
     -0.355355      0.022387      0.022387      0.044773
     -0.345345      0.058393      0.058393      0.116785
     -0.335335      0.140577      0.140577      0.281154
     -0.325325      0.312363      0.312363      0.624726
     -0.315315      0.640606      0.640606      1.281212
     -0.305305      1.212577      1.212577      2.425154
     -0.295295      2.118431      2.118431      4.236863
     -0.285285      3.415910      3.415910      6.831820
     -0.275275      5.083763      5.083763     10.167526
     -0.265265      6.983144      6.983144     13.966288
     -0.255255      8.853267      8.853267     17.706534
     -0.245245     10.359600     10.359600     20.719199
     -0.235235     11.188432     11.188432     22.376864
     -0.225225     11.152760     11.152760     22.305519
     -0.215215     10.260826     10.260826     20.521651
     -0.205205      8.713028      8.713028     17.426056
     -0.195195      6.828775      6.828775     13.657549
     -0.185185      4.939731      4.939731      9.879462
     -0.175175      3.298000      3.298000      6.596000
     -0.165165      2.032286      2.032286      4.064572
     -0.155155      1.155862      1.155862      2.311724
     -0.145145      0.606756      0.606756      1.213511
     -0.135135      0.293974      0.293974      0.587948
     -0.125125      0.131459      0.131459      0.262918
     -0.115115      0.054257      0.054257      0.108515
     -0.105105      0.020669      0.020669      0.041337
     -0.095095      0.007267      0.007267      0.014534
     -0.085085      0.002358      0.002358      0.004716
     -0.075075      0.000706      0.000706      0.001413
     -0.065065      0.000195      0.000195      0.000391
     -0.055055      0.000050      0.000050      0.000100
     -0.045045      0.000012      0.000012      0.000023
     -0.035035      0.000003      0.000003      0.000005
     -0.025025      0.000001      0.000001      0.000001
     -0.015015      0.000000      0.000000      0.000000
     -0.005005      0.000000      0.000000      0.000000
      0.005005      0.000000      0.000000      0.000000
      0.015015      0.000000      0.000000      0.000000
      0.025025      0.000001      0.000001      0.000001
      0.035035      0.000003      0.000003      0.000005
      0.045045      0.000012      0.000012      0.000023
      0.055055      0.000050      0.000050      0.000100
      0.065065      0.000195      0.000195      0.000391
      0.075075      0.000706      0.000706      0.001413
      0.085085      0.002358      0.002358      0.004716
      0.095095      0.007267      0.007267      0.014534
      0.105105      0.020669      0.020669      0.041337
      0.115115      0.054257      0.054257      0.108515
      0.125125      0.131459      0.131459      0.262917
      0.135135      0.293973      0.293973      0.587947
      0.145145      0.606755      0.606755      1.213510
      0.155155      1.155860      1.155860      2.311721
      0.165165      2.032284      2.032284      4.064568
      0.175175      3.297997      3.297997      6.595994
      0.185185      4.939727      4.939727      9.879455
      0.195195      6.828771      6.828771     13.657541
      0.205205      8.713025      8.713025     17.426049
      0.215215     10.260823     10.260823     20.521646
      0.225225     11.152759     11.152759     22.305517
      0.235235     11.188433     11.188433     22.376866
      0.245245     10.359602     10.359602     20.719204
      0.255255      8.853271      8.853271     17.706541
      0.265265      6.983148      6.983148     13.966296
      0.275275      5.083767      5.083767     10.167533
      0.285285      3.415913      3.415913      6.831826
      0.295295      2.118434      2.118434      4.236867
      0.305305      1.212578      1.212578      2.425157
      0.315315      0.640607      0.640607      1.281214
      0.325325      0.312363      0.312363      0.624727
      0.335335      0.140577      0.140577      0.281155
      0.345345      0.058393      0.058393      0.116785
      0.355355      0.022387      0.022387      0.044773
      0.365365      0.007922      0.007922      0.015843
      0.375375      0.002587      0.002587      0.005175
      0.385385      0.000782      0.000782      0.001564
      0.395395      0.000227      0.000227      0.000454
      0.405405      0.000099      0.000099      0.000198
      0.415415      0.000185      0.000185      0.000370
      0.425425      0.000630      0.000630      0.001259
      0.435435      0.002109      0.002109      0.004218
      0.445445      0.006548      0.006548      0.013096
      0.455455      0.018766      0.018766      0.037533
      0.465465      0.049643      0.049643      0.099286
      0.475475      0.121205      0.121205      0.242410
      0.485485      0.273130      0.273130      0.546260
      0.495495      0.568075      0.568075      1.136151
      0.505506      1.090509      1.090509      2.181018
      0.515516      1.932144      1.932144      3.864288
      0.525526      3.159632      3.159632      6.319264
      0.535536      4.768925      4.768925      9.537849
      0.545546      6.643413      6.643413     13.286827
      0.555556      8.541793      8.541793     17.083587
      0.565566     10.136643     10.136643     20.273286
      0.575576     11.102681     11.102681     22.205363
      0.585586     11.224191     11.224191     22.448382
      0.595596     10.473552     10.473552     20.947105
      0.605606      9.022223      9.022223     18.044446
      0.615616      7.179142      7.179142     14.358283
      0.625626      5.288600      5.288600     10.577200
      0.635636      3.636730      3.636730      7.273460
      0.645646      2.404036      2.404036      4.808072
      0.655656      1.671664      1.671664      3.343327
      0.665666      1.460999      1.460999      2.921998
      0.675676      1.773948      1.773948      3.547896
      0.685686      2.607194      2.607194      5.214388
      0.695696      3.931807      3.931807      7.863615
      0.705706      5.651207      5.651207     11.302413
      0.715716      7.566949      7.566949     15.133898
      0.725726      9.384719      9.384719     18.769438
      0.735736     10.776936     10.776936     21.553872
      0.745746     11.487865     11.487865     22.975729
      0.755756     11.437672     11.437672     22.875345
      0.765766     10.772823     10.772823     21.545646
      0.775776      9.830306      9.830306     19.660613
      0.785786      9.022691      9.022691     18.045382
      0.795796      8.687980      8.687980     17.375959
      0.805806      8.964084      8.964084     17.928168
      0.815816      9.737313      9.737313     19.474625
      0.825826     10.684840     10.684840     21.369681
      0.835836     11.394700     11.394700     22.789399
      0.845846     11.516134     11.516134     23.032267
      0.855856     10.880349     10.880349     21.760698
      0.865866      9.544814      9.544814     19.089629
      0.875876      7.749665      7.749665     15.499330
      0.885886      5.814854      5.814854     11.629708
      0.895896      4.029355      4.029355      8.058710
      0.905906      2.577726      2.577726      5.155452
      0.915916      1.522259      1.522259      3.044519
      0.925926      0.829905      0.829905      1.659811
      0.935936      0.418136      0.418136      0.836273
      0.945946      0.196216      0.196216      0.392432
      0.955956      0.090426      0.090426      0.180851
      0.965966      0.053763      0.053763      0.107527
      0.975976      0.066831      0.066831      0.133661
      0.985986      0.136813      0.136813      0.273626
      0.995996      0.298023      0.298023      0.596045
      1.006006      0.612768      0.612768      1.225537
      1.016016      1.167099      1.167099      2.334197
      1.026026      2.054315      2.054315      4.108630
      1.036036      3.342511      3.342511      6.685023
      1.046046      5.032057      5.032057     10.064115
      1.056056      7.021445      7.021445     14.042890
      1.066066      9.106488      9.106488     18.212976
      1.076076     11.028746     11.028746     22.057491
      1.086086     12.563115     12.563115     25.126230
      1.096096     13.605289     13.605289     27.210578
      1.106106     14.209582     14.209582     28.419164
      1.116116     14.550455     14.550455     29.100909
      1.126126     14.826841     14.826841     29.653681
      1.136136     15.165836     15.165836     30.331671
      1.146146     15.581893     15.581893     31.163785
      1.156156     16.007494     16.007494     32.014988
      1.166166     16.361538     16.361538     32.723077
      1.176176     16.601225     16.601225     33.202450
      1.186186     16.726563     16.726563     33.453127
      1.196196     16.751026     16.751026     33.502052
      1.206206     16.677463     16.677463     33.354926
      1.216216     16.504102     16.504102     33.008204
      1.226226     16.247905     16.247905     32.495810
      1.236236     15.949830     15.949830     31.899659
      1.246246     15.641944     15.641944     31.283889
      1.256256     15.296038     15.296038     30.592075
      1.266266     14.799624     14.799624     29.599247
      1.276276     13.991813     13.991813     27.983627
      1.286286     12.747881     12.747881     25.495763
      1.296296     11.063802     11.063802     22.127604
      1.306306      9.090914      9.090914     18.181829
      1.316316      7.105190      7.105190     14.210380
      1.326326      5.436361      5.436361     10.872722
      1.336336      4.398628      4.398628      8.797256
      1.346346      4.248657      4.248657      8.497315
      1.356356      5.165772      5.165772     10.331543
      1.366366      7.230258      7.230258     14.460515
      1.376376     10.383609     10.383609     20.767218
      1.386386     14.382394     14.382394     28.764788
      1.396396     18.782291     18.782291     37.564582
      1.406406     22.987838     22.987838     45.975676
      1.416416     26.371871     26.371871     52.743743
      1.426426     28.425869     28.425869     56.851738
      1.436436     28.879609     28.879609     57.759219
      1.446446     27.743653     27.743653     55.487305
      1.456456     25.270242     25.270242     50.540485
      1.466466     21.866281     21.866281     43.732562
      1.476476     18.001766     18.001766     36.003532
      1.486486     14.139975     14.139975     28.279950
      1.496496     10.692491     10.692491     21.384981
      1.506507      7.990651      7.990651     15.981303
      1.516517      6.266290      6.266290     12.532580
      1.526527      5.639060      5.639060     11.278120
      1.536537      6.109300      6.109300     12.218600
      1.546547      7.556642      7.556642     15.113284
      1.556557      9.748801      9.748801     19.497603
      1.566567     12.368961     12.368961     24.737922
      1.576577     15.066981     15.066981     30.133962
      1.586587     17.528018     17.528018     35.056035
      1.596597     19.539998     19.539998     39.079996
      1.606607     21.038508     21.038508     42.077015
      1.616617     22.115446     22.115446     44.230891
      1.626627     22.988813     22.988813     45.977627
      1.636637     23.938454     23.938454     47.876909
      1.646647     25.218007     25.218007     50.436013
      1.656657     26.962407     26.962407     53.924815
      1.666667     29.121993     29.121993     58.243986
      1.676677     31.457288     31.457288     62.914576
      1.686687     33.611111     33.611111     67.222222
      1.696697     35.237732     35.237732     70.475464
      1.706707     36.131254     36.131254     72.262509
      1.716717     36.284236     36.284236     72.568471
      1.726727     35.839241     35.839241     71.678482
      1.736737     34.959784     34.959784     69.919569
      1.746747     33.704200     33.704200     67.408401
      1.756757     31.992763     31.992763     63.985526
      1.766767     29.701266     29.701266     59.402533
      1.776777     26.827455     26.827455     53.654910
      1.786787     23.620759     23.620759     47.241518
      1.796797     20.581249     20.581249     41.162498
      1.806807     18.309422     18.309422     36.618844
      1.816817     17.273147     17.273147     34.546293
      1.826827     17.601790     17.601790     35.203579
      1.836837     19.003312     19.003312     38.006625
      1.846847     20.844297     20.844297     41.688595
      1.856857     22.364667     22.364667     44.729333
      1.866867     22.944144     22.944144     45.888288
      1.876877     22.315091     22.315091     44.630182
      1.886887     20.636471     20.636471     41.272942
      1.896897     18.401758     18.401758     36.803517
      1.906907     16.225868     16.225868     32.451736
      1.916917     14.608379     14.608379     29.216758
      1.926927     13.776644     13.776644     27.553288
      1.936937     13.670066     13.670066     27.340132
      1.946947     14.056968     14.056968     28.113936
      1.956957     14.711278     14.711278     29.422556
      1.966967     15.548474     15.548474     31.096948
      1.976977     16.644282     16.644282     33.288563
      1.986987     18.126721     18.126721     36.253442
      1.996997     20.008932     20.008932     40.017864
      2.007007     22.072162     22.072162     44.144324
      2.017017     23.885270     23.885270     47.770539
      2.027027     24.966568     24.966568     49.933136
      2.037037     25.002778     25.002778     50.005555
      2.047047     23.997834     23.997834     47.995668
      2.057057     22.262359     22.262359     44.524718
      2.067067     20.250499     20.250499     40.500999
      2.077077     18.342004     18.342004     36.684008
      2.087087     16.694608     16.694608     33.389217
      2.097097     15.241029     15.241029     30.482058
      2.107107     13.814479     13.814479     27.628958
      2.117117     12.316808     12.316808     24.633616
      2.127127     10.832917     10.832917     21.665834
      2.137137      9.639200      9.639200     19.278401
      2.147147      9.115311      9.115311     18.230621
      2.157157      9.609386      9.609386     19.218772
      2.167167     11.312527     11.312527     22.625054
      2.177177     14.179540     14.179540     28.359080
      2.187187     17.909653     17.909653     35.819306
      2.197197     21.985312     21.985312     43.970623
      2.207207     25.759663     25.759663     51.519326
      2.217217     28.578244     28.578244     57.156488
      2.227227     29.913608     29.913608     59.827215
      2.237237     29.483672     29.483672     58.967345
      2.247247     27.320612     27.320612     54.641224
      2.257257     23.764148     23.764148     47.528296
      2.267267     19.374663     19.374663     38.749327
      2.277277     14.791802     14.791802     29.583605
      2.287287     10.588100     10.588100     21.176201
      2.297297      7.169548      7.169548     14.339096
      2.307307      4.752528      4.752528      9.505056
      2.317317      3.411257      3.411257      6.822515
      2.327327      3.160519      3.160519      6.321039
      2.337337      4.028062      4.028062      8.056124
      2.347347      6.080494      6.080494     12.160988
      2.357357      9.388362      9.388362     18.776724
      2.367367     13.941227     13.941227     27.882455
      2.377377     19.545125     19.545125     39.090250
      2.387387     25.747713     25.747713     51.495427
      2.397397     31.835650     31.835650     63.671300
      2.407407     36.930436     36.930436     73.860871
      2.417417     40.174048     40.174048     80.348095
      2.427427     40.954140     40.954140     81.908279
      2.437437     39.089322     39.089322     78.178644
      2.447447     34.897849     34.897849     69.795699
      2.457457     29.114678     29.114678     58.229356
      2.467467     22.686006     22.686006     45.372012
      2.477477     16.523546     16.523546     33.047092
      2.487487     11.312892     11.312892     22.625783
      2.497497      7.435897      7.435897     14.871793
      2.507508      5.008331      5.008331     10.016662
      2.517518      3.984744      3.984744      7.969488
      2.527528      4.265107      4.265107      8.530213
      2.537538      5.753628      5.753628     11.507257
      2.547548      8.354150      8.354150     16.708300
      2.557558     11.919995     11.919995     23.839989
      2.567568     16.195884     16.195884     32.391767
      2.577578     20.790842     20.790842     41.581684
      2.587588     25.206421     25.206421     50.412842
      2.597598     28.921105     28.921105     57.842210
      2.607608     31.507810     31.507810     63.015619
      2.617618     32.744717     32.744717     65.489433
      2.627628     32.677063     32.677063     65.354126
      2.637638     31.603028     31.603028     63.206057
      2.647648     29.987627     29.987627     59.975254
      2.657658     28.340760     28.340760     56.681521
      2.667668     27.109835     27.109835     54.219670
      2.677678     26.622607     26.622607     53.245215
      2.687688     27.081373     27.081373     54.162746
      2.697698     28.579412     28.579412     57.158823
      2.707708     31.104722     31.104722     62.209444
      2.717718     34.515488     34.515488     69.030975
      2.727728     38.501164     38.501164     77.002328
      2.737738     42.564867     42.564867     85.129735
      2.747748     46.066000     46.066000     92.131999
      2.757758     48.342538     48.342538     96.685077
      2.767768     48.892878     48.892878     97.785756
      2.777778     47.552655     47.552655     95.105309
      2.787788     44.580509     44.580509     89.161018
      2.797798     40.592624     40.592624     81.185247
      2.807808     36.355829     36.355829     72.711657
      2.817818     32.524917     32.524917     65.049834
      2.827828     29.442480     29.442480     58.884960
      2.837838     27.086522     27.086522     54.173043
      2.847848     25.174051     25.174051     50.348102
      2.857858     23.355304     23.355304     46.710607
      2.867868     21.401401     21.401401     42.802802
      2.877878     19.305358     19.305358     38.610716
      2.887888     17.264331     17.264331     34.528662
      2.897898     15.564885     15.564885     31.129769
      2.907908     14.432908     14.432908     28.865815
      2.917918     13.922455     13.922455     27.844911
      2.927928     13.897170     13.897170     27.794339
      2.937938     14.110071     14.110071     28.220141
      2.947948     14.334481     14.334481     28.668963
      2.957958     14.470789     14.470789     28.941578
      2.967968     14.570063     14.570063     29.140126
      2.977978     14.768063     14.768063     29.536126
      2.987988     15.177913     15.177913     30.355826
      2.997998     15.809657     15.809657     31.619314
      3.008008     16.558087     16.558087     33.116174
      3.018018     17.249655     17.249655     34.499310
      3.028028     17.704547     17.704547     35.409095
      3.038038     17.774824     17.774824     35.549649
      3.048048     17.352959     17.352959     34.705918
      3.058058     16.373427     16.373427     32.746854
      3.068068     14.828624     14.828624     29.657249
      3.078078     12.794978     12.794978     25.589957
      3.088088     10.443642     10.443642     20.887283
      3.098098      8.014255      8.014255     16.028510
      3.108108      5.755964      5.755964     11.511928
      3.118118      3.864056      3.864056      7.728112
      3.128128      2.443979      2.443979      4.887959
      3.138138      1.517121      1.517121      3.034242
      3.148148      1.059686      1.059686      2.119371
      3.158158      1.052017      1.052017      2.104033
      3.168168      1.514811      1.514811      3.029623
      3.178178      2.516116      2.516116      5.032231
      3.188188      4.143142      4.143142      8.286284
      3.198198      6.444218      6.444218     12.888436
      3.208208      9.358681      9.358681     18.717362
      3.218218     12.663437     12.663437     25.326874
      3.228228     15.967131     15.967131     31.934261
      3.238238     18.770051     18.770051     37.540102
      3.248248     20.581353     20.581353     41.162706
      3.258258     21.056313     21.056313     42.112626
      3.268268     20.101289     20.101289     40.202578
      3.278278     17.903184     17.903184     35.806368
      3.288288     14.870928     14.870928     29.741856
      3.298298     11.513527     11.513527     23.027055
      3.308308      8.303741      8.303741     16.607483
      3.318318      5.576864      5.576864     11.153728
      3.328328      3.492638      3.492638      6.985275
      3.338338      2.058677      2.058677      4.117355
      3.348348      1.191607      1.191607      2.383214
      3.358358      0.785569      0.785569      1.571138
      3.368368      0.764456      0.764456      1.528913
      3.378378      1.105599      1.105599      2.211198
      3.388388      1.831922      1.831922      3.663844
      3.398398      2.976022      2.976022      5.952044
      3.408408      4.526668      4.526668      9.053337
      3.418418      6.377723      6.377723     12.755446
      3.428428      8.306695      8.306695     16.613391
      3.438438     10.006085     10.006085     20.012170
      3.448448     11.169911     11.169911     22.339821
      3.458458     11.607207     11.607207     23.214414
      3.468468     11.331743     11.331743     22.663486
      3.478478     10.580098     10.580098     21.160196
      3.488488      9.740863      9.740863     19.481725
      3.498498      9.220162      9.220162     18.440323
      3.508509      9.299484      9.299484     18.598968
      3.518519     10.045355     10.045355     20.090710
      3.528529     11.306304     11.306304     22.612608
      3.538539     12.792785     12.792785     25.585569
      3.548549     14.197887     14.197887     28.395773
      3.558559     15.298866     15.298866     30.597733
      3.568569     15.993153     15.993153     31.986305
      3.578579     16.263150     16.263150     32.526299
      3.588589     16.108296     16.108296     32.216591
      3.598599     15.500348     15.500348     31.000697
      3.608609     14.395271     14.395271     28.790543
      3.618619     12.789215     12.789215     25.578431
      3.628629     10.772202     10.772202     21.544403
      3.638639      8.536111      8.536111     17.072221
      3.648649      6.327996      6.327996     12.655992
      3.658659      4.376898      4.376898      8.753796
      3.668669      2.835752      2.835752      5.671504
      3.678679      1.765168      1.765168      3.530337
      3.688689      1.158416      1.158416      2.316832
      3.698699      0.986149      0.986149      1.972299
      3.708709      1.234059      1.234059      2.468118
      3.718719      1.913835      1.913835      3.827671
      3.728729      3.040997      3.040997      6.081994
      3.738739      4.587855      4.587855      9.175711
      3.748749      6.433615      6.433615     12.867229
      3.758759      8.341318      8.341318     16.682635
      3.768769      9.985790      9.985790     19.971580
      3.778779     11.034712     11.034712     22.069424
      3.788789     11.254781     11.254781     22.509563
      3.798799     10.595039     10.595039     21.190077
      3.808809      9.205672      9.205672     18.411345
      3.818819      7.382365      7.382365     14.764731
      3.828829      5.464151      5.464151     10.928302
      3.838839      3.732832      3.732832      7.465665
      3.848849      2.353708      2.353708      4.707416
      3.858859      1.370025      1.370025      2.740051
      3.868869      0.736852      0.736852      1.473703
      3.878879      0.368458      0.368458      0.736916
      3.888889      0.178041      0.178041      0.356081
      3.898899      0.101231      0.101231      0.202462
      3.908909      0.105724      0.105724      0.211447
      3.918919      0.193741      0.193741      0.387483
      3.928929      0.402282      0.402282      0.804564
      3.938939      0.801109      0.801109      1.602219
      3.948949      1.483751      1.483751      2.967502
      3.958959      2.545695      2.545695      5.091389
      3.968969      4.049060      4.049060      8.098120
      3.978979      5.983610      5.983610     11.967220
      3.988989      8.244288      8.244288     16.488575
      3.998999     10.645842     10.645842     21.291684
      4.009009     12.979346     12.979346     25.958692
      4.019019     15.088881     15.088881     30.177763
      4.029029     16.927181     16.927181     33.854362
      4.039039     18.554747     18.554747     37.109494
      4.049049     20.079486     20.079486     40.158972
      4.059059     21.572633     21.572633     43.145267
      4.069069     23.013083     23.013083     46.026167
      4.079079     24.293110     24.293110     48.586220
      4.089089     25.277767     25.277767     50.555534
      4.099099     25.877317     25.877317     51.754634
      4.109109     26.088266     26.088266     52.176532
      4.119119     25.982811     25.982811     51.965623
      4.129129     25.659248     25.659248     51.318495
      4.139139     25.186155     25.186155     50.372311
      4.149149     24.572172     24.572172     49.144344
      4.159159     23.776252     23.776252     47.552505
      4.169169     22.752185     22.752185     45.504370
      4.179179     21.504877     21.504877     43.009754
      4.189189     20.128856     20.128856     40.257713
      4.199199     18.804400     18.804400     37.608799
      4.209209     17.745048     17.745048     35.490096
      4.219219     17.116996     17.116996     34.233993
      4.229229     16.970704     16.970704     33.941408
      4.239239     17.221623     17.221623     34.443246
      4.249249     17.688429     17.688429     35.376859
      4.259259     18.163167     18.163167     36.326335
      4.269269     18.474449     18.474449     36.948897
      4.279279     18.520620     18.520620     37.041240
      4.289289     18.276709     18.276709     36.553418
      4.299299     17.790789     17.790789     35.581579
      4.309309     17.174844     17.174844     34.349687
      4.319319     16.580562     16.580562     33.161123
      4.329329     16.154533     16.154533     32.309066
      4.339339     15.989963     15.989963     31.979927
      4.349349     16.108260     16.108260     32.216520
      4.359359     16.489269     16.489269     32.978538
      4.369369     17.128390     17.128390     34.256779
      4.379379     18.066705     18.066705     36.133409
      4.389389     19.350748     19.350748     38.701497
      4.399399     20.932043     20.932043     41.864087
      4.409409     22.574315     22.574315     45.148630
      4.419419     23.849923     23.849923     47.699847
      4.429429     24.258763     24.258763     48.517525
      4.439439     23.422879     23.422879     46.845758
      4.449449     21.255106     21.255106     42.510212
      4.459459     18.010009     18.010009     36.020018
      4.469469     14.193013     14.193013     28.386026
      4.479479     10.381497     10.381497     20.762995
      4.489489      7.050104      7.050104     14.100208
      4.499499      4.474586      4.474586      8.949172
      4.509510      2.736099      2.736099      5.472198
      4.519520      1.798297      1.798297      3.596594
      4.529530      1.607017      1.607017      3.214033
      4.539540      2.166779      2.166779      4.333559
      4.549550      3.565541      3.565541      7.131082
      4.559560      5.937509      5.937509     11.875017
      4.569570      9.371970      9.371970     18.743941
      4.579580     13.797042     13.797042     27.594083
      4.589590     18.887734     18.887734     37.775469
      4.599600     24.054340     24.054340     48.108679
      4.609610     28.545279     28.545279     57.090559
      4.619620     31.648622     31.648622     63.297244
      4.629630     32.920921     32.920921     65.841843
      4.639640     32.344840     32.344840     64.689680
      4.649650     30.339950     30.339950     60.679899
      4.659660     27.616137     27.616137     55.232275
      4.669670     24.931554     24.931554     49.863108
      4.679680     22.857532     22.857532     45.715065
      4.689690     21.641440     21.641440     43.282879
      4.699700     21.205343     21.205343     42.410686
      4.709710     21.255714     21.255714     42.511427
      4.719720     21.440003     21.440003     42.880006
      4.729730     21.483625     21.483625     42.967250
      4.739740     21.266005     21.266005     42.532009
      4.749750     20.826040     20.826040     41.652080
      4.759760     20.311127     20.311127     40.622254
      4.769770     19.897690     19.897690     39.795380
      4.779780     19.717141     19.717141     39.434282
      4.789790     19.817170     19.817170     39.634339
      4.799800     20.171095     20.171095     40.342191
      4.809810     20.723040     20.723040     41.446080
      4.819820     21.438444     21.438444     42.876888
      4.829830     22.329402     22.329402     44.658804
      4.839840     23.440201     23.440201     46.880401
      4.849850     24.798907     24.798907     49.597813
      4.859860     26.356973     26.356973     52.713946
      4.869870     27.948170     27.948170     55.896339
      4.879880     29.296941     29.296941     58.593882
      4.889890     30.087654     30.087654     60.175308
      4.899900     30.071407     30.071407     60.142814
      4.909910     29.156543     29.156543     58.313086
      4.919920     27.430924     27.430924     54.861848
      4.929930     25.105572     25.105572     50.211144
      4.939940     22.422137     22.422137     44.844274
      4.949950     19.587814     19.587814     39.175628
      4.959960     16.772818     16.772818     33.545636
      4.969970     14.151625     14.151625     28.303250
      4.979980     11.934352     11.934352     23.868705
      4.989990     10.344412     10.344412     20.688823
      5.000000      9.541386      9.541386     19.082772
