# EIG2DOS: Utility for SIESTA to obtain the electronic density of states
#  E. Artacho, Apr 1999, A. Garcia, Apr 2012
#  Nick R. Papior, Feb 2017
# ------------------------------------------
# Eigenvalues calculated from a non-polarized calculation
# Eigenvalues read from siesta.EIG
# Kpoint weights read from siesta.KP
# Using smearing parameter:   0.0500
# Using 1000 points in the energy range
# Selected bands: 1 to: 2981
# Emin, Emax in file for selected band(s):    -27.2479564    218.3795140
# Nbands, Nspin, Nk   =   2981     1     1
# E_F                 =    -4.2170 eV --> (shifted to ZERO)
# Broadening          =     0.0500 eV
#
#        E            N(up)  (=)   N(down)         Ntot
     -5.000000     32.892664     32.892664     65.785327
     -4.989990     37.775526     37.775526     75.551052
     -4.979980     42.180916     42.180916     84.361833
     -4.969970     45.343820     45.343820     90.687640
     -4.959960     46.674352     46.674352     93.348704
     -4.949950     45.954724     45.954724     91.909449
     -4.939940     43.416219     43.416219     86.832437
     -4.929930     39.682436     39.682436     79.364872
     -4.919920     35.624146     35.624146     71.248292
     -4.909910     32.188168     32.188168     64.376336
     -4.899900     30.236262     30.236262     60.472524
     -4.889890     30.393628     30.393628     60.787256
     -4.879880     32.899877     32.899877     65.799754
     -4.869870     37.487632     37.487632     74.975263
     -4.859860     43.353759     43.353759     86.707519
     -4.849850     49.288711     49.288711     98.577421
     -4.839840     53.970464     53.970464    107.940929
     -4.829830     56.339479     56.339479    112.678958
     -4.819820     55.909332     55.909332    111.818663
     -4.809810     52.881328     52.881328    105.762657
     -4.799800     48.019023     48.019023     96.038045
     -4.789790     42.350039     42.350039     84.700078
     -4.779780     36.833119     36.833119     73.666237
     -4.769770     32.122188     32.122188     64.244376
     -4.759760     28.490695     28.490695     56.981391
     -4.749750     25.896855     25.896855     51.793709
     -4.739740     24.119595     24.119595     48.239190
     -4.729730     22.891462     22.891462     45.782924
     -4.719720     21.984118     21.984118     43.968235
     -4.709710     21.239693     21.239693     42.479387
     -4.699700     20.568605     20.568605     41.137211
     -4.689690     19.943120     19.943120     39.886241
     -4.679680     19.405284     19.405284     38.810569
     -4.669670     19.085833     19.085833     38.171667
     -4.659660     19.212926     19.212926     38.425852
     -4.649650     20.089179     20.089179     40.178357
     -4.639640     22.030978     22.030978     44.061955
     -4.629630     25.280432     25.280432     50.560865
     -4.619620     29.906518     29.906518     59.813035
     -4.609610     35.713599     35.713599     71.427198
     -4.599600     42.185739     42.185739     84.371477
     -4.589590     48.510951     48.510951     97.021902
     -4.579580     53.725672     53.725672    107.451343
     -4.569570     56.973886     56.973886    113.947773
     -4.559560     57.801289     57.801289    115.602577
     -4.549550     56.353128     56.353128    112.706256
     -4.539540     53.363365     53.363365    106.726729
     -4.529530     49.914004     49.914004     99.828009
     -4.519520     47.056093     47.056093     94.112187
     -4.509510     45.451405     45.451405     90.902811
     -4.499499     45.180423     45.180423     90.360847
     -4.489489     45.780896     45.780896     91.561792
     -4.479479     46.478595     46.478595     92.957189
     -4.469469     46.497833     46.497833     92.995666
     -4.459459     45.322923     45.322923     90.645846
     -4.449449     42.822437     42.822437     85.644874
     -4.439439     39.220362     39.220362     78.440724
     -4.429429     34.965244     34.965244     69.930488
     -4.419419     30.579017     30.579017     61.158033
     -4.409409     26.550488     26.550488     53.100976
     -4.399399     23.290015     23.290015     46.580030
     -4.389389     21.116017     21.116017     42.232033
     -4.379379     20.231860     20.231860     40.463721
     -4.369369     20.679084     20.679084     41.358167
     -4.359359     22.294754     22.294754     44.589508
     -4.349349     24.720540     24.720540     49.441081
     -4.339339     27.490054     27.490054     54.980107
     -4.329329     30.173192     30.173192     60.346385
     -4.319319     32.516113     32.516113     65.032225
     -4.309309     34.510512     34.510512     69.021024
     -4.299299     36.357436     36.357436     72.714872
     -4.289289     38.337486     38.337486     76.674971
     -4.279279     40.636980     40.636980     81.273961
     -4.269269     43.197012     43.197012     86.394023
     -4.259259     45.649635     45.649635     91.299270
     -4.249249     47.383421     47.383421     94.766843
     -4.239239     47.737127     47.737127     95.474254
     -4.229229     46.261680     46.261680     92.523361
     -4.219219     42.942512     42.942512     85.885023
     -4.209209     38.271818     38.271818     76.543636
     -4.199199     33.119943     33.119943     66.239886
     -4.189189     28.451994     28.451994     56.903988
     -4.179179     25.014690     25.014690     50.029381
     -4.169169     23.131400     23.131400     46.262800
     -4.159159     22.684545     22.684545     45.369090
     -4.149149     23.271173     23.271173     46.542346
     -4.139139     24.440828     24.440828     48.881655
     -4.129129     25.897898     25.897898     51.795796
     -4.119119     27.577002     27.577002     55.154004
     -4.109109     29.563119     29.563119     59.126239
     -4.099099     31.903641     31.903641     63.807283
     -4.089089     34.418671     34.418671     68.837342
     -4.079079     36.628742     36.628742     73.257483
     -4.069069     37.867603     37.867603     75.735206
     -4.059059     37.547522     37.547522     75.095044
     -4.049049     35.449453     35.449453     70.898906
     -4.039039     31.883314     31.883314     63.766629
     -4.029029     27.628610     27.628610     55.257221
     -4.019019     23.684431     23.684431     47.368863
     -4.009009     20.954671     20.954671     41.909343
     -3.998999     20.011675     20.011675     40.023351
     -3.988989     21.019003     21.019003     42.038006
     -3.978979     23.801332     23.801332     47.602664
     -3.968969     27.986055     27.986055     55.972111
     -3.958959     33.136179     33.136179     66.272357
     -3.948949     38.834427     38.834427     77.668855
     -3.938939     44.724655     44.724655     89.449310
     -3.928929     50.534309     50.534309    101.068617
     -3.918919     56.085712     56.085712    112.171424
     -3.908909     61.279162     61.279162    122.558324
     -3.898899     66.028882     66.028882    132.057763
     -3.888889     70.162879     70.162879    140.325758
     -3.878879     73.337566     73.337566    146.675132
     -3.868869     75.032460     75.032460    150.064919
     -3.858859     74.660914     74.660914    149.321829
     -3.848849     71.772917     71.772917    143.545833
     -3.838839     66.270767     66.270767    132.541535
     -3.828829     58.540988     58.540988    117.081976
     -3.818819     49.436252     49.436252     98.872503
     -3.808809     40.103032     40.103032     80.206064
     -3.798799     31.712290     31.712290     63.424581
     -3.788789     25.183853     25.183853     50.367707
     -3.778779     20.989700     20.989700     41.979399
     -3.768769     19.086538     19.086538     38.173077
     -3.758759     18.983571     18.983571     37.967142
     -3.748749     19.914822     19.914822     39.829644
     -3.738739     21.064853     21.064853     42.129707
     -3.728729     21.791139     21.791139     43.582278
     -3.718719     21.791335     21.791335     43.582669
     -3.708709     21.175724     21.175724     42.351448
     -3.698699     20.423312     20.423312     40.846623
     -3.688689     20.224996     20.224996     40.449991
     -3.678679     21.248136     21.248136     42.496273
     -3.668669     23.887712     23.887712     47.775424
     -3.658659     28.087261     28.087261     56.174522
     -3.648649     33.302371     33.302371     66.604742
     -3.638639     38.633371     38.633371     77.266741
     -3.628629     43.085213     43.085213     86.170427
     -3.618619     45.854949     45.854949     91.709897
     -3.608609     46.535916     46.535916     93.071832
     -3.598599     45.172746     45.172746     90.345492
     -3.588589     42.174622     42.174622     84.349243
     -3.578579     38.149761     38.149761     76.299521
     -3.568569     33.733080     33.733080     67.466161
     -3.558559     29.451270     29.451270     58.902540
     -3.548549     25.638502     25.638502     51.277003
     -3.538539     22.404870     22.404870     44.809741
     -3.528529     19.662277     19.662277     39.324554
     -3.518519     17.207325     17.207325     34.414650
     -3.508509     14.839100     14.839100     29.678200
     -3.498498     12.466907     12.466907     24.933815
     -3.488488     10.162066     10.162066     20.324131
     -3.478478      8.134431      8.134431     16.268863
     -3.468468      6.650505      6.650505     13.301009
     -3.458458      5.931688      5.931688     11.863377
     -3.448448      6.069817      6.069817     12.139635
     -3.438438      6.982845      6.982845     13.965689
     -3.428428      8.421155      8.421155     16.842310
     -3.418418     10.027569     10.027569     20.055138
     -3.408408     11.443608     11.443608     22.887215
     -3.398398     12.435757     12.435757     24.871515
     -3.388388     12.997022     12.997022     25.994045
     -3.378378     13.378316     13.378316     26.756632
     -3.368368     14.029681     14.029681     28.059363
     -3.358358     15.470547     15.470547     30.941093
     -3.348348     18.135472     18.135472     36.270944
     -3.338338     22.240134     22.240134     44.480267
     -3.328328     27.689567     27.689567     55.379133
     -3.318318     34.033154     34.033154     68.066308
     -3.308308     40.476611     40.476611     80.953223
     -3.298298     45.978673     45.978673     91.957346
     -3.288288     49.455449     49.455449     98.910898
     -3.278278     50.067394     50.067394    100.134789
     -3.268268     47.495077     47.495077     94.990153
     -3.258258     42.076874     42.076874     84.153749
     -3.248248     34.726380     34.726380     69.452761
     -3.238238     26.653317     26.653317     53.306634
     -3.228228     19.011315     19.011315     38.022630
     -3.218218     12.623303     12.623303     25.246607
     -3.208208      7.878641      7.878641     15.757282
     -3.198198      4.800906      4.800906      9.601812
     -3.188188      3.212280      3.212280      6.424561
     -3.178178      2.901790      2.901790      5.803579
     -3.168168      3.731657      3.731657      7.463315
     -3.158158      5.659510      5.659510     11.319020
     -3.148148      8.689996      8.689996     17.379991
     -3.138138     12.788830     12.788830     25.577661
     -3.128128     17.797295     17.797295     35.594590
     -3.118118     23.380033     23.380033     46.760066
     -3.108108     29.027261     29.027261     58.054522
     -3.098098     34.117339     34.117339     68.234678
     -3.088088     38.029590     38.029590     76.059181
     -3.078078     40.281271     40.281271     80.562542
     -3.068068     40.648399     40.648399     81.296798
     -3.058058     39.224604     39.224604     78.449208
     -3.048048     36.385828     36.385828     72.771655
     -3.038038     32.665464     32.665464     65.330928
     -3.028028     28.589982     28.589982     57.179964
     -3.018018     24.550215     24.550215     49.100430
     -3.008008     20.766219     20.766219     41.532439
     -2.997998     17.350428     17.350428     34.700856
     -2.987988     14.418805     14.418805     28.837610
     -2.977978     12.178300     12.178300     24.356599
     -2.967968     10.940350     10.940350     21.880701
     -2.957958     11.053725     11.053725     22.107451
     -2.947948     12.786386     12.786386     25.572771
     -2.937938     16.200951     16.200951     32.401902
     -2.927928     21.066450     21.066450     42.132901
     -2.917918     26.840283     26.840283     53.680567
     -2.907908     32.740618     32.740618     65.481235
     -2.897898     37.905803     37.905803     75.811605
     -2.887888     41.603819     41.603819     83.207639
     -2.877878     43.424019     43.424019     86.848039
     -2.867868     43.375748     43.375748     86.751495
     -2.857858     41.846858     41.846858     83.693715
     -2.847848     39.432909     39.432909     78.865819
     -2.837838     36.708173     36.708173     73.416346
     -2.827828     34.039202     34.039202     68.078404
     -2.817818     31.521070     31.521070     63.042140
     -2.807808     29.053372     29.053372     58.106744
     -2.797798     26.501189     26.501189     53.002377
     -2.787788     23.845482     23.845482     47.690964
     -2.777778     21.240599     21.240599     42.481198
     -2.767768     18.955219     18.955219     37.910438
     -2.757758     17.242426     17.242426     34.484853
     -2.747748     16.223822     16.223822     32.447645
     -2.737738     15.858777     15.858777     31.717553
     -2.727728     16.011771     16.011771     32.023541
     -2.717718     16.564904     16.564904     33.129807
     -2.707708     17.492209     17.492209     34.984418
     -2.697698     18.839738     18.839738     37.679476
     -2.687688     20.624393     20.624393     41.248785
     -2.677678     22.728242     22.728242     45.456484
     -2.667668     24.876256     24.876256     49.752511
     -2.657658     26.731474     26.731474     53.462949
     -2.647648     28.057657     28.057657     56.115315
     -2.637638     28.845799     28.845799     57.691598
     -2.627628     29.318915     29.318915     58.637830
     -2.617618     29.808236     29.808236     59.616472
     -2.607608     30.576531     30.576531     61.153062
     -2.597598     31.691197     31.691197     63.382394
     -2.587588     33.005708     33.005708     66.011417
     -2.577578     34.232594     34.232594     68.465187
     -2.567568     35.043969     35.043969     70.087939
     -2.557558     35.146707     35.146707     70.293414
     -2.547548     34.326424     34.326424     68.652847
     -2.537538     32.488361     32.488361     64.976722
     -2.527528     29.713422     29.713422     59.426845
     -2.517518     26.308281     26.308281     52.616562
     -2.507508     22.801050     22.801050     45.602099
     -2.497497     19.847769     19.847769     39.695538
     -2.487487     18.062607     18.062607     36.125214
     -2.477477     17.832409     17.832409     35.664817
     -2.467467     19.193207     19.193207     38.386414
     -2.457457     21.824216     21.824216     43.648432
     -2.447447     25.166745     25.166745     50.333490
     -2.437437     28.623170     28.623170     57.246340
     -2.427427     31.755500     31.755500     63.511000
     -2.417417     34.399336     34.399336     68.798671
     -2.407407     36.642034     36.642034     73.284069
     -2.397397     38.673716     38.673716     77.347433
     -2.387387     40.582016     40.582016     81.164032
     -2.377377     42.196314     42.196314     84.392628
     -2.367367     43.072631     43.072631     86.145262
     -2.357357     42.645859     42.645859     85.291717
     -2.347347     40.488830     40.488830     80.977659
     -2.337337     36.554740     36.554740     73.109479
     -2.327327     31.281037     31.281037     62.562075
     -2.317317     25.502660     25.502660     51.005319
     -2.307307     20.219010     20.219010     40.438021
     -2.297297     16.323201     16.323201     32.646402
     -2.287287     14.400172     14.400172     28.800344
     -2.277277     14.646066     14.646066     29.292132
     -2.267267     16.898070     16.898070     33.796139
     -2.257257     20.728340     20.728340     41.456680
     -2.247247     25.554610     25.554610     51.109219
     -2.237237     30.737869     30.737869     61.475738
     -2.227227     35.656002     35.656002     71.312003
     -2.217217     39.754236     39.754236     79.508472
     -2.207207     42.580458     42.580458     85.160916
     -2.197197     43.817487     43.817487     87.634974
     -2.187187     43.322085     43.322085     86.644169
     -2.177177     41.167529     41.167529     82.335057
     -2.167167     37.666637     37.666637     75.333274
     -2.157157     33.340314     33.340314     66.680627
     -2.147147     28.810229     28.810229     57.620457
     -2.137137     24.634713     24.634713     49.269427
     -2.127127     21.150970     21.150970     42.301941
     -2.117117     18.399548     18.399548     36.799096
     -2.107107     16.171468     16.171468     32.342935
     -2.097097     14.153024     14.153024     28.306048
     -2.087087     12.091165     12.091165     24.182329
     -2.077077      9.897949      9.897949     19.795898
     -2.067067      7.655704      7.655704     15.311409
     -2.057057      5.542655      5.542655     11.085311
     -2.047047      3.734413      3.734413      7.468826
     -2.037037      2.333697      2.333697      4.667394
     -2.027027      1.350958      1.350958      2.701916
     -2.017017      0.727062      0.727062      1.454125
     -2.007007      0.373965      0.373965      0.747929
     -1.996997      0.212418      0.212418      0.424836
     -1.986987      0.197951      0.197951      0.395902
     -1.976977      0.336726      0.336726      0.673451
     -1.966967      0.695657      0.695657      1.391314
     -1.956957      1.406594      1.406594      2.813188
     -1.946947      2.656625      2.656625      5.313250
     -1.936937      4.652192      4.652192      9.304383
     -1.926927      7.550089      7.550089     15.100178
     -1.916917     11.365870     11.365870     22.731739
     -1.906907     15.893070     15.893070     31.786141
     -1.896897     20.679505     20.679505     41.359010
     -1.886887     25.094345     25.094345     50.188690
     -1.876877     28.480856     28.480856     56.961711
     -1.866867     30.344076     30.344076     60.688151
     -1.856857     30.499227     30.499227     60.998454
     -1.846847     29.121224     29.121224     58.242448
     -1.836837     26.678601     26.678601     53.357202
     -1.826827     23.780591     23.780591     47.561181
     -1.816817     20.993110     20.993110     41.986219
     -1.806807     18.683986     18.683986     37.367973
     -1.796797     16.945573     16.945573     33.891147
     -1.786787     15.617997     15.617997     31.235995
     -1.776777     14.400957     14.400957     28.801914
     -1.766767     13.005947     13.005947     26.011894
     -1.756757     11.282876     11.282876     22.565751
     -1.746747      9.269764      9.269764     18.539528
     -1.736737      7.156064      7.156064     14.312127
     -1.726727      5.193771      5.193771     10.387541
     -1.716717      3.609432      3.609432      7.218863
     -1.706707      2.556098      2.556098      5.112195
     -1.696697      2.111301      2.111301      4.222601
     -1.686687      2.298450      2.298450      4.596899
     -1.676677      3.100656      3.100656      6.201311
     -1.666667      4.449410      4.449410      8.898819
     -1.656657      6.195283      6.195283     12.390566
     -1.646647      8.088540      8.088540     16.177080
     -1.636637      9.800935      9.800935     19.601869
     -1.626627     11.001453     11.001453     22.002906
     -1.616617     11.467034     11.467034     22.934068
     -1.606607     11.183429     11.183429     22.366858
     -1.596597     10.388825     10.388825     20.777651
     -1.586587      9.535949      9.535949     19.071898
     -1.576577      9.181839      9.181839     18.363677
     -1.566567      9.838330      9.838330     19.676660
     -1.556557     11.822385     11.822385     23.644770
     -1.546547     15.141045     15.141045     30.282090
     -1.536537     19.441360     19.441360     38.882721
     -1.526527     24.050452     24.050452     48.100904
     -1.516517     28.114093     28.114093     56.228186
     -1.506507     30.808626     30.808626     61.617252
     -1.496496     31.563656     31.563656     63.127312
     -1.486486     30.216983     30.216983     60.433966
     -1.476476     27.045062     27.045062     54.090124
     -1.466466     22.663693     22.663693     45.327386
     -1.456456     17.846312     17.846312     35.692625
     -1.446446     13.332827     13.332827     26.665654
     -1.436436      9.690433      9.690433     19.380865
     -1.426426      7.251432      7.251432     14.502864
     -1.416416      6.115493      6.115493     12.230986
     -1.406406      6.185303      6.185303     12.370607
     -1.396396      7.211005      7.211005     14.422010
     -1.386386      8.839125      8.839125     17.678249
     -1.376376     10.675986     10.675986     21.351973
     -1.366366     12.369586     12.369586     24.739171
     -1.356356     13.691331     13.691331     27.382662
     -1.346346     14.580967     14.580967     29.161934
     -1.336336     15.125924     15.125924     30.251848
     -1.326326     15.481592     15.481592     30.963185
     -1.316316     15.777130     15.777130     31.554259
     -1.306306     16.060592     16.060592     32.121183
     -1.296296     16.306822     16.306822     32.613644
     -1.286286     16.464546     16.464546     32.929092
     -1.276276     16.494122     16.494122     32.988244
     -1.266266     16.364806     16.364806     32.729613
     -1.256256     16.023517     16.023517     32.047034
     -1.246246     15.376842     15.376842     30.753684
     -1.236236     14.318098     14.318098     28.636196
     -1.226226     12.791288     12.791288     25.582576
     -1.216216     10.849504     10.849504     21.699008
     -1.206206      8.665575      8.665575     17.331150
     -1.196196      6.485648      6.485648     12.971297
     -1.186186      4.553979      4.553979      9.107958
     -1.176176      3.051578      3.051578      6.103156
     -1.166166      2.076185      2.076185      4.152369
     -1.156156      1.661488      1.661488      3.322976
     -1.146146      1.810694      1.810694      3.621388
     -1.136136      2.515171      2.515171      5.030342
     -1.126126      3.742124      3.742124      7.484249
     -1.116116      5.397339      5.397339     10.794678
     -1.106106      7.288912      7.288912     14.577823
     -1.096096      9.124930      9.124930     18.249861
     -1.086086     10.565669     10.565669     21.131337
     -1.076076     11.322161     11.322161     22.644321
     -1.066066     11.262856     11.262856     22.525712
     -1.056056     10.477932     10.477932     20.955863
     -1.046046      9.266685      9.266685     18.533371
     -1.036036      8.048547      8.048547     16.097095
     -1.026026      7.231321      7.231321     14.462641
     -1.016016      7.084066      7.084066     14.168133
     -1.006006      7.654950      7.654950     15.309901
     -0.995996      8.756714      8.756714     17.513429
     -0.985986     10.023466     10.023466     20.046931
     -0.975976     11.023779     11.023779     22.047559
     -0.965966     11.396226     11.396226     22.792452
     -0.955956     10.960610     10.960610     21.921220
     -0.945946      9.762871      9.762871     19.525741
     -0.935936      8.038147      8.038147     16.076294
     -0.925926      6.113414      6.113414     12.226829
     -0.915916      4.296750      4.296750      8.593499
     -0.905906      2.799699      2.799699      5.599399
     -0.895896      1.715567      1.715567      3.431134
     -0.885886      1.046946      1.046946      2.093893
     -0.875876      0.757267      0.757267      1.514535
     -0.865866      0.818850      0.818850      1.637700
     -0.855856      1.238258      1.238258      2.476517
     -0.845846      2.050646      2.050646      4.101292
     -0.835836      3.284805      3.284805      6.569610
     -0.825826      4.910976      4.910976      9.821952
     -0.815816      6.794053      6.794053     13.588105
     -0.805806      8.680233      8.680233     17.360465
     -0.795796     10.237140     10.237140     20.474279
     -0.785786     11.143611     11.143611     22.287221
     -0.775776     11.196007     11.196007     22.392015
     -0.765766     10.382176     10.382176     20.764353
     -0.755756      8.885928      8.885928     17.771857
     -0.745746      7.019637      7.019637     14.039275
     -0.735736      5.118761      5.118761     10.237523
     -0.725726      3.447086      3.447086      6.894172
     -0.715716      2.148521      2.148521      4.297043
     -0.705706      1.252689      1.252689      2.505378
     -0.695696      0.716938      0.716938      1.433877
     -0.685686      0.478705      0.478705      0.957411
     -0.675676      0.497647      0.497647      0.995293
     -0.665666      0.777310      0.777310      1.554621
     -0.655656      1.363345      1.363345      2.726691
     -0.645646      2.318426      2.318426      4.636852
     -0.635636      3.677675      3.677675      7.355350
     -0.625626      5.396307      5.396307     10.792614
     -0.615616      7.311455      7.311455     14.622911
     -0.605606      9.144046      9.144046     18.288093
     -0.595596     10.555242     10.555242     21.110484
     -0.585586     11.245701     11.245701     22.491402
     -0.575576     11.058394     11.058394     22.116788
     -0.565566     10.036552     10.036552     20.073103
     -0.555556      8.407441      8.407441     16.814883
     -0.545546      6.500249      6.500249     13.000499
     -0.535536      4.638559      4.638559      9.277117
     -0.525526      3.055082      3.055082      6.110165
     -0.515516      1.857161      1.857161      3.714323
     -0.505506      1.041989      1.041989      2.083978
     -0.495495      0.539590      0.539590      1.079179
     -0.485485      0.257900      0.257900      0.515800
     -0.475475      0.113769      0.113769      0.227539
     -0.465465      0.046322      0.046322      0.092644
     -0.455455      0.017407      0.017407      0.034815
     -0.445445      0.006038      0.006038      0.012076
     -0.435435      0.001933      0.001933      0.003867
     -0.425425      0.000574      0.000574      0.001148
     -0.415415      0.000169      0.000169      0.000339
     -0.405405      0.000096      0.000096      0.000193
     -0.395395      0.000232      0.000232      0.000464
     -0.385385      0.000801      0.000801      0.001602
     -0.375375      0.002647      0.002647      0.005294
     -0.365365      0.008091      0.008091      0.016183
     -0.355355      0.022831      0.022831      0.045662
     -0.345345      0.059458      0.059458      0.118915
     -0.335335      0.142915      0.142915      0.285831
     -0.325325      0.317058      0.317058      0.634115
     -0.315315      0.649208      0.649208      1.298417
     -0.305305      1.226922      1.226922      2.453843
     -0.295295      2.140112      2.140112      4.280223
     -0.285285      3.445426      3.445426      6.890852
     -0.275275      5.119602      5.119602     10.239204
     -0.265265      7.021281      7.021281     14.042562
     -0.255255      8.887577      8.887577     17.775154
     -0.245245     10.383344     10.383344     20.766688
     -0.235235     11.196388     11.196388     22.392776
     -0.225225     11.143087     11.143087     22.286173
     -0.215215     10.235756     10.235756     20.471512
     -0.205205      8.678031      8.678031     17.356061
     -0.195195      6.790618      6.790618     13.581236
     -0.185185      4.904382      4.904382      9.808763
     -0.175175      3.269234      3.269234      6.538469
     -0.165165      2.011383      2.011383      4.022765
     -0.155155      1.142169      1.142169      2.284337
     -0.145145      0.598622      0.598622      1.197244
     -0.135135      0.289575      0.289575      0.579151
     -0.125125      0.129288      0.129288      0.258576
     -0.115115      0.053277      0.053277      0.106554
     -0.105105      0.020263      0.020263      0.040527
     -0.095095      0.007113      0.007113      0.014226
     -0.085085      0.002305      0.002305      0.004609
     -0.075075      0.000689      0.000689      0.001378
     -0.065065      0.000190      0.000190      0.000380
     -0.055055      0.000048      0.000048      0.000097
     -0.045045      0.000011      0.000011      0.000023
     -0.035035      0.000002      0.000002      0.000005
     -0.025025      0.000000      0.000000      0.000001
     -0.015015      0.000000      0.000000      0.000000
     -0.005005      0.000000      0.000000      0.000000
      0.005005      0.000000      0.000000      0.000000
      0.015015      0.000000      0.000000      0.000000
      0.025025      0.000000      0.000000      0.000001
      0.035035      0.000002      0.000002      0.000005
      0.045045      0.000011      0.000011      0.000023
      0.055055      0.000048      0.000048      0.000097
      0.065065      0.000190      0.000190      0.000380
      0.075075      0.000689      0.000689      0.001378
      0.085085      0.002305      0.002305      0.004609
      0.095095      0.007113      0.007113      0.014226
      0.105105      0.020263      0.020263      0.040527
      0.115115      0.053277      0.053277      0.106554
      0.125125      0.129288      0.129288      0.258576
      0.135135      0.289576      0.289576      0.579151
      0.145145      0.598622      0.598622      1.197245
      0.155155      1.142169      1.142169      2.284339
      0.165165      2.011384      2.011384      4.022768
      0.175175      3.269236      3.269236      6.538472
      0.185185      4.904383      4.904383      9.808767
      0.195195      6.790620      6.790620     13.581239
      0.205205      8.678032      8.678032     17.356065
      0.215215     10.235757     10.235757     20.471514
      0.225225     11.143087     11.143087     22.286174
      0.235235     11.196388     11.196388     22.392776
      0.245245     10.383343     10.383343     20.766685
      0.255255      8.887575      8.887575     17.775151
      0.265265      7.021279      7.021279     14.042559
      0.275275      5.119600      5.119600     10.239201
      0.285285      3.445424      3.445424      6.890849
      0.295295      2.140111      2.140111      4.280221
      0.305305      1.226921      1.226921      2.453842
      0.315315      0.649208      0.649208      1.298416
      0.325325      0.317057      0.317057      0.634115
      0.335335      0.142915      0.142915      0.285831
      0.345345      0.059457      0.059457      0.118915
      0.355355      0.022831      0.022831      0.045662
      0.365365      0.008091      0.008091      0.016183
      0.375375      0.002647      0.002647      0.005294
      0.385385      0.000801      0.000801      0.001603
      0.395395      0.000233      0.000233      0.000466
      0.405405      0.000101      0.000101      0.000203
      0.415415      0.000187      0.000187      0.000375
      0.425425      0.000636      0.000636      0.001272
      0.435435      0.002129      0.002129      0.004257
      0.445445      0.006604      0.006604      0.013208
      0.455455      0.018916      0.018916      0.037831
      0.465465      0.050006      0.050006      0.100013
      0.475475      0.122015      0.122015      0.244031
      0.485485      0.274784      0.274784      0.549569
      0.495495      0.571158      0.571158      1.142316
      0.505506      1.095740      1.095740      2.191480
      0.515516      1.940195      1.940195      3.880390
      0.525526      3.170809      3.170809      6.341618
      0.535536      4.782794      4.782794      9.565589
      0.545546      6.658558      6.658558     13.317117
      0.555556      8.555899      8.555899     17.111799
      0.565566     10.147018     10.147018     20.294036
      0.575576     11.107075     11.107075     22.214150
      0.585586     11.221584     11.221584     22.443167
      0.595596     10.464520     10.464520     20.929040
      0.605606      9.008686      9.008686     18.017372
      0.615616      7.163588      7.163588     14.327176
      0.625626      5.273118      5.273118     10.546236
      0.635636      3.622194      3.622194      7.244388
      0.645646      2.389654      2.389654      4.779307
      0.655656      1.654934      1.654934      3.309868
      0.665666      1.438084      1.438084      2.876168
      0.675676      1.740531      1.740531      3.481062
      0.685686      2.559895      2.559895      5.119790
      0.695696      3.869999      3.869999      7.739999
      0.705706      5.578602      5.578602     11.157205
      0.715716      7.491969      7.491969     14.983938
      0.725726      9.318751      9.318751     18.637502
      0.735736     10.730430     10.730430     21.460859
      0.745746     11.465473     11.465473     22.930946
      0.755756     11.434589     11.434589     22.869178
      0.765766     10.774445     10.774445     21.548890
      0.775776      9.816182      9.816182     19.632364
      0.785786      8.973914      8.973914     17.947828
      0.795796      8.595551      8.595551     17.191102
      0.805806      8.834896      8.834896     17.669791
      0.815816      9.594796      9.594796     19.189592
      0.825826     10.563064     10.563064     21.126128
      0.835836     11.327465     11.327465     22.654930
      0.845846     11.525234     11.525234     23.050468
      0.855856     10.968043     10.968043     21.936086
      0.865866      9.693826      9.693826     19.387652
      0.875876      7.930348      7.930348     15.860697
      0.885886      5.995781      5.995781     11.991561
      0.895896      4.186453      4.186453      8.372905
      0.905906      2.698693      2.698693      5.397386
      0.915916      1.605879      1.605879      3.211758
      0.925926      0.882191      0.882191      1.764381
      0.935936      0.447888      0.447888      0.895775
      0.945946      0.211789      0.211789      0.423578
      0.955956      0.098275      0.098275      0.196549
      0.965966      0.058425      0.058425      0.116849
      0.975976      0.071717      0.071717      0.143434
      0.985986      0.145281      0.145281      0.290562
      0.995996      0.314328      0.314328      0.628655
      1.006006      0.642538      0.642538      1.285077
      1.016016      1.216904      1.216904      2.433808
      1.026026      2.129961      2.129961      4.259922
      1.036036      3.446133      3.446133      6.892265
      1.046046      5.158915      5.158915     10.317830
      1.056056      7.158137      7.158137     14.316274
      1.066066      9.232341      9.232341     18.464682
      1.076076     11.120981     11.120981     22.241962
      1.086086     12.604322     12.604322     25.208645
      1.096096     13.590022     13.590022     27.180043
      1.106106     14.146879     14.146879     28.293758
      1.116116     14.461059     14.461059     28.922119
      1.126126     14.736619     14.736619     29.473239
      1.136136     15.098528     15.098528     30.197057
      1.146146     15.553868     15.553868     31.107735
      1.156156     16.025296     16.025296     32.050593
      1.166166     16.421417     16.421417     32.842834
      1.176176     16.689708     16.689708     33.379416
      1.186186     16.822199     16.822199     33.644398
      1.196196     16.828200     16.828200     33.656400
      1.206206     16.712555     16.712555     33.425109
      1.216216     16.482453     16.482453     32.964907
      1.226226     16.168656     16.168656     32.337312
      1.236236     15.826104     15.826104     31.652208
      1.246246     15.496073     15.496073     30.992146
      1.256256     15.152044     15.152044     30.304089
      1.266266     14.676363     14.676363     29.352727
      1.276276     13.899319     13.899319     27.798638
      1.286286     12.687540     12.687540     25.375079
      1.296296     11.031253     11.031253     22.062506
      1.306306      9.079908      9.079908     18.159816
      1.316316      7.110980      7.110980     14.221960
      1.326326      5.457904      5.457904     10.915807
      1.336336      4.439327      4.439327      8.878654
      1.346346      4.315504      4.315504      8.631009
      1.356356      5.266725      5.266725     10.533451
      1.366366      7.370036      7.370036     14.740073
      1.376376     10.558889     10.558889     21.117778
      1.386386     14.578403     14.578403     29.156807
      1.396396     18.973099     18.973099     37.946199
      1.406406     23.141564     23.141564     46.283129
      1.416416     26.459659     26.459659     52.919318
      1.426426     28.431135     28.431135     56.862269
      1.436436     28.803388     28.803388     57.606776
      1.446446     27.603618     27.603618     55.207235
      1.456456     25.094163     25.094163     50.188327
      1.466466     21.683272     21.683272     43.366543
      1.476476     17.835152     17.835152     35.670304
      1.486486     14.004014     14.004014     28.008028
      1.496496     10.592870     10.592870     21.185741
      1.506507      7.927150      7.927150     15.854299
      1.516517      6.235703      6.235703     12.471407
      1.526527      5.637188      5.637188     11.274377
      1.536537      6.131675      6.131675     12.263350
      1.546547      7.598367      7.598367     15.196733
      1.556557      9.804141      9.804141     19.608281
      1.566567     12.431232     12.431232     24.862463
      1.576577     15.128997     15.128997     30.257993
      1.586587     17.583045     17.583045     35.166090
      1.596597     19.583047     19.583047     39.166094
      1.606607     21.067789     21.067789     42.135579
      1.616617     22.133734     22.133734     44.267467
      1.626627     23.004162     23.004162     46.008324
      1.636637     23.963436     23.963436     47.926872
      1.646647     25.266852     25.266852     50.533704
      1.656657     27.046450     27.046450     54.092901
      1.666667     29.245193     29.245193     58.490385
      1.676677     31.614294     31.614294     63.228587
      1.686687     33.789400     33.789400     67.578799
      1.696697     35.422895     35.422895     70.845789
      1.706707     36.312053     36.312053     72.624107
      1.716717     36.453670     36.453670     72.907340
      1.726727     35.990484     35.990484     71.980968
      1.736737     35.080052     35.080052     70.160103
      1.746747     33.772136     33.772136     67.544272
      1.756757     31.983296     31.983296     63.966592
      1.766767     29.596743     29.596743     59.193486
      1.776777     26.628872     26.628872     53.257745
      1.786787     23.352059     23.352059     46.704118
      1.796797     20.283597     20.283597     40.567193
      1.806807     18.028270     18.028270     36.056539
      1.816817     17.044524     17.044524     34.089047
      1.826827     17.443702     17.443702     34.887405
      1.836837     18.914655     18.914655     37.829310
      1.846847     20.810027     20.810027     41.620054
      1.856857     22.364089     22.364089     44.728179
      1.866867     22.959033     22.959033     45.918067
      1.876877     22.335156     22.335156     44.670312
      1.886887     20.660726     20.660726     41.321453
      1.896897     18.435631     18.435631     36.871261
      1.906907     16.275413     16.275413     32.550826
      1.916917     14.674370     14.674370     29.348740
      1.926927     13.851637     13.851637     27.703274
      1.936937     13.740295     13.740295     27.480590
      1.946947     14.108391     14.108391     28.216781
      1.956957     14.736584     14.736584     29.473168
      1.966967     15.550982     15.550982     31.101964
      1.976977     16.636201     16.636201     33.272403
      1.986987     18.122540     18.122540     36.245080
      1.996997     20.017717     20.017717     40.035433
      2.007007     22.093349     22.093349     44.186699
      2.017017     23.910406     23.910406     47.820812
      2.027027     24.985680     24.985680     49.971359
      2.037037     25.011087     25.011087     50.022175
      2.047047     23.998339     23.998339     47.996677
      2.057057     22.262555     22.262555     44.525110
      2.067067     20.255501     20.255501     40.511002
      2.077077     18.348726     18.348726     36.697452
      2.087087     16.690993     16.690993     33.381987
      2.097097     15.210929     15.210929     30.421857
      2.107107     13.745178     13.745178     27.490355
      2.117117     12.204698     12.204698     24.409397
      2.127127     10.684417     10.684417     21.368835
      2.137137      9.467291      9.467291     18.934582
      2.147147      8.934655      8.934655     17.869311
      2.157157      9.433234      9.433234     18.866468
      2.167167     11.152581     11.152581     22.305162
      2.177177     14.047447     14.047447     28.094894
      2.187187     17.817561     17.817561     35.635122
      2.197197     21.943809     21.943809     43.887619
      2.207207     25.773616     25.773616     51.547232
      2.217217     28.642967     28.642967     57.285933
      2.227227     30.014077     30.014077     60.028155
      2.237237     29.597942     29.597942     59.195884
      2.247247     27.426190     27.426190     54.852379
      2.257257     23.844478     23.844478     47.688956
      2.267267     19.422909     19.422909     38.845819
      2.277277     14.810761     14.810761     29.621521
      2.287287     10.587111     10.587111     21.174222
      2.297297      7.160477      7.160477     14.320954
      2.307307      4.746753      4.746753      9.493507
      2.317317      3.418460      3.418460      6.836921
      2.327327      3.188818      3.188818      6.377637
      2.337337      4.084329      4.084329      8.168658
      2.347347      6.169819      6.169819     12.339638
      2.357357      9.512357      9.512357     19.024715
      2.367367     14.095740     14.095740     28.191479
      2.377377     19.718555     19.718555     39.437110
      2.387387     25.921164     25.921164     51.842328
      2.397397     31.985555     31.985555     63.971109
      2.407407     37.033345     37.033345     74.066689
      2.417417     40.212295     40.212295     80.424591
      2.427427     40.920585     40.920585     81.841171
      2.437437     38.989481     38.989481     77.978961
      2.447447     34.748561     34.748561     69.497122
      2.457457     28.939700     28.939700     57.879400
      2.467467     22.510083     22.510083     45.020166
      2.477477     16.367050     16.367050     32.734100
      2.487487     11.188745     11.188745     22.377490
      2.497497      7.349378      7.349378     14.698756
      2.507508      4.959114      4.959114      9.918229
      2.517518      3.969763      3.969763      7.939526
      2.527528      4.280855      4.280855      8.561710
      2.537538      5.797133      5.797133     11.594267
      2.547548      8.422682      8.422682     16.845364
      2.557558     12.010139     12.010139     24.020278
      2.567568     16.302741     16.302741     32.605482
      2.577578     20.907852     20.907852     41.815704
      2.587588     25.325943     25.325943     50.651886
      2.597598     29.035590     29.035590     58.071179
      2.607608     31.611253     31.611253     63.222505
      2.617618     32.833958     32.833958     65.667916
      2.627628     32.752417     32.752417     65.504835
      2.637638     31.667845     31.667845     63.335690
      2.647648     30.046813     30.046813     60.093625
      2.657658     28.398897     28.398897     56.797794
      2.667668     27.169802     27.169802     54.339604
      2.677678     26.685359     26.685359     53.370717
      2.687688     27.146880     27.146880     54.293761
      2.697698     28.648171     28.648171     57.296343
      2.707708     31.178814     31.178814     62.357627
      2.717718     34.598118     34.598118     69.196236
      2.727728     38.594131     38.594131     77.188263
      2.737738     42.664686     42.664686     85.329372
      2.747748     46.161045     46.161045     92.322091
      2.757758     48.414074     48.414074     96.828149
      2.767768     48.921043     48.921043     97.842086
      2.777778     47.525046     47.525046     95.050092
      2.787788     44.498405     44.498405     88.996810
      2.797798     40.470609     40.470609     80.941217
      2.807808     36.214575     36.214575     72.429149
      2.817818     32.381256     32.381256     64.762512
      2.827828     29.302363     29.302363     58.604725
      2.837838     26.944108     26.944108     53.888217
      2.847848     25.016105     25.016105     50.032210
      2.857858     23.167424     23.167424     46.334848
      2.867868     21.172929     21.172929     42.345859
      2.877878     19.032046     19.032046     38.064093
      2.887888     16.949790     16.949790     33.899580
      2.897898     15.221856     15.221856     30.443712
      2.907908     14.083752     14.083752     28.167504
      2.917918     13.596638     13.596638     27.193275
      2.927928     13.623696     13.623696     27.247391
      2.937938     13.905094     13.905094     27.810189
      2.947948     14.186947     14.186947     28.373895
      2.957958     14.329535     14.329535     28.659070
      2.967968     14.333399     14.333399     28.666797
      2.977978     14.273913     14.273913     28.547827
      2.987988     14.193584     14.193584     28.387167
      2.997998     14.027524     14.027524     28.055047
      3.008008     13.613356     13.613356     27.226713
      3.018018     12.779441     12.779441     25.558881
      3.028028     11.455204     11.455204     22.910408
      3.038038      9.737503      9.737503     19.475006
      3.048048      7.879372      7.879372     15.758745
      3.058058      6.214633      6.214633     12.429266
      3.068068      5.060379      5.060379     10.120758
      3.078078      4.635931      4.635931      9.271862
      3.088088      5.014270      5.014270     10.028541
      3.098098      6.103747      6.103747     12.207493
      3.108108      7.656699      7.656699     15.313398
      3.118118      9.310415      9.310415     18.620831
      3.128128     10.667163     10.667163     21.334326
      3.138138     11.404486     11.404486     22.808972
      3.148148     11.383263     11.383263     22.766526
      3.158158     10.709118     10.709118     21.418236
      3.168168      9.715787      9.715787     19.431574
      3.178178      8.871135      8.871135     17.742271
      3.188188      8.637795      8.637795     17.275589
      3.198198      9.333841      9.333841     18.667682
      3.208208     11.032849     11.032849     22.065698
      3.218218     13.527388     13.527388     27.054775
      3.228228     16.365001     16.365001     32.730002
      3.238238     18.951680     18.951680     37.903360
      3.248248     20.701006     20.701006     41.402013
      3.258258     21.189256     21.189256     42.378513
      3.268268     20.267447     20.267447     40.534894
      3.278278     18.091082     18.091082     36.182163
      3.288288     15.057672     15.057672     30.115345
      3.298298     11.678384     11.678384     23.356768
      3.308308      8.434713      8.434713     16.869427
      3.318318      5.671502      5.671502     11.343004
      3.328328      3.555462      3.555462      7.110924
      3.338338      2.097655      2.097655      4.195309
      3.348348      1.215335      1.215335      2.430669
      3.358358      0.801777      0.801777      1.603553
      3.368368      0.779600      0.779600      1.559200
      3.378378      1.124926      1.124926      2.249851
      3.388388      1.859373      1.859373      3.718747
      3.398398      3.013627      3.013627      6.027253
      3.408408      4.573529      4.573529      9.147058
      3.418418      6.429125      6.429125     12.858250
      3.428428      8.354045      8.354045     16.708090
      3.438438     10.038064     10.038064     20.076127
      3.448448     11.174574     11.174574     22.349148
      3.458458     11.574160     11.574160     23.148320
      3.468468     11.253586     11.253586     22.507173
      3.478478     10.453134     10.453134     20.906267
      3.488488      9.565977      9.565977     19.131954
      3.498498      9.004899      9.004899     18.009798
      3.508509      9.061066      9.061066     18.122132
      3.518519      9.812536      9.812536     19.625072
      3.528529     11.117066     11.117066     22.234132
      3.538539     12.686269     12.686269     25.372539
      3.548549     14.202310     14.202310     28.404620
      3.558559     15.420362     15.420362     30.840724
      3.568569     16.211156     16.211156     32.422312
      3.578579     16.535228     16.535228     33.070456
      3.588589     16.382778     16.382778     32.765557
      3.598599     15.731442     15.731442     31.462885
      3.608609     14.554625     14.554625     29.109250
      3.618619     12.870134     12.870134     25.740269
      3.628629     10.786339     10.786339     21.572677
      3.638639      8.505444      8.505444     17.010889
      3.648649      6.276037      6.276037     12.552074
      3.658659      4.322284      4.322284      8.644569
      3.668669      2.789552      2.789552      5.579103
      3.678679      1.731407      1.731407      3.462815
      3.688689      1.136355      1.136355      2.272710
      3.698699      0.972816      0.972816      1.945631
      3.708709      1.226118      1.226118      2.452235
      3.718719      1.908579      1.908579      3.817158
      3.728729      3.036662      3.036662      6.073324
      3.738739      4.583583      4.583583      9.167167
      3.748749      6.429284      6.429284     12.858568
      3.758759      8.337322      8.337322     16.674645
      3.768769      9.982778      9.982778     19.965556
      3.778779     11.033292     11.033292     22.066584
      3.788789     11.255267     11.255267     22.510534
      3.798799     10.597314     10.597314     21.194627
      3.808809      9.209228      9.209228     18.418455
      3.818819      7.386482      7.386482     14.772964
      3.828829      5.468132      5.468132     10.936264
      3.838839      3.736178      3.736178      7.472356
      3.848849      2.356164      2.356164      4.712328
      3.858859      1.371476      1.371476      2.742951
      3.868869      0.737029      0.737029      1.474058
      3.878879      0.366329      0.366329      0.732658
      3.888889      0.170532      0.170532      0.341065
      3.898899      0.080718      0.080718      0.161435
      3.908909      0.055609      0.055609      0.111218
      3.918919      0.081965      0.081965      0.163931
      3.928929      0.174107      0.174107      0.348213
      3.938939      0.375197      0.375197      0.750394
      3.948949      0.758220      0.758220      1.516440
      3.958959      1.420890      1.420890      2.841779
      3.968969      2.468176      2.468176      4.936352
      3.978979      3.980762      3.980762      7.961523
      3.988989      5.977410      5.977410     11.954820
      3.998999      8.388981      8.388981     16.777961
      4.009009     11.062971     11.062971     22.125942
      4.019019     13.803985     13.803985     27.607969
      4.029029     16.432153     16.432153     32.864305
      4.039039     18.824585     18.824585     37.649169
      4.049049     20.911269     20.911269     41.822539
      4.059059     22.627659     22.627659     45.255319
      4.069069     23.861293     23.861293     47.722586
      4.079079     24.441359     24.441359     48.882718
      4.089089     24.195517     24.195517     48.391034
      4.099099     23.052275     23.052275     46.104550
      4.109109     21.131192     21.131192     42.262383
      4.119119     18.761955     18.761955     37.523911
      4.129129     16.408232     16.408232     32.816464
      4.139139     14.522504     14.522504     29.045009
      4.149149     13.395910     13.395910     26.791820
      4.159159     13.072730     13.072730     26.145461
      4.169169     13.369629     13.369629     26.739258
      4.179179     13.989011     13.989011     27.978022
      4.189189     14.669289     14.669289     29.338577
      4.199199     15.297908     15.297908     30.595815
      4.209209     15.936552     15.936552     31.873104
      4.219219     16.758453     16.758453     33.516906
      4.229229     17.942810     17.942810     35.885620
      4.239239     19.582424     19.582424     39.164848
      4.249249     21.636099     21.636099     43.272198
      4.259259     23.923768     23.923768     47.847536
      4.269269     26.149600     26.149600     52.299199
      4.279279     27.950217     27.950217     55.900434
      4.289289     28.976372     28.976372     57.952744
      4.299299     29.001702     29.001702     58.003404
      4.309309     28.018139     28.018139     56.036279
      4.319319     26.260566     26.260566     52.521132
      4.329329     24.132446     24.132446     48.264893
      4.339339     22.066030     22.066030     44.132060
      4.349349     20.395636     20.395636     40.791272
      4.359359     19.309396     19.309396     38.618791
      4.369369     18.881321     18.881321     37.762642
      4.379379     19.124085     19.124085     38.248171
      4.389389     19.995360     19.995360     39.990721
      4.399399     21.343315     21.343315     42.686630
      4.409409     22.844992     22.844992     45.689984
      4.419419     24.016407     24.016407     48.032813
      4.429429     24.331549     24.331549     48.663099
      4.439439     23.409101     23.409101     46.818202
      4.449449     21.170016     21.170016     42.340032
      4.459459     17.878118     17.878118     35.756236
      4.469469     14.042308     14.042308     28.084616
      4.479479     10.235201     10.235201     20.470401
      4.489489      6.919341      6.919341     13.838682
      4.499499      4.352676      4.352676      8.705352
      4.509510      2.592499      2.592499      5.184998
      4.519520      1.569196      1.569196      3.138391
      4.529530      1.181335      1.181335      2.362671
      4.539540      1.370877      1.370877      2.741754
      4.549550      2.155794      2.155794      4.311588
      4.559560      3.613845      3.613845      7.227690
      4.569570      5.823174      5.823174     11.646348
      4.579580      8.777864      8.777864     17.555729
      4.589590     12.311524     12.311524     24.623048
      4.599600     16.071842     16.071842     32.143685
      4.609610     19.580110     19.580110     39.160219
      4.619620     22.374672     22.374672     44.749344
      4.629630     24.187564     24.187564     48.375128
      4.639640     25.068277     25.068277     50.136555
      4.649650     25.377464     25.377464     50.754928
      4.659660     25.632502     25.632502     51.265004
      4.669670     26.267870     26.267870     52.535739
      4.679680     27.426825     27.426825     54.853650
      4.689690     28.889648     28.889648     57.779296
      4.699700     30.170592     30.170592     60.341184
      4.709710     30.725752     30.725752     61.451504
      4.719720     30.163780     30.163780     60.327559
      4.729730     28.368362     28.368362     56.736725
      4.739740     25.505059     25.505059     51.010119
      4.749750     21.946445     21.946445     43.892891
      4.759760     18.171102     18.171102     36.342205
      4.769770     14.673775     14.673775     29.347550
      4.779780     11.894408     11.894408     23.788816
      4.789790     10.159773     10.159773     20.319546
      4.799800      9.637823      9.637823     19.275646
      4.809810     10.317258     10.317258     20.634516
      4.819820     12.026265     12.026265     24.052530
      4.829830     14.489503     14.489503     28.979006
      4.839840     17.400261     17.400261     34.800522
      4.849850     20.472863     20.472863     40.945726
      4.859860     23.452542     23.452542     46.905083
      4.869870     26.092490     26.092490     52.184979
      4.879880     28.136803     28.136803     56.273605
      4.889890     29.346086     29.346086     58.692172
      4.899900     29.565494     29.565494     59.130988
      4.909910     28.792098     28.792098     57.584196
      4.919920     27.189466     27.189466     54.378932
      4.929930     25.033976     25.033976     50.067951
      4.939940     22.628845     22.628845     45.257690
      4.949950     20.242067     20.242067     40.484135
      4.959960     18.096031     18.096031     36.192062
      4.969970     16.387442     16.387442     32.774885
      4.979980     15.291668     15.291668     30.583336
      4.989990     14.925905     14.925905     29.851810
      5.000000     15.289187     15.289187     30.578374
