# EIG2DOS: Utility for SIESTA to obtain the electronic density of states
#  E. Artacho, Apr 1999, A. Garcia, Apr 2012
#  Nick R. Papior, Feb 2017
# ------------------------------------------
# Eigenvalues calculated from a non-polarized calculation
# Eigenvalues read from siesta.EIG
# Kpoint weights read from siesta.KP
# Using smearing parameter:   0.0500
# Using 1000 points in the energy range
# Selected bands: 1 to: 2981
# Emin, Emax in file for selected band(s):    -27.0766224    218.3172660
# Nbands, Nspin, Nk   =   2981     1     1
# E_F                 =    -4.2931 eV --> (shifted to ZERO)
# Broadening          =     0.0500 eV
#
#        E            N(up)  (=)   N(down)         Ntot
     -5.000000     39.742713     39.742713     79.485426
     -4.989990     41.185356     41.185356     82.370713
     -4.979980     42.129124     42.129124     84.258248
     -4.969970     42.352898     42.352898     84.705795
     -4.959960     41.719736     41.719736     83.439471
     -4.949950     40.223359     40.223359     80.446719
     -4.939940     38.006907     38.006907     76.013814
     -4.929930     35.365265     35.365265     70.730530
     -4.919920     32.738940     32.738940     65.477879
     -4.909910     30.693021     30.693021     61.386041
     -4.899900     29.858695     29.858695     59.717390
     -4.889890     30.810722     30.810722     61.621444
     -4.879880     33.877342     33.877342     67.754684
     -4.869870     38.930965     38.930965     77.861931
     -4.859860     45.261670     45.261670     90.523339
     -4.849850     51.643186     51.643186    103.286373
     -4.839840     56.631258     56.631258    113.262516
     -4.829830     59.009873     59.009873    118.019746
     -4.819820     58.198097     58.198097    116.396194
     -4.809810     54.426731     54.426731    108.853462
     -4.799800     48.605280     48.605280     97.210560
     -4.789790     41.958733     41.958733     83.917466
     -4.779780     35.618340     35.618340     71.236680
     -4.769770     30.340875     30.340875     60.681751
     -4.759760     26.430334     26.430334     52.860668
     -4.749750     23.823702     23.823702     47.647404
     -4.739740     22.246075     22.246075     44.492151
     -4.729730     21.351638     21.351638     42.703276
     -4.719720     20.811710     20.811710     41.623420
     -4.709710     20.351004     20.351004     40.702007
     -4.699700     19.753744     19.753744     39.507487
     -4.689690     18.866441     18.866441     37.732882
     -4.679680     17.618445     17.618445     35.236889
     -4.669670     16.065157     16.065157     32.130314
     -4.659660     14.436280     14.436280     28.872561
     -4.649650     13.155105     13.155105     26.310209
     -4.639640     12.796153     12.796153     25.592306
     -4.629630     13.967761     13.967761     27.935521
     -4.619620     17.134238     17.134238     34.268475
     -4.609610     22.420420     22.420420     44.840840
     -4.599600     29.464202     29.464202     58.928404
     -4.589590     37.390887     37.390887     74.781773
     -4.579580     44.961492     44.961492     89.922983
     -4.569570     50.886935     50.886935    101.773870
     -4.559560     54.218811     54.218811    108.437621
     -4.549550     54.669361     54.669361    109.338722
     -4.539540     52.721602     52.721602    105.443203
     -4.529530     49.472593     49.472593     98.945186
     -4.519520     46.268340     46.268340     92.536680
     -4.509510     44.275160     44.275160     88.550320
     -4.499499     44.145942     44.145942     88.291885
     -4.489489     45.881814     45.881814     91.763629
     -4.479479     48.900247     48.900247     97.800494
     -4.469469     52.248574     52.248574    104.497148
     -4.459459     54.875165     54.875165    109.750329
     -4.449449     55.884256     55.884256    111.768511
     -4.439439     54.729541     54.729541    109.459082
     -4.429429     51.323744     51.323744    102.647487
     -4.419419     46.052200     46.052200     92.104400
     -4.409409     39.687661     39.687661     79.375322
     -4.399399     33.219841     33.219841     66.439682
     -4.389389     27.634786     27.634786     55.269572
     -4.379379     23.696323     23.696323     47.392645
     -4.369369     21.785932     21.785932     43.571864
     -4.359359     21.845225     21.845225     43.690450
     -4.349349     23.438211     23.438211     46.876421
     -4.339339     25.914183     25.914183     51.828366
     -4.329329     28.617298     28.617298     57.234597
     -4.319319     31.071331     31.071331     62.142662
     -4.309309     33.079329     33.079329     66.158657
     -4.299299     34.714706     34.714706     69.429411
     -4.289289     36.222930     36.222930     72.445859
     -4.279279     37.878570     37.878570     75.757139
     -4.269269     39.843786     39.843786     79.687572
     -4.259259     42.063920     42.063920     84.127840
     -4.249249     44.229677     44.229677     88.459353
     -4.239239     45.832128     45.832128     91.664256
     -4.229229     46.317673     46.317673     92.635347
     -4.219219     45.304375     45.304375     90.608750
     -4.209209     42.769856     42.769856     85.539711
     -4.199199     39.108757     39.108757     78.217515
     -4.189189     35.011816     35.011816     70.023631
     -4.179179     31.215233     31.215233     62.430466
     -4.169169     28.244787     28.244787     56.489573
     -4.159159     26.280912     26.280912     52.561823
     -4.149149     25.198913     25.198913     50.397826
     -4.139139     24.742011     24.742011     49.484021
     -4.129129     24.721412     24.721412     49.442824
     -4.119119     25.134175     25.134175     50.268350
     -4.109109     26.137694     26.137694     52.275388
     -4.099099     27.893171     27.893171     55.786342
     -4.089089     30.360524     30.360524     60.721049
     -4.079079     33.164245     33.164245     66.328490
     -4.069069     35.628244     35.628244     71.256488
     -4.059059     36.994838     36.994838     73.989676
     -4.049049     36.735746     36.735746     73.471492
     -4.039039     34.797210     34.797210     69.594420
     -4.029029     31.647321     31.647321     63.294642
     -4.019019     28.102410     28.102410     56.204820
     -4.009009     25.031788     25.031788     50.063576
     -3.998999     23.095827     23.095827     46.191654
     -3.988989     22.629576     22.629576     45.259152
     -3.978979     23.681243     23.681243     47.362486
     -3.968969     26.127502     26.127502     52.255003
     -3.958959     29.770644     29.770644     59.541287
     -3.948949     34.373174     34.373174     68.746348
     -3.938939     39.652749     39.652749     79.305497
     -3.928929     45.289503     45.289503     90.579006
     -3.918919     50.972116     50.972116    101.944232
     -3.908909     56.457781     56.457781    112.915562
     -3.898899     61.591790     61.591790    123.183579
     -3.888889     66.251222     66.251222    132.502443
     -3.878879     70.231886     70.231886    140.463771
     -3.868869     73.149295     73.149295    146.298590
     -3.858859     74.435807     74.435807    148.871613
     -3.848849     73.474837     73.474837    146.949674
     -3.838839     69.838567     69.838567    139.677133
     -3.828829     63.528738     63.528738    127.057477
     -3.818819     55.101357     55.101357    110.202714
     -3.808809     45.600758     45.600758     91.201516
     -3.798799     36.314577     36.314577     72.629153
     -3.788789     28.441210     28.441210     56.882420
     -3.778779     22.793076     22.793076     45.586152
     -3.768769     19.632146     19.632146     39.264292
     -3.758759     18.672845     18.672845     37.345690
     -3.748749     19.227831     19.227831     38.455662
     -3.738739     20.437779     20.437779     40.875559
     -3.728729     21.518836     21.518836     43.037673
     -3.718719     21.969564     21.969564     43.939128
     -3.708709     21.692729     21.692729     43.385458
     -3.698699     21.003403     21.003403     42.006806
     -3.688689     20.516335     20.516335     41.032671
     -3.678679     20.934652     20.934652     41.869304
     -3.668669     22.795011     22.795011     45.590023
     -3.658659     26.249756     26.249756     52.499511
     -3.648649     30.967783     30.967783     61.935565
     -3.638639     36.201201     36.201201     72.402401
     -3.628629     41.000431     41.000431     82.000862
     -3.618619     44.494876     44.494876     88.989751
     -3.608609     46.127577     46.127577     92.255154
     -3.598599     45.760666     45.760666     91.521332
     -3.588589     43.636819     43.636819     87.273638
     -3.578579     40.245635     40.245635     80.491270
     -3.568569     36.165388     36.165388     72.330776
     -3.558559     31.929190     31.929190     63.858381
     -3.548549     27.931627     27.931627     55.863254
     -3.538539     24.377354     24.377354     48.754708
     -3.528529     21.277936     21.277936     42.555872
     -3.518519     18.504894     18.504894     37.009789
     -3.508509     15.889232     15.889232     31.778464
     -3.498498     13.330382     13.330382     26.660765
     -3.488488     10.865989     10.865989     21.731978
     -3.478478      8.671967      8.671967     17.343934
     -3.468468      6.997939      6.997939     13.995879
     -3.458458      6.071122      6.071122     12.142243
     -3.448448      6.007250      6.007250     12.014499
     -3.438438      6.755818      6.755818     13.511636
     -3.428428      8.093630      8.093630     16.187260
     -3.418418      9.672151      9.672151     19.344302
     -3.408408     11.114463     11.114463     22.228926
     -3.398398     12.139892     12.139892     24.279784
     -3.388388     12.674126     12.674126     25.348252
     -3.378378     12.896525     12.896525     25.793051
     -3.368368     13.196581     13.196581     26.393161
     -3.358358     14.051050     14.051050     28.102100
     -3.348348     15.868159     15.868159     31.736319
     -3.338338     18.853201     18.853201     37.706402
     -3.328328     22.929552     22.929552     45.859105
     -3.318318     27.721145     27.721145     55.442290
     -3.308308     32.590079     32.590079     65.180159
     -3.298298     36.729847     36.729847     73.459695
     -3.288288     39.319795     39.319795     78.639590
     -3.278278     39.727076     39.727076     79.454153
     -3.268268     37.701410     37.701410     75.402820
     -3.258258     33.479467     33.479467     66.958935
     -3.248248     27.735642     27.735642     55.471283
     -3.238238     21.384720     21.384720     42.769439
     -3.228228     15.317390     15.317390     30.634780
     -3.218218     10.179909     10.179909     20.359818
     -3.208208      6.276375      6.276375     12.552750
     -3.198198      3.603404      3.603404      7.206807
     -3.188188      1.969209      1.969209      3.938418
     -3.178178      1.131330      1.131330      2.262660
     -3.168168      0.905674      0.905674      1.811347
     -3.158158      1.229782      1.229782      2.459565
     -3.148148      2.182871      2.182871      4.365743
     -3.138138      3.967524      3.967524      7.935047
     -3.128128      6.851168      6.851168     13.702335
     -3.118118     11.063965     11.063965     22.127930
     -3.108108     16.663524     16.663524     33.327048
     -3.098098     23.404115     23.404115     46.808230
     -3.088088     30.672672     30.672672     61.345345
     -3.078078     37.552089     37.552089     75.104178
     -3.068068     43.029206     43.029206     86.058411
     -3.058058     46.291475     46.291475     92.582950
     -3.048048     46.992750     46.992750     93.985501
     -3.038038     45.361822     45.361822     90.723644
     -3.028028     42.094783     42.094783     84.189565
     -3.018018     38.080875     38.080875     76.161749
     -3.008008     34.095396     34.095396     68.190793
     -2.997998     30.600783     30.600783     61.201565
     -2.987988     27.728121     27.728121     55.456241
     -2.977978     25.413653     25.413653     50.827307
     -2.967968     23.594913     23.594913     47.189825
     -2.957958     22.357807     22.357807     44.715613
     -2.947948     21.962827     21.962827     43.925654
     -2.937938     22.740274     22.740274     45.480548
     -2.927928     24.904853     24.904853     49.809706
     -2.917918     28.378272     28.378272     56.756543
     -2.907908     32.710061     32.710061     65.420122
     -2.897898     37.148032     37.148032     74.296064
     -2.887888     40.843854     40.843854     81.687707
     -2.877878     43.115091     43.115091     86.230181
     -2.867868     43.654491     43.654491     87.308983
     -2.857858     42.597607     42.597607     85.195213
     -2.847848     40.422922     40.422922     80.845843
     -2.837838     37.734400     37.734400     75.468800
     -2.827828     35.027607     35.027607     70.055214
     -2.817818     32.542469     32.542469     65.084939
     -2.807808     30.258070     30.258070     60.516140
     -2.797798     28.012388     28.012388     56.024776
     -2.787788     25.669710     25.669710     51.339421
     -2.777778     23.241157     23.241157     46.482314
     -2.767768     20.897537     20.897537     41.795074
     -2.757758     18.879152     18.879152     37.758303
     -2.747748     17.367176     17.367176     34.734351
     -2.737738     16.400988     16.400988     32.801976
     -2.727728     15.893152     15.893152     31.786304
     -2.717718     15.728155     15.728155     31.456310
     -2.707708     15.873821     15.873821     31.747641
     -2.697698     16.423558     16.423558     32.847117
     -2.687688     17.532656     17.532656     35.065311
     -2.677678     19.284862     19.284862     38.569724
     -2.667668     21.578045     21.578045     43.156090
     -2.657658     24.112202     24.112202     48.224404
     -2.647648     26.499632     26.499632     52.999264
     -2.637638     28.436094     28.436094     56.872187
     -2.627628     29.828866     29.828866     59.657731
     -2.617618     30.804593     30.804593     61.609187
     -2.607608     31.599110     31.599110     63.198219
     -2.597598     32.406104     32.406104     64.812209
     -2.587588     33.277578     33.277578     66.555157
     -2.577578     34.118876     34.118876     68.237753
     -2.567568     34.749923     34.749923     69.499847
     -2.557558     34.971009     34.971009     69.942017
     -2.547548     34.597214     34.597214     69.194427
     -2.537538     33.477058     33.477058     66.954116
     -2.527528     31.534053     31.534053     63.068106
     -2.517518     28.841614     28.841614     57.683227
     -2.507508     25.690490     25.690490     51.380981
     -2.497497     22.584374     22.584374     45.168748
     -2.487487     20.129580     20.129580     40.259160
     -2.477477     18.848626     18.848626     37.697251
     -2.467467     18.999368     18.999368     37.998735
     -2.457457     20.486965     20.486965     40.973930
     -2.447447     22.913646     22.913646     45.827291
     -2.437437     25.746126     25.746126     51.492253
     -2.427427     28.525546     28.525546     57.051093
     -2.417417     31.024698     31.024698     62.049396
     -2.407407     33.280741     33.280741     66.561483
     -2.397397     35.488453     35.488453     70.976906
     -2.387387     37.804679     37.804679     75.609358
     -2.377377     40.159741     40.159741     80.319481
     -2.367367     42.174613     42.174613     84.349227
     -2.357357     43.239395     43.239395     86.478790
     -2.347347     42.734448     42.734448     85.468895
     -2.337337     40.303196     40.303196     80.606393
     -2.327327     36.052711     36.052711     72.105421
     -2.317317     30.587119     30.587119     61.174238
     -2.307307     24.857700     24.857700     49.715400
     -2.297297     19.897979     19.897979     39.795957
     -2.287287     16.554521     16.554521     33.109042
     -2.277277     15.306616     15.306616     30.613233
     -2.267267     16.212669     16.212669     32.425338
     -2.257257     18.966923     18.966923     37.933845
     -2.247247     23.022039     23.022039     46.044078
     -2.237237     27.730142     27.730142     55.460284
     -2.227227     32.463914     32.463914     64.927829
     -2.217217     36.692289     36.692289     73.384578
     -2.207207     40.003749     40.003749     80.007498
     -2.197197     42.094150     42.094150     84.188301
     -2.187187     42.754380     42.754380     85.508759
     -2.177177     41.889692     41.889692     83.779383
     -2.167167     39.571994     39.571994     79.143989
     -2.157157     36.086322     36.086322     72.172644
     -2.147147     31.915401     31.915401     63.830802
     -2.137137     27.632776     27.632776     55.265552
     -2.127127     23.733778     23.733778     47.467557
     -2.117117     20.483713     20.483713     40.967426
     -2.107107     17.864205     17.864205     35.728410
     -2.097097     15.645935     15.645935     31.291869
     -2.087087     13.543844     13.543844     27.087688
     -2.077077     11.368306     11.368306     22.736612
     -2.067067      9.098568      9.098568     18.197135
     -2.057057      6.858537      6.858537     13.717074
     -2.047047      4.830100      4.830100      9.660200
     -2.037037      3.162201      3.162201      6.324401
     -2.027027      1.919299      1.919299      3.838599
     -2.017017      1.079705      1.079705      2.159409
     -2.007007      0.567303      0.567303      1.134607
     -1.996997      0.292002      0.292002      0.584003
     -1.986987      0.181640      0.181640      0.363280
     -1.976977      0.200362      0.200362      0.400725
     -1.966967      0.356309      0.356309      0.712618
     -1.956957      0.702229      0.702229      1.404458
     -1.946947      1.328684      1.328684      2.657368
     -1.936937      2.345774      2.345774      4.691547
     -1.926927      3.850212      3.850212      7.700424
     -1.916917      5.881607      5.881607     11.763214
     -1.906907      8.381759      8.381759     16.763518
     -1.896897     11.176491     11.176491     22.352983
     -1.886887     13.994509     13.994509     27.989017
     -1.876877     16.522505     16.522505     33.045010
     -1.866867     18.479108     18.479108     36.958216
     -1.856857     19.682810     19.682810     39.365620
     -1.846847     20.093647     20.093647     40.187294
     -1.836837     19.818318     19.818318     39.636637
     -1.826827     19.076263     19.076263     38.152525
     -1.816817     18.130802     18.130802     36.261603
     -1.806807     17.201249     17.201249     34.402499
     -1.796797     16.388045     16.388045     32.776091
     -1.786787     15.649811     15.649811     31.299622
     -1.776777     14.853580     14.853580     29.707160
     -1.766767     13.879796     13.879796     27.759593
     -1.756757     12.726403     12.726403     25.452806
     -1.746747     11.549969     11.549969     23.099938
     -1.736737     10.614647     10.614647     21.229295
     -1.726727     10.172402     10.172402     20.344804
     -1.716717     10.337869     10.337869     20.675739
     -1.706707     11.025388     11.025388     22.050777
     -1.696697     11.982926     11.982926     23.965851
     -1.686687     12.905933     12.905933     25.811865
     -1.676677     13.570636     13.570636     27.141272
     -1.666667     13.914701     13.914701     27.829402
     -1.656657     14.022401     14.022401     28.044802
     -1.646647     14.027425     14.027425     28.054850
     -1.636637     13.996604     13.996604     27.993207
     -1.626627     13.869755     13.869755     27.739510
     -1.616617     13.495478     13.495478     26.990957
     -1.606607     12.742949     12.742949     25.485897
     -1.596597     11.624791     11.624791     23.249581
     -1.586587     10.362842     10.362842     20.725683
     -1.576577      9.363160      9.363160     18.726321
     -1.566567      9.111323      9.111323     18.222646
     -1.556557     10.026981     10.026981     20.053963
     -1.546547     12.321425     12.321425     24.642850
     -1.536537     15.895236     15.895236     31.790472
     -1.526527     20.306671     20.306671     40.613341
     -1.516517     24.832749     24.832749     49.665499
     -1.506507     28.623669     28.623669     57.247337
     -1.496496     30.915743     30.915743     61.831486
     -1.486486     31.235616     31.235616     62.471232
     -1.476476     29.522722     29.522722     59.045444
     -1.466466     26.127387     26.127387     52.254775
     -1.456456     21.693616     21.693616     43.387232
     -1.446446     16.979672     16.979672     33.959345
     -1.436436     12.683855     12.683855     25.367710
     -1.426426      9.324953      9.324953     18.649905
     -1.416416      7.192163      7.192163     14.384326
     -1.406406      6.349121      6.349121     12.698242
     -1.396396      6.665985      6.665985     13.331970
     -1.386386      7.863157      7.863157     15.726314
     -1.376376      9.567211      9.567211     19.134422
     -1.366366     11.386240     11.386240     22.772481
     -1.356356     12.999288     12.999288     25.998575
     -1.346346     14.232398     14.232398     28.464795
     -1.336336     15.084209     15.084209     30.168418
     -1.326326     15.682430     15.682430     31.364860
     -1.316316     16.191020     16.191020     32.382040
     -1.306306     16.717906     16.717906     33.435813
     -1.296296     17.269524     17.269524     34.539047
     -1.286286     17.763423     17.763423     35.526846
     -1.276276     18.072762     18.072762     36.145525
     -1.266266     18.066595     18.066595     36.133189
     -1.256256     17.630791     17.630791     35.261582
     -1.246246     16.681278     16.681278     33.362557
     -1.236236     15.186704     15.186704     30.373408
     -1.226226     13.198878     13.198878     26.397755
     -1.216216     10.868605     10.868605     21.737211
     -1.206206      8.425109      8.425109     16.850219
     -1.196196      6.120116      6.120116     12.240232
     -1.186186      4.162773      4.162773      8.325545
     -1.176176      2.678028      2.678028      5.356056
     -1.166166      1.705580      1.705580      3.411160
     -1.156156      1.232405      1.232405      2.464810
     -1.146146      1.235260      1.235260      2.470519
     -1.136136      1.707458      1.707458      3.414915
     -1.126126      2.654190      2.654190      5.308381
     -1.116116      4.056786      4.056786      8.113571
     -1.106106      5.823331      5.823331     11.646661
     -1.096096      7.755315      7.755315     15.510630
     -1.086086      9.559878      9.559878     19.119756
     -1.076076     10.919647     10.919647     21.839294
     -1.066066     11.601308     11.601308     23.202615
     -1.056056     11.556004     11.556004     23.112008
     -1.046046     10.958655     10.958655     21.917310
     -1.036036     10.157066     10.157066     20.314131
     -1.026026      9.544248      9.544248     19.088496
     -1.016016      9.405309      9.405309     18.810619
     -1.006006      9.803868      9.803868     19.607737
     -0.995996     10.556523     10.556523     21.113046
     -0.985986     11.306278     11.306278     22.612556
     -0.975976     11.663559     11.663559     23.327117
     -0.965966     11.354608     11.354608     22.709215
     -0.955956     10.315264     10.315264     20.630529
     -0.945946      8.695493      8.695493     17.390986
     -0.935936      6.783249      6.783249     13.566499
     -0.925926      4.891823      4.891823      9.783646
     -0.915916      3.263958      3.263958      6.527917
     -0.905906      2.027383      2.027383      4.054767
     -0.895896      1.205395      1.205395      2.410790
     -0.885886      0.762070      0.762070      1.524140
     -0.875876      0.654224      0.654224      1.308448
     -0.865866      0.868167      0.868167      1.736334
     -0.855856      1.429663      1.429663      2.859325
     -0.845846      2.384395      2.384395      4.768790
     -0.835836      3.754143      3.754143      7.508287
     -0.825826      5.483368      5.483368     10.966735
     -0.815816      7.400545      7.400545     14.801090
     -0.805806      9.220960      9.220960     18.441920
     -0.795796     10.604729     10.604729     21.209458
     -0.785786     11.256808     11.256808     22.513615
     -0.775776     11.028565     11.028565     22.057131
     -0.765766      9.972643      9.972643     19.945286
     -0.755756      8.323200      8.323200     16.646400
     -0.745746      6.411606      6.411606     12.823213
     -0.735736      4.559095      4.559095      9.118189
     -0.725726      2.993791      2.993791      5.987582
     -0.715716      1.819626      1.819626      3.639253
     -0.705706      1.035307      1.035307      2.070615
     -0.695696      0.581423      0.581423      1.162847
     -0.685686      0.390574      0.390574      0.781147
     -0.675676      0.424106      0.424106      0.848211
     -0.665666      0.689345      0.689345      1.378689
     -0.655656      1.236490      1.236490      2.472980
     -0.645646      2.135216      2.135216      4.270432
     -0.635636      3.432786      3.432786      6.865571
     -0.625626      5.102581      5.102581     10.205161
     -0.615616      7.002755      7.002755     14.005510
     -0.605606      8.870832      8.870832     17.741663
     -0.595596     10.371759     10.371759     20.743519
     -0.585586     11.192537     11.192537     22.385074
     -0.575576     11.147866     11.147866     22.295731
     -0.565566     10.248064     10.248064     20.496127
     -0.555556      8.695183      8.695183     17.390367
     -0.545546      6.809301      6.809301     13.618602
     -0.535536      4.921678      4.921678      9.843356
     -0.525526      3.283301      3.283301      6.566602
     -0.515516      2.021599      2.021599      4.043198
     -0.505506      1.148858      1.148858      2.297715
     -0.495495      0.602593      0.602593      1.205186
     -0.485485      0.291722      0.291722      0.583444
     -0.475475      0.130347      0.130347      0.260694
     -0.465465      0.053755      0.053755      0.107510
     -0.455455      0.020461      0.020461      0.040922
     -0.445445      0.007188      0.007188      0.014377
     -0.435435      0.002331      0.002331      0.004663
     -0.425425      0.000700      0.000700      0.001401
     -0.415415      0.000205      0.000205      0.000411
     -0.405405      0.000102      0.000102      0.000205
     -0.395395      0.000220      0.000220      0.000439
     -0.385385      0.000752      0.000752      0.001504
     -0.375375      0.002494      0.002494      0.004988
     -0.365365      0.007655      0.007655      0.015309
     -0.355355      0.021688      0.021688      0.043375
     -0.345345      0.056713      0.056713      0.113427
     -0.335335      0.136882      0.136882      0.273765
     -0.325325      0.304928      0.304928      0.609855
     -0.315315      0.626949      0.626949      1.253898
     -0.305305      1.189747      1.189747      2.379494
     -0.295295      2.083838      2.083838      4.167676
     -0.285285      3.368683      3.368683      6.737366
     -0.275275      5.026239      5.026239     10.052478
     -0.265265      6.921703      6.921703     13.843407
     -0.255255      8.797711      8.797711     17.595422
     -0.245245     10.320797     10.320797     20.641594
     -0.235235     11.174900     11.174900     22.349800
     -0.225225     11.167627     11.167627     22.335254
     -0.215215     10.300659     10.300659     20.601317
     -0.205205      8.769119      8.769119     17.538237
     -0.195195      6.890231      6.890231     13.780461
     -0.185185      4.996874      4.996874      9.993748
     -0.175175      3.344644      3.344644      6.689288
     -0.165165      2.066276      2.066276      4.132551
     -0.155155      1.178185      1.178185      2.356370
     -0.145145      0.620048      0.620048      1.240097
     -0.135135      0.301179      0.301179      0.602358
     -0.125125      0.135024      0.135024      0.270048
     -0.115115      0.055871      0.055871      0.111741
     -0.105105      0.021337      0.021337      0.042675
     -0.095095      0.007521      0.007521      0.015042
     -0.085085      0.002447      0.002447      0.004894
     -0.075075      0.000735      0.000735      0.001470
     -0.065065      0.000204      0.000204      0.000407
     -0.055055      0.000052      0.000052      0.000104
     -0.045045      0.000012      0.000012      0.000025
     -0.035035      0.000003      0.000003      0.000005
     -0.025025      0.000001      0.000001      0.000001
     -0.015015      0.000000      0.000000      0.000000
     -0.005005      0.000000      0.000000      0.000000
      0.005005      0.000000      0.000000      0.000000
      0.015015      0.000000      0.000000      0.000000
      0.025025      0.000001      0.000001      0.000001
      0.035035      0.000003      0.000003      0.000005
      0.045045      0.000012      0.000012      0.000025
      0.055055      0.000052      0.000052      0.000104
      0.065065      0.000204      0.000204      0.000407
      0.075075      0.000735      0.000735      0.001470
      0.085085      0.002447      0.002447      0.004894
      0.095095      0.007521      0.007521      0.015042
      0.105105      0.021337      0.021337      0.042675
      0.115115      0.055870      0.055870      0.111741
      0.125125      0.135024      0.135024      0.270047
      0.135135      0.301179      0.301179      0.602357
      0.145145      0.620048      0.620048      1.240096
      0.155155      1.178184      1.178184      2.356368
      0.165165      2.066275      2.066275      4.132549
      0.175175      3.344643      3.344643      6.689285
      0.185185      4.996872      4.996872      9.993745
      0.195195      6.890229      6.890229     13.780457
      0.205205      8.769117      8.769117     17.538234
      0.215215     10.300657     10.300657     20.601315
      0.225225     11.167626     11.167626     22.335253
      0.235235     11.174900     11.174900     22.349801
      0.245245     10.320798     10.320798     20.641597
      0.255255      8.797713      8.797713     17.595425
      0.265265      6.921705      6.921705     13.843411
      0.275275      5.026241      5.026241     10.052481
      0.285285      3.368684      3.368684      6.737369
      0.295295      2.083839      2.083839      4.167678
      0.305305      1.189748      1.189748      2.379496
      0.315315      0.626949      0.626949      1.253899
      0.325325      0.304928      0.304928      0.609855
      0.335335      0.136883      0.136883      0.273765
      0.345345      0.056713      0.056713      0.113427
      0.355355      0.021688      0.021688      0.043375
      0.365365      0.007655      0.007655      0.015309
      0.375375      0.002494      0.002494      0.004988
      0.385385      0.000752      0.000752      0.001505
      0.395395      0.000220      0.000220      0.000439
      0.405405      0.000103      0.000103      0.000206
      0.415415      0.000207      0.000207      0.000413
      0.425425      0.000705      0.000705      0.001410
      0.435435      0.002346      0.002346      0.004692
      0.445445      0.007231      0.007231      0.014462
      0.455455      0.020573      0.020573      0.041146
      0.465465      0.054026      0.054026      0.108052
      0.475475      0.130947      0.130947      0.261894
      0.485485      0.292938      0.292938      0.585875
      0.495495      0.604841      0.604841      1.209681
      0.505506      1.152640      1.152640      2.305281
      0.515516      2.027372      2.027372      4.054744
      0.525526      3.291243      3.291243      6.582487
      0.535536      4.931436      4.931436      9.862871
      0.545546      6.819832      6.819832     13.639664
      0.555556      8.704848      8.704848     17.409696
      0.565566     10.255024     10.255024     20.510048
      0.575576     11.150727     11.150727     22.301453
      0.585586     11.191064     11.191064     22.382129
      0.595596     10.367642     10.367642     20.735284
      0.605606      8.868860      8.868860     17.737719
      0.615616      7.013463      7.013463     14.026926
      0.625626      5.148124      5.148124     10.296248
      0.635636      3.558055      3.558055      7.116110
      0.645646      2.425115      2.425115      4.850229
      0.655656      1.836788      1.836788      3.673577
      0.665666      1.822201      1.822201      3.644401
      0.675676      2.382019      2.382019      4.764038
      0.685686      3.489457      3.489457      6.978913
      0.695696      5.061903      5.061903     10.123806
      0.705706      6.925428      6.925428     13.850857
      0.715716      8.805749      8.805749     17.611497
      0.725726     10.371068     10.371068     20.742136
      0.735736     11.325298     11.325298     22.650596
      0.745746     11.517530     11.517530     23.035061
      0.755756     11.015439     11.015439     22.030877
      0.765766     10.100401     10.100401     20.200802
      0.775776      9.176906      9.176906     18.353812
      0.785786      8.628803      8.628803     17.257606
      0.795796      8.678946      8.678946     17.357892
      0.805806      9.307054      9.307054     18.614107
      0.815816     10.257188     10.257188     20.514376
      0.825826     11.132012     11.132012     22.264023
      0.835836     11.537637     11.537637     23.075274
      0.845846     11.222231     11.222231     22.444462
      0.855856     10.153819     10.153819     20.307637
      0.865866      8.510152      8.510152     17.020304
      0.875876      6.594041      6.594041     13.188081
      0.885886      4.719338      4.719338      9.438676
      0.895896      3.118509      3.118509      6.237018
      0.905906      1.902254      1.902254      3.804508
      0.915916      1.071060      1.071060      2.142119
      0.925926      0.556680      0.556680      1.113360
      0.935936      0.267273      0.267273      0.534547
      0.945946      0.119231      0.119231      0.238463
      0.955956      0.051670      0.051670      0.103341
      0.965966      0.028360      0.028360      0.056721
      0.975976      0.034502      0.034502      0.069005
      0.985986      0.074204      0.074204      0.148409
      0.995996      0.171363      0.171363      0.342726
      1.006006      0.373325      0.373325      0.746649
      1.016016      0.753443      0.753443      1.506887
      1.026026      1.406114      1.406114      2.812228
      1.036036      2.427893      2.427893      4.855787
      1.046046      3.883394      3.883394      7.766788
      1.056056      5.764856      5.764856     11.529711
      1.066066      7.964785      7.964785     15.929570
      1.076076     10.282673     10.282673     20.565345
      1.086086     12.473013     12.473013     24.946026
      1.096096     14.317144     14.317144     28.634289
      1.106106     15.682702     15.682702     31.365404
      1.116116     16.539318     16.539318     33.078635
      1.126126     16.928602     16.928602     33.857204
      1.136136     16.919084     16.919084     33.838168
      1.146146     16.584482     16.584482     33.168964
      1.156156     16.017784     16.017784     32.035568
      1.166166     15.355837     15.355837     30.711673
      1.176176     14.774260     14.774260     29.548520
      1.186186     14.436276     14.436276     28.872551
      1.196196     14.422234     14.422234     28.844467
      1.206206     14.690751     14.690751     29.381501
      1.216216     15.104038     15.104038     30.208077
      1.226226     15.502281     15.502281     31.004563
      1.236236     15.774105     15.774105     31.548209
      1.246246     15.874392     15.874392     31.748784
      1.256256     15.784223     15.784223     31.568447
      1.266266     15.454852     15.454852     30.909705
      1.276276     14.789770     14.789770     29.579541
      1.286286     13.686952     13.686952     27.373903
      1.296296     12.114733     12.114733     24.229466
      1.306306     10.168901     10.168901     20.337802
      1.316316      8.073777      8.073777     16.147554
      1.326326      6.130583      6.130583     12.261166
      1.336336      4.648545      4.648545      9.297090
      1.346346      3.895426      3.895426      7.790852
      1.356356      4.078495      4.078495      8.156991
      1.366366      5.337929      5.337929     10.675859
      1.376376      7.725401      7.725401     15.450802
      1.386386     11.157739     11.157739     22.315477
      1.396396     15.366006     15.366006     30.732012
      1.406406     19.880908     19.880908     39.761815
      1.416416     24.088075     24.088075     48.176150
      1.426426     27.352315     27.352315     54.704630
      1.436436     29.169600     29.169600     58.339200
      1.446446     29.287095     29.287095     58.574190
      1.456456     27.747607     27.747607     55.495215
      1.466466     24.853001     24.853001     49.706003
      1.476476     21.074732     21.074732     42.149465
      1.486486     16.950421     16.950421     33.900841
      1.496496     12.995227     12.995227     25.990453
      1.506507      9.640292      9.640292     19.280584
      1.516517      7.198736      7.198736     14.397473
      1.526527      5.853695      5.853695     11.707390
      1.536537      5.659779      5.659779     11.319559
      1.546547      6.549574      6.549574     13.099149
      1.556557      8.342599      8.342599     16.685198
      1.566567     10.762946     10.762946     21.525893
      1.576577     13.475562     13.475562     26.951124
      1.586587     16.143776     16.143776     32.287551
      1.596597     18.496352     18.496352     36.992703
      1.606607     20.382574     20.382574     40.765148
      1.616617     21.796831     21.796831     43.593663
      1.626627     22.866577     22.866577     45.733154
      1.636637     23.808906     23.808906     47.617811
      1.646647     24.865397     24.865397     49.730795
      1.656657     26.226074     26.226074     52.452149
      1.666667     27.958198     27.958198     55.916396
      1.676677     29.963930     29.963930     59.927860
      1.686687     31.992815     31.992815     63.985630
      1.696697     33.719777     33.719777     67.439554
      1.706707     34.866633     34.866633     69.733266
      1.716717     35.311345     35.311345     70.622691
      1.726727     35.120950     35.120950     70.241899
      1.736737     34.479008     34.479008     68.958015
      1.746747     33.544741     33.544741     67.089481
      1.756757     32.335491     32.335491     64.670982
      1.766767     30.720771     30.720771     61.441542
      1.776777     28.546649     28.546649     57.093297
      1.786787     25.817964     25.817964     51.635928
      1.796797     22.818511     22.818511     45.637022
      1.806807     20.080625     20.080625     40.161250
      1.816817     18.202919     18.202919     36.405837
      1.826827     17.600322     17.600322     35.200644
      1.836837     18.305985     18.305985     36.611969
      1.846847     19.919202     19.919202     39.838403
      1.856857     21.728028     21.728028     43.456057
      1.866867     22.960769     22.960769     45.921539
      1.876877     23.065596     23.065596     46.131192
      1.886887     21.903668     21.903668     43.807337
      1.896897     19.777128     19.777128     39.554257
      1.906907     17.286161     17.286161     34.572321
      1.916917     15.085002     15.085002     30.170005
      1.926927     13.647591     13.647591     27.295183
      1.936937     13.140665     13.140665     26.281331
      1.946947     13.445155     13.445155     26.890309
      1.956957     14.294927     14.294927     28.589855
      1.966967     15.448443     15.448443     30.896886
      1.976977     16.797805     16.797805     33.595611
      1.986987     18.358144     18.358144     36.716289
      1.996997     20.152044     20.152044     40.304088
      2.007007     22.071023     22.071023     44.142046
      2.017017     23.816308     23.816308     47.632617
      2.027027     24.975254     24.975254     49.950509
      2.037037     25.201599     25.201599     50.403198
      2.047047     24.394219     24.394219     48.788437
      2.057057     22.761938     22.761938     45.523875
      2.067067     20.729382     20.729382     41.458764
      2.077077     18.736731     18.736731     37.473461
      2.087087     17.049529     17.049529     34.099059
      2.097097     15.683598     15.683598     31.367197
      2.107107     14.476270     14.476270     28.952540
      2.117117     13.249789     13.249789     26.499579
      2.127127     11.968282     11.968282     23.936564
      2.137137     10.806080     10.806080     21.612160
      2.147147     10.102315     10.102315     20.204631
      2.157157     10.234850     10.234850     20.469700
      2.167167     11.475119     11.475119     22.950238
      2.177177     13.878936     13.878936     27.757873
      2.187187     17.241848     17.241848     34.483695
      2.197197     21.121153     21.121153     42.242307
      2.207207     24.911550     24.911550     49.823100
      2.217217     27.957142     27.957142     55.914285
      2.227227     29.681752     29.681752     59.363505
      2.237237     29.714983     29.714983     59.429966
      2.247247     27.983692     27.983692     55.967385
      2.257257     24.736485     24.736485     49.472971
      2.267267     20.483241     20.483241     40.966482
      2.277277     15.862885     15.862885     31.725769
      2.287287     11.485375     11.485375     22.970749
      2.297297      7.807047      7.807047     15.614094
      2.307307      5.081815      5.081815     10.163630
      2.317317      3.393896      3.393896      6.787791
      2.327327      2.742150      2.742150      5.484300
      2.337337      3.129019      3.129019      6.258038
      2.347347      4.611610      4.611610      9.223221
      2.357357      7.291365      7.291365     14.582729
      2.367367     11.242524     11.242524     22.485048
      2.377377     16.402802     16.402802     32.805604
      2.387387     22.468309     22.468309     44.936618
      2.397397     28.843397     28.843397     57.686794
      2.407407     34.687251     34.687251     69.374502
      2.417417     39.068751     39.068751     78.137502
      2.427427     41.195814     41.195814     82.391628
      2.437437     40.643703     40.643703     81.287407
      2.447447     37.492903     37.492903     74.985805
      2.457457     32.315474     32.315474     64.630948
      2.467467     26.011111     26.011111     52.022222
      2.477477     19.559292     19.559292     39.118584
      2.487487     13.786366     13.786366     27.572733
      2.497497      9.229025      9.229025     18.458049
      2.507508      6.121503      6.121503     12.243006
      2.517518      4.475859      4.475859      8.951717
      2.527528      4.192662      4.192662      8.385324
      2.537538      5.143860      5.143860     10.287720
      2.547548      7.199644      7.199644     14.399288
      2.557558     10.206485     10.206485     20.412970
      2.567568     13.946274     13.946274     27.892547
      2.577578     18.109564     18.109564     36.219127
      2.587588     22.303355     22.303355     44.606710
      2.597598     26.096247     26.096247     52.192493
      2.607608     29.090319     29.090319     58.180639
      2.617618     31.001756     31.001756     62.003512
      2.627628     31.728153     31.728153     63.456306
      2.637638     31.379374     31.379374     62.758748
      2.647648     30.256008     30.256008     60.512016
      2.657658     28.778591     28.778591     57.557182
      2.667668     27.393852     27.393852     54.787705
      2.677678     26.494288     26.494288     52.988576
      2.687688     26.374168     26.374168     52.748336
      2.697698     27.217791     27.217791     54.435581
      2.707708     29.096547     29.096547     58.193093
      2.717718     31.954621     31.954621     63.909241
      2.727728     35.583625     35.583625     71.167251
      2.737738     39.606479     39.606479     79.212957
      2.747748     43.497218     43.497218     86.994435
      2.757758     46.654400     46.654400     93.308800
      2.767768     48.525502     48.525502     97.051005
      2.777778     48.753447     48.753447     97.506893
      2.787788     47.293107     47.293107     94.586213
      2.797798     44.441122     44.441122     88.882244
      2.807808     40.749588     40.749588     81.499176
      2.817818     36.847320     36.847320     73.694640
      2.827828     33.242348     33.242348     66.484695
      2.837838     30.192337     30.192337     60.384673
      2.847848     27.694389     27.694389     55.388779
      2.857858     25.583076     25.583076     51.166151
      2.867868     23.673185     23.673185     47.346370
      2.877878     21.869441     21.869441     43.738883
      2.887888     20.192756     20.192756     40.385512
      2.897898     18.723619     18.723619     37.447238
      2.907908     17.510262     17.510262     35.020525
      2.917918     16.507337     16.507337     33.014674
      2.927928     15.589043     15.589043     31.178085
      2.937938     14.630331     14.630331     29.260661
      2.947948     13.601925     13.601925     27.203849
      2.957958     12.611618     12.611618     25.223237
      2.967968     11.856146     11.856146     23.712293
      2.977978     11.504821     11.504821     23.009642
      2.987988     11.581075     11.581075     23.162149
      2.997998     11.912477     11.912477     23.824954
      3.008008     12.181711     12.181711     24.363421
      3.018018     12.054333     12.054333     24.108666
      3.028028     11.317936     11.317936     22.635873
      3.038038      9.964672      9.964672     19.929345
      3.048048      8.184212      8.184212     16.368423
      3.058058      6.283492      6.283492     12.566985
      3.068068      4.582810      4.582810      9.165620
      3.078078      3.337715      3.337715      6.675431
      3.088088      2.708468      2.708468      5.416937
      3.098098      2.765419      2.765419      5.530838
      3.108108      3.501410      3.501410      7.002821
      3.118118      4.829538      4.829538      9.659076
      3.128128      6.568302      6.568302     13.136603
      3.138138      8.438602      8.438602     16.877203
      3.148148     10.101349     10.101349     20.202697
      3.158158     11.245004     11.245004     22.490007
      3.168168     11.699334     11.699334     23.398669
      3.178178     11.525923     11.525923     23.051846
      3.188188     11.035445     11.035445     22.070889
      3.198198     10.708648     10.708648     21.417296
      3.208208     11.038016     11.038016     22.076032
      3.218218     12.341061     12.341061     24.682122
      3.228228     14.611936     14.611936     29.223872
      3.238238     17.472117     17.472117     34.944234
      3.248248     20.253121     20.253121     40.506242
      3.258258     22.197049     22.197049     44.394098
      3.268268     22.707498     22.707498     45.414996
      3.278278     21.550873     21.550873     43.101745
      3.288288     18.922264     18.922264     37.844528
      3.298298     15.351669     15.351669     30.703337
      3.308308     11.502499     11.502499     23.004997
      3.318318      7.959340      7.959340     15.918680
      3.328328      5.091379      5.091379     10.182758
      3.338338      3.025765      3.025765      6.051530
      3.348348      1.708971      1.708971      3.417943
      3.358358      1.005018      1.005018      2.010037
      3.368368      0.783007      0.783007      1.566014
      3.378378      0.967657      0.967657      1.935314
      3.388388      1.547124      1.547124      3.094248
      3.398398      2.544244      2.544244      5.088489
      3.408408      3.963740      3.963740      7.927481
      3.418418      5.734670      5.734670     11.469340
      3.428428      7.674476      7.674476     15.348952
      3.438438      9.500721      9.500721     19.001442
      3.448448     10.900954     10.900954     21.801908
      3.458458     11.641954     11.641954     23.283908
      3.468468     11.671752     11.671752     23.343505
      3.478478     11.161159     11.161159     22.322318
      3.488488     10.455092     10.455092     20.910183
      3.498498      9.947514      9.947514     19.895029
      3.508509      9.933293      9.933293     19.866587
      3.518519     10.503719     10.503719     21.007437
      3.528529     11.532606     11.532606     23.065213
      3.538539     12.756494     12.756494     25.512987
      3.548549     13.906543     13.906543     27.813085
      3.558559     14.824723     14.824723     29.649446
      3.568569     15.507550     15.507550     31.015100
      3.578579     16.063162     16.063162     32.126324
      3.588589     16.617005     16.617005     33.234009
      3.598599     17.225833     17.225833     34.451665
      3.608609     17.844031     17.844031     35.688062
      3.618619     18.345390     18.345390     36.690779
      3.628629     18.570921     18.570921     37.141843
      3.638639     18.371567     18.371567     36.743135
      3.648649     17.636588     17.636588     35.273176
      3.658659     16.317285     16.317285     32.634571
      3.668669     14.453126     14.453126     28.906253
      3.678679     12.190587     12.190587     24.381173
      3.688689      9.776004      9.776004     19.552007
      3.698699      7.514428      7.514428     15.028857
      3.708709      5.707051      5.707051     11.414102
      3.718719      4.590720      4.590720      9.181439
      3.728729      4.295884      4.295884      8.591768
      3.738739      4.823903      4.823903      9.647805
      3.748749      6.037660      6.037660     12.075321
      3.758759      7.666749      7.666749     15.333497
      3.768769      9.339603      9.339603     18.679207
      3.778779     10.653638     10.653638     21.307275
      3.788789     11.274916     11.274916     22.549832
      3.798799     11.033678     11.033678     22.067356
      3.808809      9.972400      9.972400     19.944801
      3.818819      8.320840      8.320840     16.641680
      3.828829      6.408515      6.408515     12.817029
      3.838839      4.555617      4.555617      9.111234
      3.848849      2.989020      2.989020      5.978041
      3.858859      1.810100      1.810100      3.620201
      3.868869      1.011791      1.011791      2.023582
      3.878879      0.522234      0.522234      1.044468
      3.888889      0.249626      0.249626      0.499253
      3.898899      0.112855      0.112855      0.225711
      3.908909      0.055231      0.055231      0.110461
      3.918919      0.046856      0.046856      0.093712
      3.928929      0.083169      0.083169      0.166339
      3.938939      0.184943      0.184943      0.369887
      3.948949      0.401049      0.401049      0.802097
      3.958959      0.811076      0.811076      1.622153
      3.968969      1.521715      1.521715      3.043430
      3.978979      2.650330      2.650330      5.300659
      3.988989      4.293486      4.293486      8.586972
      3.998999      6.487135      6.487135     12.974269
      4.009009      9.174490      9.174490     18.348981
      4.019019     12.199717     12.199717     24.399435
      4.029029     15.335294     15.335294     30.670589
      4.039039     18.332183     18.332183     36.664366
      4.049049     20.967623     20.967623     41.935246
      4.059059     23.068072     23.068072     46.136144
      4.069069     24.504853     24.504853     49.009706
      4.079079     25.182559     25.182559     50.365118
      4.089089     25.046328     25.046328     50.092656
      4.099099     24.116821     24.116821     48.233641
      4.109109     22.532916     22.532916     45.065831
      4.119119     20.564011     20.564011     41.128023
      4.129129     18.562678     18.562678     37.125356
      4.139139     16.862461     16.862461     33.724922
      4.149149     15.664696     15.664696     31.329392
      4.159159     14.975449     14.975449     29.950898
      4.169169     14.633216     14.633216     29.266432
      4.179179     14.417886     14.417886     28.835773
      4.189189     14.181837     14.181837     28.363674
      4.199199     13.928551     13.928551     27.857103
      4.209209     13.795805     13.795805     27.591610
      4.219219     13.959913     13.959913     27.919826
      4.229229     14.525172     14.525172     29.050344
      4.239239     15.466647     15.466647     30.933294
      4.249249     16.654162     16.654162     33.308323
      4.259259     17.931300     17.931300     35.862600
      4.269269     19.193323     19.193323     38.386646
      4.279279     20.418800     20.418800     40.837601
      4.289289     21.646468     21.646468     43.292936
      4.299299     22.920948     22.920948     45.841895
      4.309309     24.239582     24.239582     48.479163
      4.319319     25.522792     25.522792     51.045585
      4.329329     26.618776     26.618776     53.237552
      4.339339     27.347360     27.347360     54.694720
      4.349349     27.579405     27.579405     55.158810
      4.359359     27.328524     27.328524     54.657047
      4.369369     26.808820     26.808820     53.617640
      4.379379     26.408130     26.408130     52.816259
      4.389389     26.557279     26.557279     53.114558
      4.399399     27.533162     27.533162     55.066325
      4.409409     29.283632     29.283632     58.567263
      4.419419     31.369597     31.369597     62.739193
      4.429429     33.072236     33.072236     66.144472
      4.439439     33.633127     33.633127     67.266254
      4.449449     32.526641     32.526641     65.053281
      4.459459     29.646292     29.646292     59.292583
      4.469469     25.329519     25.329519     50.659037
      4.479479     20.223549     20.223549     40.447097
      4.489489     15.064865     15.064865     30.129731
      4.499499     10.471413     10.471413     20.942825
      4.509510      6.822994      6.822994     13.645989
      4.519520      4.252481      4.252481      8.504962
      4.529530      2.720163      2.720163      5.440326
      4.539540      2.118108      2.118108      4.236216
      4.549550      2.354047      2.354047      4.708094
      4.559560      3.384545      3.384545      6.769091
      4.569570      5.192206      5.192206     10.384411
      4.579580      7.723576      7.723576     15.447153
      4.589590     10.819923     10.819923     21.639846
      4.599600     14.178766     14.178766     28.357531
      4.609610     17.375859     17.375859     34.751718
      4.619620     19.954047     19.954047     39.908093
      4.629630     21.553928     21.553928     43.107857
      4.639640     22.035769     22.035769     44.071538
      4.649650     21.537281     21.537281     43.074563
      4.659660     20.434223     20.434223     40.868447
      4.669670     19.212512     19.212512     38.425024
      4.679680     18.302034     18.302034     36.604068
      4.689690     17.940788     17.940788     35.881577
      4.699700     18.121653     18.121653     36.243307
      4.709710     18.631612     18.631612     37.263224
      4.719720     19.150772     19.150772     38.301545
      4.729730     19.361461     19.361461     38.722923
      4.739740     19.031680     19.031680     38.063361
      4.749750     18.064301     18.064301     36.128602
      4.759760     16.519213     16.519213     33.038425
      4.769770     14.611635     14.611635     29.223270
      4.779780     12.678801     12.678801     25.357602
      4.789790     11.108111     11.108111     22.216222
      4.799800     10.238001     10.238001     20.476003
      4.809810     10.265175     10.265175     20.530350
      4.819820     11.199133     11.199133     22.398266
      4.829830     12.887144     12.887144     25.774287
      4.839840     15.096741     15.096741     30.193481
      4.849850     17.609092     17.609092     35.218183
      4.859860     20.268444     20.268444     40.536887
      4.869870     22.960879     22.960879     45.921758
      4.879880     25.545544     25.545544     51.091088
      4.889890     27.798483     27.798483     55.596965
      4.899900     29.422489     29.422489     58.844978
      4.909910     30.127635     30.127635     60.255270
      4.919920     29.733958     29.733958     59.467915
      4.929930     28.233028     28.233028     56.466056
      4.939940     25.778693     25.778693     51.557386
      4.949950     22.627551     22.627551     45.255102
      4.959960     19.074629     19.074629     38.149257
      4.969970     15.415185     15.415185     30.830370
      4.979980     11.931527     11.931527     23.863053
      4.989990      8.885339      8.885339     17.770677
      5.000000      6.501639      6.501639     13.003278
