# EIG2DOS: Utility for SIESTA to obtain the electronic density of states
#  E. Artacho, Apr 1999, A. Garcia, Apr 2012
#  Nick R. Papior, Feb 2017
# ------------------------------------------
# Eigenvalues calculated from a non-polarized calculation
# Eigenvalues read from siesta.EIG
# Kpoint weights read from siesta.KP
# Using smearing parameter:   0.0500
# Using 1000 points in the energy range
# Selected bands: 1 to: 2981
# Emin, Emax in file for selected band(s):    -27.1262318    218.3718540
# Nbands, Nspin, Nk   =   2981     1     1
# E_F                 =    -4.2299 eV --> (shifted to ZERO)
# Broadening          =     0.0500 eV
#
#        E            N(up)  (=)   N(down)         Ntot
     -5.000000     32.200409     32.200409     64.400819
     -4.989990     36.657051     36.657051     73.314103
     -4.979980     40.775813     40.775813     81.551626
     -4.969970     43.897693     43.897693     87.795385
     -4.959960     45.462545     45.462545     90.925090
     -4.949950     45.191102     45.191102     90.382203
     -4.939940     43.185899     43.185899     86.371797
     -4.929930     39.921566     39.921566     79.843132
     -4.919920     36.146425     36.146425     72.292850
     -4.909910     32.742356     32.742356     65.484712
     -4.899900     30.576946     30.576946     61.153892
     -4.889890     30.351832     30.351832     60.703663
     -4.879880     32.440225     32.440225     64.880451
     -4.869870     36.733681     36.733681     73.467363
     -4.859860     42.562786     42.562786     85.125572
     -4.849850     48.772098     48.772098     97.544197
     -4.839840     53.982993     53.982993    107.965985
     -4.829830     56.982993     56.982993    113.965986
     -4.819820     57.095041     57.095041    114.190082
     -4.809810     54.367304     54.367304    108.734607
     -4.799800     49.502054     49.502054     99.004109
     -4.789790     43.567624     43.567624     87.135249
     -4.779780     37.634438     37.634438     75.268877
     -4.769770     32.489574     32.489574     64.979148
     -4.759760     28.517331     28.517331     57.034662
     -4.749750     25.738704     25.738704     51.477407
     -4.739740     23.938916     23.938916     47.877832
     -4.729730     22.803416     22.803416     45.606831
     -4.719720     22.013501     22.013501     44.027003
     -4.709710     21.292472     21.292472     42.584944
     -4.699700     20.420720     20.420720     40.841440
     -4.689690     19.247421     19.247421     38.494841
     -4.679680     17.718715     17.718715     35.437430
     -4.669670     15.922673     15.922673     31.845346
     -4.659660     14.129909     14.129909     28.259818
     -4.649650     12.798298     12.798298     25.596596
     -4.639640     12.517321     12.517321     25.034642
     -4.629630     13.887710     13.887710     27.775420
     -4.619620     17.355468     17.355468     34.710937
     -4.609610     23.040013     23.040013     46.080026
     -4.599600     30.611494     30.611494     61.222988
     -4.589590     39.275574     39.275574     78.551149
     -4.579580     47.902934     47.902934     95.805867
     -4.569570     55.291012     55.291012    110.582024
     -4.559560     60.483735     60.483735    120.967469
     -4.549550     63.035301     63.035301    126.070602
     -4.539540     63.114568     63.114568    126.229136
     -4.529530     61.406799     61.406799    122.813598
     -4.519520     58.850557     58.850557    117.701114
     -4.509510     56.311157     56.311157    112.622314
     -4.499499     54.312470     54.312470    108.624940
     -4.489489     52.920459     52.920459    105.840918
     -4.479479     51.807701     51.807701    103.615402
     -4.469469     50.454538     50.454538    100.909077
     -4.459459     48.391130     48.391130     96.782260
     -4.449449     45.379225     45.379225     90.758450
     -4.439439     41.474414     41.474414     82.948828
     -4.429429     36.974385     36.974385     73.948769
     -4.419419     32.308977     32.308977     64.617953
     -4.409409     27.936527     27.936527     55.873055
     -4.399399     24.279413     24.279413     48.558825
     -4.389389     21.688230     21.688230     43.376460
     -4.379379     20.403547     20.403547     40.807095
     -4.369369     20.500903     20.500903     41.001806
     -4.359359     21.841450     21.841450     43.682899
     -4.349349     24.072876     24.072876     48.145752
     -4.339339     26.710247     26.710247     53.420495
     -4.329329     29.282039     29.282039     58.564077
     -4.319319     31.484035     31.484035     62.968070
     -4.309309     33.272201     33.272201     66.544403
     -4.299299     34.850779     34.850779     69.701557
     -4.289289     36.556189     36.556189     73.112377
     -4.279279     38.677414     38.677414     77.354829
     -4.269269     41.277045     41.277045     82.554090
     -4.259259     44.082966     44.082966     88.165932
     -4.249249     46.507601     46.507601     93.015202
     -4.239239     47.813761     47.813761     95.627523
     -4.229229     47.384490     47.384490     94.768980
     -4.219219     44.992000     44.992000     89.983999
     -4.209209     40.938631     40.938631     81.877262
     -4.199199     35.989024     35.989024     71.978048
     -4.189189     31.112833     31.112833     62.225666
     -4.179179     27.154719     27.154719     54.309437
     -4.169169     24.582812     24.582812     49.165625
     -4.159159     23.418813     23.418813     46.837626
     -4.149149     23.355802     23.355802     46.711603
     -4.139139     23.982182     23.982182     47.964363
     -4.129129     24.993919     24.993919     49.987838
     -4.119119     26.298410     26.298410     52.596821
     -4.109109     27.971333     27.971333     55.942666
     -4.099099     30.096660     30.096660     60.193320
     -4.089089     32.577001     32.577001     65.154003
     -4.079079     35.024688     35.024688     70.049377
     -4.069069     36.814973     36.814973     73.629947
     -4.059059     37.302744     37.302744     74.605487
     -4.049049     36.109103     36.109103     72.218205
     -4.039039     33.332031     33.332031     66.664061
     -4.029029     29.566228     29.566228     59.132455
     -4.019019     25.717972     25.717972     51.435945
     -4.009009     22.708961     22.708961     45.417922
     -3.998999     21.211243     21.211243     42.422487
     -3.988989     21.519338     21.519338     43.038676
     -3.978979     23.577767     23.577767     47.155533
     -3.968969     27.103384     27.103384     54.206767
     -3.958959     31.717140     31.717140     63.434280
     -3.948949     37.031444     37.031444     74.062887
     -3.938939     42.691363     42.691363     85.382726
     -3.928929     48.397641     48.397641     96.795283
     -3.918919     53.929333     53.929333    107.858666
     -3.908909     59.152599     59.152599    118.305198
     -3.898899     63.986038     63.986038    127.972077
     -3.888889     68.313037     68.313037    136.626074
     -3.878879     71.875976     71.875976    143.751952
     -3.868869     74.220507     74.220507    148.441015
     -3.858859     74.750399     74.750399    149.500799
     -3.848849     72.902370     72.902370    145.804740
     -3.838839     68.382893     68.382893    136.765785
     -3.828829     61.364430     61.364430    122.728860
     -3.818819     52.544451     52.544451    105.088902
     -3.808809     43.026358     43.026358     86.052716
     -3.798799     34.058278     34.058278     68.116555
     -3.788789     26.723622     26.723622     53.447244
     -3.778779     21.689544     21.689544     43.379088
     -3.768769     19.086803     19.086803     38.173605
     -3.758759     18.540831     18.540831     37.081663
     -3.748749     19.326554     19.326554     38.653109
     -3.738739     20.593493     20.593493     41.186985
     -3.728729     21.601768     21.601768     43.203536
     -3.718719     21.915207     21.915207     43.830413
     -3.708709     21.508498     21.508498     43.016996
     -3.698699     20.760540     20.760540     41.521080
     -3.688689     20.328161     20.328161     40.656323
     -3.678679     20.924434     20.924434     41.848867
     -3.668669     23.059427     23.059427     46.118853
     -3.658659     26.826407     26.826407     53.652814
     -3.648649     31.816155     31.816155     63.632309
     -3.638639     37.204398     37.204398     74.408795
     -3.628629     41.989301     41.989301     83.978601
     -3.618619     45.288301     45.288301     90.576603
     -3.608609     46.576493     46.576493     93.152987
     -3.598599     45.782133     45.782133     91.564266
     -3.588589     43.228846     43.228846     86.457692
     -3.578579     39.480689     39.480689     78.961378
     -3.568569     35.167011     35.167011     70.334022
     -3.558559     30.839922     30.839922     61.679845
     -3.548549     26.881389     26.881389     53.762777
     -3.538539     23.460187     23.460187     46.920373
     -3.528529     20.541850     20.541850     41.083700
     -3.518519     17.955077     17.955077     35.910154
     -3.508509     15.500526     15.500526     31.001051
     -3.498498     13.062644     13.062644     26.125288
     -3.488488     10.676730     10.676730     21.353460
     -3.478478      8.523748      8.523748     17.047496
     -3.468468      6.861374      6.861374     13.722748
     -3.458458      5.926183      5.926183     11.852366
     -3.448448      5.845157      5.845157     11.690315
     -3.438438      6.581813      6.581813     13.163625
     -3.428428      7.928886      7.928886     15.857771
     -3.418418      9.552333      9.552333     19.104665
     -3.408408     11.083516     11.083516     22.167031
     -3.398398     12.239856     12.239856     24.479712
     -3.388388     12.933619     12.933619     25.867237
     -3.378378     13.321057     13.321057     26.642114
     -3.368368     13.763286     13.763286     27.526571
     -3.358358     14.709645     14.709645     29.419289
     -3.348348     16.549187     16.549187     33.098373
     -3.338338     19.482888     19.482888     38.965775
     -3.328328     23.447255     23.447255     46.894509
     -3.318318     28.092195     28.092195     56.184389
     -3.308308     32.807474     32.807474     65.614947
     -3.298298     36.804307     36.804307     73.608614
     -3.288288     39.265948     39.265948     78.531897
     -3.278278     39.557295     39.557295     79.114591
     -3.268268     37.434444     37.434444     74.868888
     -3.258258     33.161734     33.161734     66.323468
     -3.248248     27.466349     27.466349     54.932698
     -3.238238     21.336196     21.336196     42.672392
     -3.228228     15.745981     15.745981     31.491962
     -3.218218     11.423797     11.423797     22.847595
     -3.208208      8.732435      8.732435     17.464870
     -3.198198      7.671825      7.671825     15.343650
     -3.188188      7.961833      7.961833     15.923666
     -3.178178      9.160141      9.160141     18.320283
     -3.168168     10.791159     10.791159     21.582319
     -3.158158     12.475853     12.475853     24.951706
     -3.148148     14.043237     14.043237     28.086475
     -3.138138     15.585456     15.585456     31.170913
     -3.128128     17.417559     17.417559     34.835117
     -3.118118     19.934908     19.934908     39.869815
     -3.108108     23.412567     23.412567     46.825134
     -3.098098     27.829616     27.829616     55.659233
     -3.088088     32.799739     32.799739     65.599479
     -3.078078     37.644622     37.644622     75.289245
     -3.068068     41.582035     41.582035     83.164070
     -3.058058     43.950139     43.950139     87.900277
     -3.048048     44.378795     44.378795     88.757590
     -3.038038     42.850517     42.850517     85.701034
     -3.028028     39.649132     39.649132     79.298264
     -3.018018     35.242893     35.242893     70.485786
     -3.008008     30.166210     30.166210     60.332420
     -2.997998     24.945532     24.945532     49.891063
     -2.987988     20.076716     20.076716     40.153432
     -2.977978     16.029095     16.029095     32.058190
     -2.967968     13.241992     13.241992     26.483985
     -2.957958     12.091514     12.091514     24.183029
     -2.947948     12.825976     12.825976     25.651952
     -2.937938     15.486015     15.486015     30.972031
     -2.927928     19.837035     19.837035     39.674070
     -2.917918     25.347292     25.347292     50.694585
     -2.907908     31.241060     31.241060     62.482121
     -2.897898     36.636671     36.636671     73.273341
     -2.887888     40.744422     40.744422     81.488844
     -2.877878     43.063261     43.063261     86.126521
     -2.867868     43.499989     43.499989     86.999979
     -2.857858     42.356183     42.356183     84.712365
     -2.847848     40.181706     40.181706     80.363413
     -2.837838     37.554914     37.554914     75.109828
     -2.827828     34.885335     34.885335     69.770669
     -2.817818     32.323535     32.323535     64.647070
     -2.807808     29.808268     29.808268     59.616536
     -2.797798     27.211199     27.211199     54.422399
     -2.787788     24.492006     24.492006     48.984013
     -2.777778     21.777471     21.777471     43.554942
     -2.767768     19.326245     19.326245     38.652489
     -2.757758     17.408712     17.408712     34.817424
     -2.747748     16.179842     16.179842     32.359684
     -2.737738     15.623886     15.623886     31.247772
     -2.727728     15.602314     15.602314     31.204629
     -2.717718     15.968924     15.968924     31.937849
     -2.707708     16.671093     16.671093     33.342186
     -2.697698     17.764483     17.764483     35.528966
     -2.687688     19.327687     19.327687     38.655375
     -2.677678     21.335655     21.335655     42.671309
     -2.667668     23.586037     23.586037     47.172074
     -2.657658     25.742642     25.742642     51.485284
     -2.647648     27.481584     27.481584     54.963169
     -2.637638     28.652070     28.652070     57.304140
     -2.627628     29.348552     29.348552     58.697103
     -2.617618     29.847334     29.847334     59.694668
     -2.607608     30.448799     30.448799     60.897597
     -2.597598     31.322474     31.322474     62.644949
     -2.587588     32.437975     32.437975     64.875951
     -2.577578     33.597363     33.597363     67.194727
     -2.567568     34.520542     34.520542     69.041084
     -2.557558     34.922475     34.922475     69.844950
     -2.547548     34.559013     34.559013     69.118026
     -2.537538     33.263120     33.263120     66.526240
     -2.527528     31.000811     31.000811     62.001622
     -2.517518     27.941284     27.941284     55.882567
     -2.507508     24.494805     24.494805     48.989611
     -2.497497     21.266420     21.266420     42.532839
     -2.487487     18.913155     18.913155     37.826311
     -2.477477     17.949513     17.949513     35.899026
     -2.467467     18.581807     18.581807     37.163613
     -2.457457     20.645409     20.645409     41.290818
     -2.447447     23.675626     23.675626     47.351252
     -2.437437     27.084978     27.084978     54.169956
     -2.427427     30.372311     30.372311     60.744623
     -2.417417     33.272771     33.272771     66.545542
     -2.407407     35.781673     35.781673     71.563347
     -2.397397     38.042718     38.042718     76.085436
     -2.387387     40.157282     40.157282     80.314563
     -2.377377     42.014625     42.014625     84.029249
     -2.367367     43.238738     43.238738     86.477476
     -2.357357     43.294019     43.294019     86.588039
     -2.347347     41.712101     41.712101     83.424202
     -2.337337     38.336061     38.336061     76.672122
     -2.327327     33.463421     33.463421     66.926843
     -2.317317     27.817179     27.817179     55.634357
     -2.307307     22.358463     22.358463     44.716925
     -2.297297     18.026021     18.026021     36.052042
     -2.287287     15.507709     15.507709     31.015419
     -2.277277     15.115162     15.115162     30.230325
     -2.267267     16.775512     16.775512     33.551025
     -2.257257     20.109476     20.109476     40.218951
     -2.247247     24.549473     24.549473     49.098946
     -2.237237     29.458106     29.458106     58.916212
     -2.227227     34.221838     34.221838     68.443676
     -2.217217     38.309154     38.309154     76.618308
     -2.207207     41.296370     41.296370     82.592740
     -2.197197     42.877280     42.877280     85.754559
     -2.187187     42.878575     42.878575     85.757149
     -2.177177     41.293321     41.293321     82.586642
     -2.167167     38.319854     38.319854     76.639708
     -2.157157     34.368861     34.368861     68.737722
     -2.147147     30.000348     30.000348     60.000695
     -2.137137     25.785742     25.785742     51.571484
     -2.127127     22.141831     22.141831     44.283661
     -2.117117     19.215206     19.215206     38.430412
     -2.107107     16.879282     16.879282     33.758565
     -2.097097     14.846204     14.846204     29.692409
     -2.087087     12.832190     12.832190     25.664381
     -2.077077     10.689959     10.689959     21.379918
     -2.067067      8.449913      8.449913     16.899826
     -2.057057      6.269324      6.269324     12.538649
     -2.047047      4.336029      4.336029      8.672058
     -2.037037      2.784048      2.784048      5.568097
     -2.027027      1.655864      1.655864      3.311728
     -2.017017      0.912442      0.912442      1.824883
     -2.007007      0.469863      0.469863      0.939726
     -1.996997      0.238514      0.238514      0.477029
     -1.986987      0.150885      0.150885      0.301769
     -1.976977      0.176071      0.176071      0.352142
     -1.966967      0.325500      0.325500      0.651000
     -1.956957      0.653811      0.653811      1.307623
     -1.946947      1.254272      1.254272      2.508545
     -1.936937      2.244031      2.244031      4.488063
     -1.926927      3.734935      3.734935      7.469869
     -1.916917      5.792251      5.792251     11.584502
     -1.906907      8.393867      8.393867     16.787735
     -1.896897     11.409472     11.409472     22.818944
     -1.886887     14.615697     14.615697     29.231394
     -1.876877     17.747709     17.747709     35.495419
     -1.866867     20.568189     20.568189     41.136379
     -1.856857     22.923623     22.923623     45.847245
     -1.846847     24.763173     24.763173     49.526347
     -1.836837     26.113854     26.113854     52.227707
     -1.826827     27.026155     27.026155     54.052309
     -1.816817     27.516501     27.516501     55.033002
     -1.806807     27.533207     27.533207     55.066415
     -1.796797     26.962819     26.962819     53.925638
     -1.786787     25.677394     25.677394     51.354789
     -1.776777     23.605137     23.605137     47.210274
     -1.766767     20.793724     20.793724     41.587449
     -1.756757     17.435514     17.435514     34.871028
     -1.746747     13.839454     13.839454     27.678908
     -1.736737     10.359782     10.359782     20.719565
     -1.726727      7.312682      7.312682     14.625363
     -1.716717      4.916497      4.916497      9.832993
     -1.706707      3.276273      3.276273      6.552547
     -1.696697      2.408489      2.408489      4.816979
     -1.686687      2.281425      2.281425      4.562851
     -1.676677      2.841565      2.841565      5.683131
     -1.666667      4.008554      4.008554      8.017108
     -1.656657      5.643897      5.643897     11.287795
     -1.646647      7.519875      7.519875     15.039750
     -1.636637      9.322566      9.322566     18.645131
     -1.626627     10.709487     10.709487     21.418975
     -1.616617     11.412460     11.412460     22.824921
     -1.606607     11.346372     11.346372     22.692744
     -1.596597     10.673848     10.673848     21.347697
     -1.586587      9.792167      9.792167     19.584334
     -1.576577      9.241483      9.241483     18.482966
     -1.566567      9.562131      9.562131     19.124261
     -1.556557     11.140442     11.140442     22.280884
     -1.546547     14.080272     14.080272     28.160544
     -1.536537     18.132160     18.132160     36.264320
     -1.526527     22.707127     22.707127     45.414254
     -1.516517     26.988933     26.988933     53.977865
     -1.506507     30.129272     30.129272     60.258545
     -1.496496     31.472653     31.472653     62.945307
     -1.486486     30.734613     30.734613     61.469226
     -1.476476     28.068578     28.068578     56.137156
     -1.466466     24.001480     24.001480     48.002959
     -1.456456     19.272108     19.272108     38.544216
     -1.446446     14.639627     14.639627     29.279255
     -1.436436     10.727792     10.727792     21.455584
     -1.426426      7.939969      7.939969     15.879939
     -1.416416      6.442337      6.442337     12.884675
     -1.406406      6.188963      6.188963     12.377926
     -1.396396      6.962633      6.962633     13.925266
     -1.386386      8.422720      8.422720     16.845441
     -1.376376     10.167882     10.167882     20.335764
     -1.366366     11.820140     11.820140     23.640281
     -1.356356     13.116422     13.116422     26.232844
     -1.346346     13.971268     13.971268     27.942535
     -1.336336     14.474003     14.474003     28.948006
     -1.326326     14.813947     14.813947     29.627895
     -1.316316     15.170356     15.170356     30.340711
     -1.306306     15.626805     15.626805     31.253610
     -1.296296     16.152000     16.152000     32.303999
     -1.286286     16.642272     16.642272     33.284545
     -1.276276     16.981831     16.981831     33.963663
     -1.266266     17.075597     17.075597     34.151195
     -1.256256     16.844182     16.844182     33.688364
     -1.246246     16.208363     16.208363     32.416725
     -1.236236     15.097783     15.097783     30.195566
     -1.226226     13.491266     13.491266     26.982532
     -1.216216     11.461265     11.461265     22.922530
     -1.206206      9.184664      9.184664     18.369328
     -1.196196      6.904497      6.904497     13.808994
     -1.186186      4.861748      4.861748      9.723496
     -1.176176      3.235162      3.235162      6.470323
     -1.166166      2.118265      2.118265      4.236530
     -1.156156      1.536797      1.536797      3.073594
     -1.146146      1.486048      1.486048      2.972095
     -1.136136      1.959320      1.959320      3.918640
     -1.126126      2.947068      2.947068      5.894136
     -1.116116      4.404819      4.404819      8.809639
     -1.106106      6.208314      6.208314     12.416627
     -1.096096      8.127373      8.127373     16.254746
     -1.086086      9.847686      9.847686     19.695372
     -1.076076     11.048683     11.048683     22.097366
     -1.066066     11.513736     11.513736     23.027471
     -1.056056     11.224020     11.224020     22.448040
     -1.046046     10.386905     10.386905     20.773811
     -1.036036      9.377015      9.377015     18.754029
     -1.026026      8.608298      8.608298     17.216595
     -1.016016      8.386484      8.386484     16.772967
     -1.006006      8.798888      8.798888     17.597775
     -0.995996      9.682882      9.682882     19.365763
     -0.985986     10.684601     10.684601     21.369201
     -0.975976     11.386236     11.386236     22.772472
     -0.965966     11.453706     11.453706     22.907412
     -0.955956     10.747280     10.747280     21.494560
     -0.945946      9.353150      9.353150     18.706299
     -0.935936      7.529839      7.529839     15.059678
     -0.925926      5.601749      5.601749     11.203499
     -0.915916      3.851635      3.851635      7.703270
     -0.905906      2.455039      2.455039      4.910078
     -0.895896      1.471743      1.471743      2.943487
     -0.885886      0.881237      0.881237      1.762473
     -0.875876      0.635437      0.635437      1.270875
     -0.865866      0.703788      0.703788      1.407577
     -0.855856      1.095486      1.095486      2.190973
     -0.845846      1.853042      1.853042      3.706084
     -0.835836      3.018675      3.018675      6.037350
     -0.825826      4.583065      4.583065      9.166129
     -0.815816      6.436015      6.436015     12.872030
     -0.805806      8.345846      8.345846     16.691692
     -0.795796      9.989773      9.989773     19.979546
     -0.785786     11.036659     11.036659     22.073318
     -0.775776     11.254046     11.254046     22.508092
     -0.765766     10.591739     10.591739     21.183479
     -0.755756      9.200551      9.200551     18.401102
     -0.745746      7.376533      7.376533     14.753066
     -0.735736      5.458871      5.458871     10.917741
     -0.725726      3.729633      3.729633      7.459265
     -0.715716      2.355293      2.355293      4.710586
     -0.705706      1.382722      1.382722      2.765444
     -0.695696      0.775792      0.775792      1.551584
     -0.685686      0.466999      0.466999      0.933998
     -0.675676      0.402352      0.402352      0.804705
     -0.665666      0.568359      0.568359      1.136717
     -0.655656      0.998039      0.998039      1.996078
     -0.645646      1.755736      1.755736      3.511471
     -0.635636      2.901646      2.901646      5.803292
     -0.625626      4.442000      4.442000      8.883999
     -0.615616      6.280769      6.280769     12.561538
     -0.605606      8.197788      8.197788     16.395576
     -0.595596      9.875974      9.875974     19.751948
     -0.585586     10.981269     10.981269     21.962538
     -0.575576     11.269703     11.269703     22.539407
     -0.565566     10.674791     10.674791     21.349583
     -0.555556      9.332396      9.332396     18.664792
     -0.545546      7.530326      7.530326     15.060653
     -0.535536      5.608171      5.608171     11.216343
     -0.525526      3.854922      3.854922      7.709844
     -0.515516      2.445664      2.445664      4.891328
     -0.505506      1.432072      1.432072      2.864144
     -0.495495      0.773962      0.773962      1.547924
     -0.485485      0.386066      0.386066      0.772132
     -0.475475      0.177742      0.177742      0.355484
     -0.465465      0.075528      0.075528      0.151055
     -0.455455      0.029622      0.029622      0.059243
     -0.445445      0.010723      0.010723      0.021445
     -0.435435      0.003583      0.003583      0.007166
     -0.425425      0.001108      0.001108      0.002215
     -0.415415      0.000328      0.000328      0.000655
     -0.405405      0.000138      0.000138      0.000276
     -0.395395      0.000237      0.000237      0.000473
     -0.385385      0.000783      0.000783      0.001566
     -0.375375      0.002584      0.002584      0.005168
     -0.365365      0.007910      0.007910      0.015820
     -0.355355      0.022356      0.022356      0.044711
     -0.345345      0.058318      0.058318      0.116637
     -0.335335      0.140414      0.140414      0.280828
     -0.325325      0.312035      0.312035      0.624071
     -0.315315      0.640005      0.640005      1.280010
     -0.305305      1.211574      1.211574      2.423148
     -0.295295      2.116914      2.116914      4.233828
     -0.285285      3.413842      3.413842      6.827684
     -0.275275      5.081248      5.081248     10.162497
     -0.265265      6.980464      6.980464     13.960928
     -0.255255      8.850851      8.850851     17.701702
     -0.245245     10.357921     10.357921     20.715843
     -0.235235     11.187860     11.187860     22.375721
     -0.225225     11.153427     11.153427     22.306853
     -0.215215     10.262577     10.262577     20.525155
     -0.205205      8.715482      8.715482     17.430964
     -0.195195      6.831456      6.831456     13.662911
     -0.185185      4.942218      4.942218      9.884437
     -0.175175      3.300027      3.300027      6.600053
     -0.165165      2.033761      2.033761      4.067521
     -0.155155      1.156829      1.156829      2.313657
     -0.145145      0.607331      0.607331      1.214661
     -0.135135      0.294285      0.294285      0.588570
     -0.125125      0.131613      0.131613      0.263225
     -0.115115      0.054327      0.054327      0.108654
     -0.105105      0.020698      0.020698      0.041395
     -0.095095      0.007278      0.007278      0.014556
     -0.085085      0.002362      0.002362      0.004724
     -0.075075      0.000708      0.000708      0.001415
     -0.065065      0.000196      0.000196      0.000391
     -0.055055      0.000050      0.000050      0.000100
     -0.045045      0.000012      0.000012      0.000024
     -0.035035      0.000003      0.000003      0.000005
     -0.025025      0.000001      0.000001      0.000001
     -0.015015      0.000000      0.000000      0.000000
     -0.005005      0.000000      0.000000      0.000000
      0.005005      0.000000      0.000000      0.000000
      0.015015      0.000000      0.000000      0.000000
      0.025025      0.000001      0.000001      0.000001
      0.035035      0.000003      0.000003      0.000005
      0.045045      0.000012      0.000012      0.000024
      0.055055      0.000050      0.000050      0.000100
      0.065065      0.000196      0.000196      0.000391
      0.075075      0.000708      0.000708      0.001415
      0.085085      0.002362      0.002362      0.004724
      0.095095      0.007278      0.007278      0.014556
      0.105105      0.020698      0.020698      0.041395
      0.115115      0.054327      0.054327      0.108654
      0.125125      0.131613      0.131613      0.263225
      0.135135      0.294285      0.294285      0.588570
      0.145145      0.607331      0.607331      1.214661
      0.155155      1.156829      1.156829      2.313657
      0.165165      2.033761      2.033761      4.067521
      0.175175      3.300027      3.300027      6.600053
      0.185185      4.942218      4.942218      9.884437
      0.195195      6.831456      6.831456     13.662911
      0.205205      8.715482      8.715482     17.430964
      0.215215     10.262577     10.262577     20.525155
      0.225225     11.153427     11.153427     22.306853
      0.235235     11.187860     11.187860     22.375721
      0.245245     10.357921     10.357921     20.715843
      0.255255      8.850851      8.850851     17.701702
      0.265265      6.980464      6.980464     13.960928
      0.275275      5.081248      5.081248     10.162497
      0.285285      3.413842      3.413842      6.827684
      0.295295      2.116914      2.116914      4.233828
      0.305305      1.211574      1.211574      2.423148
      0.315315      0.640005      0.640005      1.280010
      0.325325      0.312035      0.312035      0.624071
      0.335335      0.140414      0.140414      0.280828
      0.345345      0.058318      0.058318      0.116637
      0.355355      0.022356      0.022356      0.044711
      0.365365      0.007910      0.007910      0.015819
      0.375375      0.002583      0.002583      0.005166
      0.385385      0.000780      0.000780      0.001560
      0.395395      0.000223      0.000223      0.000446
      0.405405      0.000084      0.000084      0.000168
      0.415415      0.000129      0.000129      0.000258
      0.425425      0.000435      0.000435      0.000870
      0.435435      0.001489      0.001489      0.002978
      0.445445      0.004732      0.004732      0.009464
      0.455455      0.013886      0.013886      0.027772
      0.465465      0.037608      0.037608      0.075217
      0.475475      0.094011      0.094011      0.188023
      0.485485      0.216902      0.216902      0.433803
      0.495495      0.461884      0.461884      0.923767
      0.505506      0.907798      0.907798      1.815596
      0.515516      1.646769      1.646769      3.293538
      0.525526      2.757166      2.757166      5.514333
      0.535536      4.260692      4.260692      8.521383
      0.545546      6.076928      6.076928     12.153857
      0.555556      7.999726      7.999726     15.999452
      0.565566      9.719712      9.719712     19.439423
      0.575576     10.899839     10.899839     21.799677
      0.585586     11.281828     11.281828     22.563655
      0.595596     10.778227     10.778227     21.556454
      0.605606      9.505655      9.505655     19.011310
      0.615616      7.742826      7.742826     15.485651
      0.625626      5.835733      5.835733     11.671465
      0.635636      4.097097      4.097097      8.194195
      0.645646      2.743460      2.743460      5.486920
      0.655656      1.886682      1.886682      3.773363
      0.665666      1.565906      1.565906      3.131813
      0.675676      1.788457      1.788457      3.576915
      0.685686      2.549883      2.549883      5.099767
      0.695696      3.820029      3.820029      7.640057
      0.705706      5.504601      5.504601     11.009201
      0.715716      7.410291      7.410291     14.820581
      0.725726      9.246633      9.246633     18.493267
      0.735736     10.683638     10.683638     21.367275
      0.745746     11.454277     11.454277     22.908554
      0.755756     11.460415     11.460415     22.920830
      0.765766     10.829309     10.829309     21.658618
      0.775776      9.885545      9.885545     19.771090
      0.785786      9.041790      9.041790     18.083580
      0.795796      8.649646      8.649646     17.299291
      0.805806      8.869761      8.869761     17.739523
      0.815816      9.612129      9.612129     19.224258
      0.825826     10.569546     10.569546     21.139093
      0.835836     11.331392     11.331392     22.662785
      0.845846     11.533335     11.533335     23.066671
      0.855856     10.983562     10.983562     21.967124
      0.865866      9.716265      9.716265     19.432531
      0.875876      7.956602      7.956602     15.913203
      0.885886      6.021887      6.021887     12.043775
      0.895896      4.209151      4.209151      8.418303
      0.905906      2.716236      2.716236      5.432472
      0.915916      1.618043      1.618043      3.236086
      0.925926      0.889758      0.889758      1.779516
      0.935936      0.451953      0.451953      0.903906
      0.945946      0.213104      0.213104      0.426208
      0.955956      0.096580      0.096580      0.193160
      0.965966      0.051518      0.051518      0.103036
      0.975976      0.053919      0.053919      0.107839
      0.985986      0.105175      0.105175      0.210350
      0.995996      0.232242      0.232242      0.464484
      1.006006      0.489294      0.489294      0.978589
      1.016016      0.956367      0.956367      1.912734
      1.026026      1.727970      1.727970      3.455940
      1.036036      2.886231      2.886231      5.772463
      1.046046      4.460790      4.460790      8.921579
      1.056056      6.389789      6.389789     12.779578
      1.066066      8.505671      8.505671     17.011342
      1.076076     10.565872     10.565872     21.131744
      1.086086     12.327414     12.327414     24.654828
      1.096096     13.634837     13.634837     27.269673
      1.106106     14.473950     14.473950     28.947899
      1.116116     14.957397     14.957397     29.914794
      1.126126     15.248920     15.248920     30.497840
      1.136136     15.474156     15.474156     30.948312
      1.146146     15.674497     15.674497     31.348994
      1.156156     15.827410     15.827410     31.654821
      1.166166     15.906422     15.906422     31.812844
      1.176176     15.926925     15.926925     31.853851
      1.186186     15.941866     15.941866     31.883733
      1.196196     15.997593     15.997593     31.995187
      1.206206     16.093975     16.093975     32.187950
      1.216216     16.185199     16.185199     32.370399
      1.226226     16.217186     16.217186     32.434373
      1.236236     16.162444     16.162444     32.324887
      1.246246     16.016095     16.016095     32.032189
      1.256256     15.754989     15.754989     31.509977
      1.266266     15.299975     15.299975     30.599950
      1.276276     14.524387     14.524387     29.048774
      1.286286     13.316220     13.316220     26.632439
      1.296296     11.658011     11.658011     23.316022
      1.306306      9.673368      9.673368     19.346735
      1.316316      7.612964      7.612964     15.225928
      1.326326      5.793725      5.793725     11.587450
      1.336336      4.529875      4.529875      9.059749
      1.346346      4.087208      4.087208      8.174416
      1.356356      4.663146      4.663146      9.326292
      1.366366      6.370770      6.370770     12.741541
      1.376376      9.204922      9.204922     18.409843
      1.386386     12.992514     12.992514     25.985029
      1.396396     17.358285     17.358285     34.716569
      1.406406     21.746650     21.746650     43.493300
      1.416416     25.518126     25.518126     51.036253
      1.426426     28.096380     28.096380     56.192759
      1.436436     29.108640     29.108640     58.217281
      1.446446     28.462805     28.462805     56.925611
      1.456456     26.338930     26.338930     52.677859
      1.466466     23.115384     23.115384     46.230769
      1.476476     19.271841     19.271841     38.543681
      1.486486     15.304031     15.304031     30.608063
      1.496496     11.663591     11.663591     23.327183
      1.506507      8.719823      8.719823     17.439646
      1.516517      6.736111      6.736111     13.472223
      1.526527      5.856088      5.856088     11.712176
      1.536537      6.096886      6.096886     12.193772
      1.546547      7.348958      7.348958     14.697917
      1.556557      9.386230      9.386230     18.772459
      1.566567     11.894316     11.894316     23.788632
      1.576577     14.521775     14.521775     29.043550
      1.586587     16.948231     16.948231     33.896462
      1.596597     18.951321     18.951321     37.902641
      1.606607     20.451705     20.451705     40.903411
      1.616617     21.523746     21.523746     43.047491
      1.626627     22.370484     22.370484     44.740968
      1.636637     23.267292     23.267292     46.534585
      1.646647     24.480622     24.480622     48.961245
      1.656657     26.175273     26.175273     52.350545
      1.666667     28.337584     28.337584     56.675169
      1.676677     30.751668     30.751668     61.503336
      1.686687     33.055114     33.055114     66.110227
      1.696697     34.865378     34.865378     69.730755
      1.706707     35.924470     35.924470     71.848940
      1.716717     36.186947     36.186947     72.373895
      1.726727     35.797433     35.797433     71.594865
      1.736737     34.965656     34.965656     69.931312
      1.746747     33.814795     33.814795     67.629591
      1.756757     32.304745     32.304745     64.609490
      1.766767     30.289965     30.289965     60.579929
      1.776777     27.683435     27.683435     55.366871
      1.786787     24.623074     24.623074     49.246147
      1.796797     21.527798     21.527798     43.055595
      1.806807     18.993196     18.993196     37.986392
      1.816817     17.568201     17.568201     35.136401
      1.826827     17.518063     17.518063     35.036126
      1.836837     18.685077     18.685077     37.370154
      1.846847     20.513122     20.513122     41.026244
      1.856857     22.231882     22.231882     44.463764
      1.866867     23.130132     23.130132     46.260265
      1.876877     22.808649     22.808649     45.617299
      1.886887     21.308954     21.308954     42.617908
      1.896897     19.066277     19.066277     38.132554
      1.906907     16.713022     16.713022     33.426044
      1.916917     14.825202     14.825202     29.650404
      1.926927     13.725397     13.725397     27.450795
      1.936937     13.422627     13.422627     26.845253
      1.946947     13.700533     13.700533     27.401067
      1.956957     14.294340     14.294340     28.588681
      1.966967     15.056657     15.056657     30.113315
      1.976977     16.021466     16.021466     32.042933
      1.986987     17.332245     17.332245     34.664490
      1.996997     19.078453     19.078453     38.156906
      2.007007     21.142704     21.142704     42.285408
      2.017017     23.161885     23.161885     46.323771
      2.027027     24.641896     24.641896     49.283793
      2.037037     25.171364     25.171364     50.342728
      2.047047     24.613460     24.613460     49.226919
      2.057057     23.162736     23.162736     46.325472
      2.067067     21.234225     21.234225     42.468450
      2.077077     19.253429     19.253429     38.506859
      2.087087     17.471688     17.471688     34.943376
      2.097097     15.907339     15.907339     31.814679
      2.107107     14.430186     14.430186     28.860372
      2.117117     12.922810     12.922810     25.845620
      2.127127     11.418714     11.418714     22.837428
      2.137137     10.145382     10.145382     20.290764
      2.147147      9.461197      9.461197     18.922394
      2.157157      9.726968      9.726968     19.453937
      2.167167     11.171114     11.171114     22.342227
      2.177177     13.795178     13.795178     27.590356
      2.187187     17.341775     17.341775     34.683550
      2.197197     21.326167     21.326167     42.652335
      2.207207     25.120530     25.120530     50.241060
      2.217217     28.073367     28.073367     56.146734
      2.227227     29.641467     29.641467     59.282934
      2.237237     29.506973     29.506973     59.013945
      2.247247     27.650047     27.650047     55.300094
      2.257257     24.353090     24.353090     48.706180
      2.267267     20.129450     20.129450     40.258899
      2.277277     15.595454     15.595454     31.190909
      2.287287     11.328181     11.328181     22.656362
      2.297297      7.758439      7.758439     15.516878
      2.307307      5.132603      5.132603     10.265207
      2.317317      3.545660      3.545660      7.091320
      2.327327      3.017665      3.017665      6.035329
      2.337337      3.570800      3.570800      7.141599
      2.347347      5.268361      5.268361     10.536721
      2.357357      8.195198      8.195198     16.390396
      2.367367     12.383152     12.383152     24.766304
      2.377377     17.707996     17.707996     35.415992
      2.387387     23.800724     23.800724     47.601447
      2.397397     30.019990     30.019990     60.039980
      2.407407     35.519210     35.519210     71.038420
      2.417417     39.410455     39.410455     78.820910
      2.427427     40.985776     40.985776     81.971552
      2.437437     39.922181     39.922181     79.844361
      2.447447     36.389505     36.389505     72.779010
      2.457457     31.011812     31.011812     62.023623
      2.467467     24.692702     24.692702     49.385405
      2.477477     18.373645     18.373645     36.747290
      2.487487     12.819722     12.819722     25.639445
      2.497497      8.505764      8.505764     17.011528
      2.507508      5.622192      5.622192     11.244384
      2.517518      4.165534      4.165534      8.331068
      2.527528      4.050352      4.050352      8.100703
      2.537538      5.185242      5.185242     10.370485
      2.547548      7.485213      7.485213     14.970427
      2.557558     10.828356     10.828356     21.656713
      2.567568     14.991116     14.991116     29.982233
      2.577578     19.605371     19.605371     39.210743
      2.587588     24.170815     24.170815     48.341630
      2.597598     28.132499     28.132499     56.264998
      2.607608     31.004637     31.004637     62.009274
      2.617618     32.498673     32.498673     64.997346
      2.627628     32.606042     32.606042     65.212085
      2.637638     31.600006     31.600006     63.200013
      2.647648     29.953747     29.953747     59.907495
      2.657658     28.209421     28.209421     56.418842
      2.667668     26.853729     26.853729     53.707458
      2.677678     26.245203     26.245203     52.490406
      2.687688     26.602397     26.602397     53.204794
      2.697698     28.025160     28.025160     56.050320
      2.707708     30.508214     30.508214     61.016428
      2.717718     33.923678     33.923678     67.847356
      2.727728     37.982010     37.982010     75.964019
      2.737738     42.207194     42.207194     84.414387
      2.747748     45.967780     45.967780     91.935560
      2.757758     48.587108     48.587108     97.174216
      2.767768     49.518353     49.518353     99.036707
      2.777778     48.526501     48.526501     97.053002
      2.787788     45.794057     45.794057     91.588113
      2.797798     41.884336     41.884336     83.768673
      2.807808     37.558129     37.558129     75.116258
      2.817818     33.515596     33.515596     67.031192
      2.827828     30.177770     30.177770     60.355539
      2.837838     27.601795     27.601795     55.203591
      2.847848     25.554087     25.554087     51.108174
      2.857858     23.689661     23.689661     47.379322
      2.867868     21.745271     21.745271     43.490542
      2.877878     19.661643     19.661643     39.323286
      2.887888     17.592107     17.592107     35.184213
      2.897898     15.807422     15.807422     31.614844
      2.907908     14.549718     14.549718     29.099437
      2.917918     13.908251     13.908251     27.816502
      2.927928     13.777668     13.777668     27.555336
      2.937938     13.917392     13.917392     27.834783
      2.947948     14.076235     14.076235     28.152469
      2.957958     14.109214     14.109214     28.218428
      2.967968     14.018410     14.018410     28.036819
      2.977978     13.897071     13.897071     27.794142
      2.987988     13.817644     13.817644     27.635288
      2.997998     13.739720     13.739720     27.479440
      3.008008     13.499182     13.499182     26.998364
      3.018018     12.885403     12.885403     25.770807
      3.028028     11.756878     11.756878     23.513756
      3.038038     10.124648     10.124648     20.249295
      3.048048      8.158091      8.158091     16.316181
      3.058058      6.117544      6.117544     12.235088
      3.068068      4.257819      4.257819      8.515638
      3.078078      2.753630      2.753630      5.507260
      3.088088      1.675478      1.675478      3.350956
      3.098098      1.013269      1.013269      2.026538
      3.108108      0.724615      0.724615      1.449230
      3.118118      0.781634      0.781634      1.563268
      3.128128      1.198146      1.198146      2.396291
      3.138138      2.029684      2.029684      4.059367
      3.148148      3.347674      3.347674      6.695348
      3.158158      5.197325      5.197325     10.394651
      3.168168      7.556515      7.556515     15.113029
      3.178178     10.316097     10.316097     20.632194
      3.188188     13.294363     13.294363     26.588727
      3.198198     16.279589     16.279589     32.559178
      3.208208     19.075347     19.075347     38.150693
      3.218218     21.519659     21.519659     43.039319
      3.228228     23.468329     23.468329     46.936659
      3.238238     24.763133     24.763133     49.526265
      3.248248     25.222720     25.222720     50.445441
      3.258258     24.681332     24.681332     49.362665
      3.268268     23.064790     23.064790     46.129580
      3.278278     20.461103     20.461103     40.922207
      3.288288     17.139136     17.139136     34.278272
      3.298298     13.496430     13.496430     26.992859
      3.308308      9.957033      9.957033     19.914067
      3.318318      6.865695      6.865695     13.731391
      3.328328      4.422206      4.422206      8.844412
      3.338338      2.674908      2.674908      5.349816
      3.348348      1.563414      1.563414      3.126828
      3.358358      0.983338      0.983338      1.966677
      3.368368      0.844809      0.844809      1.689617
      3.378378      1.105808      1.105808      2.211616
      3.388388      1.772552      1.772552      3.545103
      3.398398      2.868377      2.868377      5.736754
      3.408408      4.381442      4.381442      8.762885
      3.418418      6.211526      6.211526     12.423053
      3.428428      8.143796      8.143796     16.287593
      3.438438      9.874145      9.874145     19.748290
      3.448448     11.091000     11.091000     22.182000
      3.458458     11.587990     11.587990     23.175980
      3.468468     11.357837     11.357837     22.715674
      3.478478     10.618148     10.618148     21.236295
      3.488488      9.748297      9.748297     19.496594
      3.498498      9.158778      9.158778     18.317556
      3.508509      9.146915      9.146915     18.293830
      3.518519      9.799311      9.799311     19.598623
      3.528529     10.980110     10.980110     21.960219
      3.538539     12.405670     12.405670     24.811341
      3.548549     13.767160     13.767160     27.534321
      3.558559     14.840531     14.840531     29.681063
      3.568569     15.531803     15.531803     31.063606
      3.578579     15.843900     15.843900     31.687800
      3.588589     15.799130     15.799130     31.598259
      3.598599     15.377373     15.377373     30.754745
      3.608609     14.514592     14.514592     29.029184
      3.618619     13.159789     13.159789     26.319577
      3.628629     11.345651     11.345651     22.691303
      3.638639      9.220222      9.220222     18.440444
      3.648649      7.016915      7.016915     14.033830
      3.658659      4.982497      4.982497      9.964994
      3.668669      3.306181      3.306181      6.612362
      3.678679      2.085603      2.085603      4.171207
      3.688689      1.338575      1.338575      2.677151
      3.698699      1.043882      1.043882      2.087764
      3.708709      1.183421      1.183421      2.366842
      3.718719      1.762040      1.762040      3.524079
      3.728729      2.794120      2.794120      5.588240
      3.738739      4.261518      4.261518      8.523037
      3.748749      6.062490      6.062490     12.124980
      3.758759      7.981037      7.981037     15.962074
      3.768769      9.703609      9.703609     19.407218
      3.778779     10.890869     10.890869     21.781738
      3.788789     11.282241     11.282241     22.564483
      3.798799     10.787460     10.787460     21.574920
      3.808809      9.519867      9.519867     19.039734
      3.818819      7.754069      7.754069     15.508138
      3.828829      5.829286      5.829286     11.658572
      3.838839      4.044718      4.044718      8.089436
      3.848849      2.590298      2.590298      5.180596
      3.858859      1.531126      1.531126      3.062252
      3.868869      0.835508      0.835508      1.671015
      3.878879      0.421429      0.421429      0.842858
      3.888889      0.198267      0.198267      0.396535
      3.898899      0.092399      0.092399      0.184799
      3.908909      0.057273      0.057273      0.114546
      3.918919      0.074687      0.074687      0.149375
      3.928929      0.154201      0.154201      0.308402
      3.938939      0.334089      0.334089      0.668177
      3.948949      0.682545      0.682545      1.365090
      3.958959      1.293832      1.293832      2.587664
      3.968969      2.272813      2.272813      4.545625
      3.978979      3.705088      3.705088      7.410177
      3.988989      5.619085      5.619085     11.238169
      3.998999      7.956802      7.956802     15.913604
      4.009009     10.573120     10.573120     21.146239
      4.019019     13.272384     13.272384     26.544768
      4.029029     15.868139     15.868139     31.736279
      4.039039     18.232122     18.232122     36.464244
      4.049049     20.300037     20.300037     40.600073
      4.059059     22.028976     22.028976     44.057953
      4.069069     23.337977     23.337977     46.675955
      4.079079     24.081301     24.081301     48.162601
      4.089089     24.086946     24.086946     48.173892
      4.099099     23.249875     23.249875     46.499750
      4.109109     21.629233     21.629233     43.258466
      4.119119     19.488484     19.488484     38.976969
      4.129129     17.243940     17.243940     34.487880
      4.139139     15.335283     15.335283     30.670566
      4.149149     14.074802     14.074802     28.149603
      4.159159     13.546930     13.546930     27.093861
      4.169169     13.607559     13.607559     27.215119
      4.179179     13.983120     13.983120     27.966240
      4.189189     14.417902     14.417902     28.835804
      4.199199     14.793617     14.793617     29.587233
      4.209209     15.163871     15.163871     30.327743
      4.219219     15.697617     15.697617     31.395234
      4.229229     16.576532     16.576532     33.153065
      4.239239     17.907733     17.907733     35.815467
      4.249249     19.687112     19.687112     39.374223
      4.259259     21.805558     21.805558     43.611116
      4.269269     24.067991     24.067991     48.135982
      4.279279     26.209319     26.209319     52.418638
      4.289289     27.921283     27.921283     55.842567
      4.299299     28.912615     28.912615     57.825229
      4.309309     28.997687     28.997687     57.995374
      4.319319     28.171186     28.171186     56.342372
      4.329329     26.619452     26.619452     53.238904
      4.339339     24.657183     24.657183     49.314366
      4.349349     22.630329     22.630329     45.260658
      4.359359     20.844509     20.844509     41.689019
      4.369369     19.545302     19.545302     39.090604
      4.379379     18.922963     18.922963     37.845926
      4.389389     19.090802     19.090802     38.181604
      4.399399     20.017329     20.017329     40.034658
      4.409409     21.451513     21.451513     42.903026
      4.419419     22.914678     22.914678     45.829356
      4.429429     23.807106     23.807106     47.614212
      4.439439     23.605924     23.605924     47.211848
      4.449449     22.065020     22.065020     44.130041
      4.459459     19.316649     19.316649     38.633298
      4.469469     15.826612     15.826612     31.653223
      4.479479     12.233414     12.233414     24.466827
      4.489489      9.153966      9.153966     18.307931
      4.499499      7.035961      7.035961     14.071922
      4.509510      6.093186      6.093186     12.186372
      4.519520      6.312989      6.312989     12.625977
      4.529530      7.505257      7.505257     15.010515
      4.539540      9.370830      9.370830     18.741660
      4.549550     11.581943     11.581943     23.163885
      4.559560     13.866421     13.866421     27.732842
      4.569570     16.070871     16.070871     32.141743
      4.579580     18.167920     18.167920     36.335840
      4.589590     20.190938     20.190938     40.381876
      4.599600     22.124668     22.124668     44.249336
      4.609610     23.820622     23.820622     47.641245
      4.619620     25.004848     25.004848     50.009696
      4.629630     25.392734     25.392734     50.785468
      4.639640     24.852495     24.852495     49.704990
      4.649650     23.518005     23.518005     47.036011
      4.659660     21.775321     21.775321     43.550643
      4.669670     20.121683     20.121683     40.243366
      4.679680     18.970640     18.970640     37.941281
      4.689690     18.502989     18.502989     37.005977
      4.699700     18.627969     18.627969     37.255938
      4.709710     19.052737     19.052737     38.105473
      4.719720     19.407118     19.407118     38.814236
      4.729730     19.362869     19.362869     38.725738
      4.739740     18.714097     18.714097     37.428194
      4.749750     17.417444     17.417444     34.834888
      4.759760     15.602672     15.602672     31.205344
      4.769770     13.556822     13.556822     27.113644
      4.779780     11.676686     11.676686     23.353372
      4.789790     10.390097     10.390097     20.780194
      4.799800     10.063708     10.063708     20.127415
      4.809810     10.927607     10.927607     21.855214
      4.819820     13.041889     13.041889     26.083778
      4.829830     16.307725     16.307725     32.615449
      4.839840     20.500192     20.500192     41.000384
      4.849850     25.291429     25.291429     50.582858
      4.859860     30.251133     30.251133     60.502265
      4.869870     34.846968     34.846968     69.693937
      4.879880     38.490401     38.490401     76.980801
      4.889890     40.655749     40.655749     81.311497
      4.899900     41.044149     41.044149     82.088298
      4.909910     39.710348     39.710348     79.420696
      4.919920     37.068096     37.068096     74.136192
      4.929930     33.751477     33.751477     67.502954
      4.939940     30.393358     30.393358     60.786716
      4.949950     27.426942     27.426942     54.853884
      4.959960     24.993573     24.993573     49.987147
      4.969970     22.974424     22.974424     45.948847
      4.979980     21.105233     21.105233     42.210465
      4.989990     19.112653     19.112653     38.225305
      5.000000     16.822843     16.822843     33.645687
