# EIG2DOS: Utility for SIESTA to obtain the electronic density of states
#  E. Artacho, Apr 1999, A. Garcia, Apr 2012
#  Nick R. Papior, Feb 2017
# ------------------------------------------
# Eigenvalues calculated from a non-polarized calculation
# Eigenvalues read from siesta.EIG
# Kpoint weights read from siesta.KP
# Using smearing parameter:   0.0500
# Using 1000 points in the energy range
# Selected bands: 1 to: 2981
# Emin, Emax in file for selected band(s):    -27.1253079    218.3445930
# Nbands, Nspin, Nk   =   2981     1     1
# E_F                 =    -4.2609 eV --> (shifted to ZERO)
# Broadening          =     0.0500 eV
#
#        E            N(up)  (=)   N(down)         Ntot
     -5.000000     35.735893     35.735893     71.471786
     -4.989990     38.925362     38.925362     77.850724
     -4.979980     41.374164     41.374164     82.748329
     -4.969970     42.726860     42.726860     85.453720
     -4.959960     42.786718     42.786718     85.573436
     -4.949950     41.564212     41.564212     83.128424
     -4.939940     39.285286     39.285286     78.570572
     -4.929930     36.366865     36.366865     72.733729
     -4.919920     33.375472     33.375472     66.750944
     -4.909910     30.975858     30.975858     61.951717
     -4.899900     29.856592     29.856592     59.713185
     -4.889890     30.607714     30.607714     61.215428
     -4.879880     33.543002     33.543002     67.086004
     -4.869870     38.509199     38.509199     77.018398
     -4.859860     44.777479     44.777479     89.554958
     -4.849850     51.119942     51.119942    102.239883
     -4.839840     56.106386     56.106386    112.212773
     -4.829830     58.538257     58.538257    117.076514
     -4.819820     57.840493     57.840493    115.680987
     -4.809810     54.230414     54.230414    108.460828
     -4.799800     48.588768     48.588768     97.177536
     -4.789790     42.108636     42.108636     84.217272
     -4.779780     35.897678     35.897678     71.795356
     -4.769770     30.701755     30.701755     61.403510
     -4.759760     26.823920     26.823920     53.647840
     -4.749750     24.205264     24.205264     48.410529
     -4.739740     22.577404     22.577404     45.154807
     -4.729730     21.603702     21.603702     43.207404
     -4.719720     20.967862     20.967862     41.935724
     -4.709710     20.408705     20.408705     40.817411
     -4.699700     19.723219     19.723219     39.446437
     -4.689690     18.767156     18.767156     37.534311
     -4.679680     17.476202     17.476202     34.952404
     -4.669670     15.911947     15.911947     31.823894
     -4.659660     14.312367     14.312367     28.624734
     -4.649650     13.110263     13.110263     26.220525
     -4.639640     12.886237     12.886237     25.772474
     -4.629630     14.244322     14.244322     28.488644
     -4.619620     17.628366     17.628366     35.256731
     -4.609610     23.126753     23.126753     46.253506
     -4.599600     30.335688     30.335688     60.671377
     -4.589590     38.356292     38.356292     76.712584
     -4.579580     45.972049     45.972049     91.944098
     -4.569570     51.984698     51.984698    103.969395
     -4.559560     55.601382     55.601382    111.202764
     -4.549550     56.713036     56.713036    113.426073
     -4.539540     55.927490     55.927490    111.854980
     -4.529530     54.322885     54.322885    108.645770
     -4.519520     53.018297     53.018297    106.036594
     -4.509510     52.746744     52.746744    105.493489
     -4.499499     53.611457     53.611457    107.222915
     -4.489489     55.112961     55.112961    110.225921
     -4.479479     56.405293     56.405293    112.810585
     -4.469469     56.644238     56.644238    113.288476
     -4.459459     55.273850     55.273850    110.547700
     -4.449449     52.156410     52.156410    104.312820
     -4.439439     47.541197     47.541197     95.082393
     -4.429429     41.936133     41.936133     83.872266
     -4.419419     35.963718     35.963718     71.927437
     -4.409409     30.253716     30.253716     60.507432
     -4.399399     25.378652     25.378652     50.757305
     -4.389389     21.806330     21.806330     43.612660
     -4.379379     19.843544     19.843544     39.687088
     -4.369369     19.572042     19.572042     39.144084
     -4.359359     20.808464     20.808464     41.616928
     -4.349349     23.128717     23.128717     46.257434
     -4.339339     25.973313     25.973313     51.946626
     -4.329329     28.806904     28.806904     57.613807
     -4.319319     31.271093     31.271093     62.542186
     -4.309309     33.267907     33.267907     66.535815
     -4.299299     34.942780     34.942780     69.885561
     -4.289289     36.579272     36.579272     73.158544
     -4.279279     38.447963     38.447963     76.895926
     -4.269269     40.659847     40.659847     81.319694
     -4.259259     43.069116     43.069116     86.138232
     -4.249249     45.262204     45.262204     90.524408
     -4.239239     46.655706     46.655706     93.311411
     -4.229229     46.692305     46.692305     93.384611
     -4.219219     45.072137     45.072137     90.144274
     -4.209209     41.916382     41.916382     83.832765
     -4.199199     37.770287     37.770287     75.540575
     -4.189189     33.425616     33.425616     66.851231
     -4.179179     29.640068     29.640068     59.280135
     -4.169169     26.889584     26.889584     53.779167
     -4.159159     25.268927     25.268927     50.537854
     -4.149149     24.571690     24.571690     49.143380
     -4.139139     24.487702     24.487702     48.975404
     -4.129129     24.805180     24.805180     49.610360
     -4.119119     25.514081     25.514081     51.028162
     -4.109109     26.761572     26.761572     53.523144
     -4.099099     28.683797     28.683797     57.367593
     -4.089089     31.203251     31.203251     62.406503
     -4.079079     33.910689     33.910689     67.821378
     -4.069069     36.121445     36.121445     72.242890
     -4.059059     37.109152     37.109152     74.218305
     -4.049049     36.415255     36.415255     72.830510
     -4.039039     34.075833     34.075833     68.151665
     -4.029029     30.642710     30.642710     61.285419
     -4.019019     26.988041     26.988041     53.976082
     -4.009009     23.999388     23.999388     47.998777
     -3.998999     22.319768     22.319768     44.639536
     -3.988989     22.239374     22.239374     44.478748
     -3.978979     23.743791     23.743791     47.487581
     -3.968969     26.640013     26.640013     53.280026
     -3.958959     30.666469     30.666469     61.332938
     -3.948949     35.541727     35.541727     71.083454
     -3.938939     40.970274     40.970274     81.940549
     -3.928929     46.651477     46.651477     93.302955
     -3.918919     52.314654     52.314654    104.629308
     -3.908909     57.757598     57.757598    115.515197
     -3.898899     62.842673     62.842673    125.685347
     -3.888889     67.426961     67.426961    134.853923
     -3.878879     71.255478     71.255478    142.510956
     -3.868869     73.889105     73.889105    147.778211
     -3.858859     74.737943     74.737943    149.475887
     -3.848849     73.221427     73.221427    146.442854
     -3.838839     69.005101     69.005101    138.010202
     -3.828829     62.211268     62.211268    124.422535
     -3.818819     53.498731     53.498731    106.997461
     -3.808809     43.959654     43.959654     87.919308
     -3.798799     34.861926     34.861926     69.723851
     -3.788789     27.330795     27.330795     54.661590
     -3.778779     22.082050     22.082050     44.164100
     -3.768769     19.287978     19.287978     38.575957
     -3.758759     18.600713     18.600713     37.201426
     -3.748749     19.305884     19.305884     38.611767
     -3.738739     20.550564     20.550564     41.101128
     -3.728729     21.583231     21.583231     43.166462
     -3.718719     21.950343     21.950343     43.900686
     -3.708709     21.606250     21.606250     43.212500
     -3.698699     20.909013     20.909013     41.818026
     -3.688689     20.496793     20.496793     40.993586
     -3.678679     21.069357     21.069357     42.138714
     -3.668669     23.132518     23.132518     46.265035
     -3.658659     26.787681     26.787681     53.575363
     -3.648649     31.647334     31.647334     63.294667
     -3.638639     36.919267     36.919267     73.838534
     -3.628629     41.635677     41.635677     83.271354
     -3.618619     44.938553     44.938553     89.877107
     -3.608609     46.308305     46.308305     92.616609
     -3.598599     45.656131     45.656131     91.312261
     -3.588589     43.271718     43.271718     86.543435
     -3.578579     39.680057     39.680057     79.360115
     -3.568569     35.478955     35.478955     70.957910
     -3.558559     31.204714     31.204714     62.409429
     -3.548549     27.240556     27.240556     54.481111
     -3.538539     23.769140     23.769140     47.538281
     -3.528529     20.775664     20.775664     41.551329
     -3.518519     18.108280     18.108280     36.216561
     -3.508509     15.583394     15.583394     31.166789
     -3.498498     13.096335     13.096335     26.192670
     -3.488488     10.688525     10.688525     21.377049
     -3.478478      8.542632      8.542632     17.085264
     -3.468468      6.913559      6.913559     13.827117
     -3.458458      6.030090      6.030090     12.060180
     -3.448448      6.005943      6.005943     12.011887
     -3.438438      6.786663      6.786663     13.573326
     -3.428428      8.145481      8.145481     16.290962
     -3.418418      9.732986      9.732986     19.465971
     -3.408408     11.175724     11.175724     22.351449
     -3.398398     12.201003     12.201003     24.402007
     -3.388388     12.745147     12.745147     25.490295
     -3.378378     12.997312     12.997312     25.994623
     -3.368368     13.352261     13.352261     26.704523
     -3.358358     14.285365     14.285365     28.570730
     -3.348348     16.196874     16.196874     32.393748
     -3.338338     19.278898     19.278898     38.557796
     -3.328328     23.437471     23.437471     46.874942
     -3.318318     28.275405     28.275405     56.550810
     -3.308308     33.131624     33.131624     66.263248
     -3.298298     37.180212     37.180212     74.360424
     -3.288288     39.594891     39.594891     79.189782
     -3.278278     39.760409     39.760409     79.520818
     -3.268268     37.468833     37.468833     74.937667
     -3.258258     33.013651     33.013651     66.027301
     -3.248248     27.122469     27.122469     54.244937
     -3.238238     20.744510     20.744510     41.489020
     -3.228228     14.784027     14.784027     29.568054
     -3.218218      9.893384      9.893384     19.786767
     -3.208208      6.396684      6.396684     12.793369
     -3.198198      4.339887      4.339887      8.679775
     -3.188188      3.606017      3.606017      7.212035
     -3.178178      4.023169      4.023169      8.046337
     -3.168168      5.422946      5.422946     10.845892
     -3.158158      7.650474      7.650474     15.300948
     -3.148148     10.556043     10.556043     21.112086
     -3.138138     13.998623     13.998623     27.997246
     -3.128128     17.867116     17.867116     35.734233
     -3.118118     22.096272     22.096272     44.192544
     -3.108108     26.644819     26.644819     53.289637
     -3.098098     31.425594     31.425594     62.851189
     -3.088088     36.218490     36.218490     72.436979
     -3.078078     40.625388     40.625388     81.250775
     -3.068068     44.115036     44.115036     88.230071
     -3.058058     46.156323     46.156323     92.312646
     -3.048048     46.382914     46.382914     92.765828
     -3.038038     44.710048     44.710048     89.420096
     -3.028028     41.351787     41.351787     82.703573
     -3.018018     36.744346     36.744346     73.488691
     -3.008008     31.428570     31.428570     62.857140
     -2.997998     25.952653     25.952653     51.905306
     -2.987988     20.826302     20.826302     41.652605
     -2.977978     16.516601     16.516601     33.033202
     -2.967968     13.451968     13.451968     26.903937
     -2.957958     12.003406     12.003406     24.006813
     -2.947948     12.431610     12.431610     24.863219
     -2.937938     14.810006     14.810006     29.620012
     -2.927928     18.949876     18.949876     37.899752
     -2.917918     24.362988     24.362988     48.725976
     -2.907908     30.296419     30.296419     60.592837
     -2.897898     35.856921     35.856921     71.713842
     -2.887888     40.207193     40.207193     80.414386
     -2.877878     42.776251     42.776251     85.552502
     -2.867868     43.403932     43.403932     86.807863
     -2.857858     42.354471     42.354471     84.708942
     -2.847848     40.185710     40.185710     80.371419
     -2.837838     37.525642     37.525642     75.051283
     -2.827828     34.852453     34.852453     69.704905
     -2.817818     32.372377     32.372377     64.744753
     -2.807808     30.040298     30.040298     60.080597
     -2.797798     27.696043     27.696043     55.392087
     -2.787788     25.233004     25.233004     50.466009
     -2.777778     22.705470     22.705470     45.410940
     -2.767768     20.321916     20.321916     40.643831
     -2.757758     18.340030     18.340030     36.680060
     -2.747748     16.935902     16.935902     33.871804
     -2.737738     16.131380     16.131380     32.262760
     -2.727728     15.823039     15.823039     31.646079
     -2.717718     15.888132     15.888132     31.776265
     -2.707708     16.290565     16.290565     32.581131
     -2.697698     17.108623     17.108623     34.217247
     -2.687688     18.459177     18.459177     36.918353
     -2.677678     20.366891     20.366891     40.733781
     -2.667668     22.671169     22.671169     45.342338
     -2.657658     25.044928     25.044928     50.089856
     -2.647648     27.126652     27.126652     54.253303
     -2.637638     28.688733     28.688733     57.377466
     -2.627628     29.736591     29.736591     59.473181
     -2.617618     30.476879     30.476879     60.953759
     -2.607608     31.179154     31.179154     62.358308
     -2.597598     32.021165     32.021165     64.042330
     -2.587588     33.006834     33.006834     66.013669
     -2.577578     33.984234     33.984234     67.968468
     -2.567568     34.722032     34.722032     69.444064
     -2.557558     34.981266     34.981266     69.962533
     -2.547548     34.553796     34.553796     69.107593
     -2.537538     33.288253     33.288253     66.576507
     -2.527528     31.138452     31.138452     62.276904
     -2.517518     28.235628     28.235628     56.471256
     -2.507508     24.939079     24.939079     49.878158
     -2.497497     21.806837     21.806837     43.613675
     -2.487487     19.465172     19.465172     38.930344
     -2.477477     18.417137     18.417137     36.834275
     -2.467467     18.872943     18.872943     37.745886
     -2.457457     20.681818     20.681818     41.363637
     -2.447447     23.400096     23.400096     46.800191
     -2.437437     26.468245     26.468245     52.936490
     -2.427427     29.420032     29.420032     58.840063
     -2.417417     32.031276     32.031276     64.062552
     -2.407407     34.341315     34.341315     68.682630
     -2.397397     36.537495     36.537495     73.074990
     -2.387387     38.757698     38.757698     77.515396
     -2.377377     40.908870     40.908870     81.817741
     -2.367367     42.599138     42.599138     85.198277
     -2.357357     43.233295     43.233295     86.466591
     -2.347347     42.243785     42.243785     84.487570
     -2.337337     39.357716     39.357716     78.715431
     -2.327327     34.774539     34.774539     69.549079
     -2.317317     29.168127     29.168127     58.336254
     -2.307307     23.512150     23.512150     47.024300
     -2.297297     18.809425     18.809425     37.618850
     -2.287287     15.837758     15.837758     31.675515
     -2.277277     14.996500     14.996500     29.993000
     -2.267267     16.278258     16.278258     32.556517
     -2.257257     19.339234     19.339234     38.678468
     -2.247247     23.620704     23.620704     47.241407
     -2.237237     28.478038     28.478038     56.956076
     -2.227227     33.286774     33.286774     66.573548
     -2.217217     37.509050     37.509050     75.018101
     -2.207207     40.719113     40.719113     81.438226
     -2.197197     42.604087     42.604087     85.208173
     -2.187187     42.967672     42.967672     85.935345
     -2.177177     41.757802     41.757802     83.515604
     -2.167167     39.112013     39.112013     78.224027
     -2.157157     35.382728     35.382728     70.765457
     -2.147147     31.095986     31.095986     62.191971
     -2.137137     26.827422     26.827422     53.654844
     -2.127127     23.034154     23.034154     46.068307
     -2.117117     19.921752     19.921752     39.843503
     -2.107107     17.417373     17.417373     34.834746
     -2.097097     15.263448     15.263448     30.526896
     -2.087087     13.178375     13.178375     26.356751
     -2.077077     10.997482     10.997482     21.994964
     -2.067067      8.728737      8.728737     17.457474
     -2.057057      6.513857      6.513857     13.027713
     -2.047047      4.536436      4.536436      9.072873
     -2.037037      2.935041      2.935041      5.870081
     -2.027027      1.759866      1.759866      3.519731
     -2.017017      0.978049      0.978049      1.956098
     -2.007007      0.508395      0.508395      1.016791
     -1.996997      0.261174      0.261174      0.522348
     -1.986987      0.167689      0.167689      0.335377
     -1.976977      0.196413      0.196413      0.392826
     -1.966967      0.359406      0.359406      0.718811
     -1.956957      0.712553      0.712553      1.425106
     -1.946947      1.348874      1.348874      2.697748
     -1.936937      2.380390      2.380390      4.760780
     -1.926927      3.905152      3.905152      7.810304
     -1.916917      5.963217      5.963217     11.926435
     -1.906907      8.495460      8.495460     16.990920
     -1.896897     11.325038     11.325038     22.650077
     -1.886887     14.176692     14.176692     28.353385
     -1.876877     16.734256     16.734256     33.468513
     -1.866867     18.720212     18.720212     37.440423
     -1.856857     19.972655     19.972655     39.945309
     -1.846847     20.497249     20.497249     40.994499
     -1.836837     20.478419     20.478419     40.956838
     -1.826827     20.239529     20.239529     40.479058
     -1.816817     20.149336     20.149336     40.298671
     -1.806807     20.489748     20.489748     40.979495
     -1.796797     21.326904     21.326904     42.653808
     -1.786787     22.445910     22.445910     44.891821
     -1.776777     23.396720     23.396720     46.793439
     -1.766767     23.650059     23.650059     47.300118
     -1.756757     22.802539     22.802539     45.605079
     -1.746747     20.738188     20.738188     41.476376
     -1.736737     17.673553     17.673553     35.347106
     -1.726727     14.074385     14.074385     28.148771
     -1.716717     10.495417     10.495417     20.990835
     -1.706707      7.423050      7.423050     14.846100
     -1.696697      5.181990      5.181990     10.363980
     -1.686687      3.919783      3.919783      7.839565
     -1.676677      3.640318      3.640318      7.280636
     -1.666667      4.242769      4.242769      8.485538
     -1.656657      5.538795      5.538795     11.077591
     -1.646647      7.252454      7.252454     14.504908
     -1.636637      9.031111      9.031111     18.062221
     -1.626627     10.495449     10.495449     20.990897
     -1.616617     11.332095     11.332095     22.664189
     -1.606607     11.399742     11.399742     22.799485
     -1.596597     10.801653     10.801653     21.603307
     -1.586587      9.886866      9.886866     19.773733
     -1.576577      9.172525      9.172525     18.345050
     -1.566567      9.210171      9.210171     18.420341
     -1.556557     10.433497     10.433497     20.866993
     -1.546547     13.024003     13.024003     26.048006
     -1.536537     16.825431     16.825431     33.650862
     -1.526527     21.334147     21.334147     42.668294
     -1.516517     25.784015     25.784015     51.568029
     -1.506507     29.320229     29.320229     58.640457
     -1.496496     31.219763     31.219763     62.439526
     -1.486486     31.086782     31.086782     62.173564
     -1.476476     28.952653     28.952653     57.905307
     -1.466466     25.247104     25.247104     50.494209
     -1.456456     20.660433     20.660433     41.320866
     -1.446446     15.956844     15.956844     31.913688
     -1.436436     11.806524     11.806524     23.613048
     -1.426426      8.680476      8.680476     17.360952
     -1.416416      6.815466      6.815466     13.630932
     -1.406406      6.228421      6.228421     12.456842
     -1.396396      6.753297      6.753297     13.506594
     -1.386386      8.086598      8.086598     16.173196
     -1.376376      9.845122      9.845122     19.690244
     -1.366366     11.643339     11.643339     23.286677
     -1.356356     13.182126     13.182126     26.364253
     -1.346346     14.318336     14.318336     28.636671
     -1.336336     15.078823     15.078823     30.157645
     -1.326326     15.605871     15.605871     31.211742
     -1.316316     16.060728     16.060728     32.121456
     -1.306306     16.537906     16.537906     33.075812
     -1.296296     17.032457     17.032457     34.064914
     -1.286286     17.463043     17.463043     34.926086
     -1.276276     17.717843     17.717843     35.435686
     -1.266266     17.686704     17.686704     35.373409
     -1.256256     17.270081     17.270081     34.540162
     -1.246246     16.383922     16.383922     32.767845
     -1.236236     14.982043     14.982043     29.964087
     -1.226226     13.093465     13.093465     26.186929
     -1.216216     10.847776     10.847776     21.695552
     -1.206206      8.461741      8.461741     16.923482
     -1.196196      6.185645      6.185645     12.371289
     -1.186186      4.236022      4.236022      8.472044
     -1.176176      2.749781      2.749781      5.499563
     -1.166166      1.779211      1.779211      3.558421
     -1.156156      1.321891      1.321891      2.643782
     -1.146146      1.361427      1.361427      2.722854
     -1.136136      1.892249      1.892249      3.784497
     -1.126126      2.912505      2.912505      5.825009
     -1.116116      4.386776      4.386776      8.773552
     -1.106106      6.198436      6.198436     12.396871
     -1.096096      8.122867      8.122867     16.245735
     -1.086086      9.849791      9.849791     19.699583
     -1.076076     11.062043     11.062043     22.124085
     -1.066066     11.546479     11.546479     23.092958
     -1.056056     11.287866     11.287866     22.575731
     -1.046046     10.496158     10.496158     20.992316
     -1.036036      9.545222      9.545222     19.090444
     -1.026026      8.842093      8.842093     17.684185
     -1.016016      8.677975      8.677975     17.355949
     -1.006006      9.120123      9.120123     18.240246
     -0.995996      9.986786      9.986786     19.973571
     -0.985986     10.914853     10.914853     21.829707
     -0.975976     11.494047     11.494047     22.988094
     -0.965966     11.414794     11.414794     22.829589
     -0.955956     10.570975     10.570975     21.141950
     -0.945946      9.078971      9.078971     18.157943
     -0.935936      7.213340      7.213340     14.426679
     -0.925926      5.296713      5.296713     10.593426
     -0.915916      3.596721      3.596721      7.193442
     -0.905906      2.269575      2.269575      4.539150
     -0.895896      1.360397      1.360397      2.720793
     -0.885886      0.843731      0.843731      1.687462
     -0.875876      0.676458      0.676458      1.352915
     -0.865866      0.838923      0.838923      1.677846
     -0.855856      1.350215      1.350215      2.700430
     -0.845846      2.253226      2.253226      4.506452
     -0.835836      3.573630      3.573630      7.147260
     -0.825826      5.266497      5.266497     10.532993
     -0.815816      7.174258      7.174258     14.348515
     -0.805806      9.023305      9.023305     18.046609
     -0.795796     10.475478     10.475478     20.950956
     -0.785786     11.224739     11.224739     22.449479
     -0.775776     11.101131     11.101131     22.202262
     -0.765766     10.133180     10.133180     20.266361
     -0.755756      8.537153      8.537153     17.074306
     -0.745746      6.638597      6.638597     13.277194
     -0.735736      4.765099      4.765099      9.530197
     -0.725726      3.158509      3.158509      6.317019
     -0.715716      1.937392      1.937392      3.874785
     -0.705706      1.111154      1.111154      2.222309
     -0.695696      0.625429      0.625429      1.250858
     -0.685686      0.413121      0.413121      0.826242
     -0.675676      0.433222      0.433222      0.866445
     -0.665666      0.689988      0.689988      1.379975
     -0.655656      1.231058      1.231058      2.462117
     -0.645646      2.124604      2.124604      4.249209
     -0.635636      3.417527      3.417527      6.835054
     -0.625626      5.083797      5.083797     10.167595
     -0.615616      6.982686      6.982686     13.965373
     -0.605606      8.852743      8.852743     17.705487
     -0.595596     10.359216     10.359216     20.718432
     -0.585586     11.188300     11.188300     22.376601
     -0.575576     11.152917     11.152917     22.305834
     -0.565566     10.261237     10.261237     20.522474
     -0.555556      8.713604      8.713604     17.427208
     -0.545546      6.829404      6.829404     13.658808
     -0.535536      4.940315      4.940315      9.880629
     -0.525526      3.298476      3.298476      6.596951
     -0.515516      2.032632      2.032632      4.065264
     -0.505506      1.156089      1.156089      2.312177
     -0.495495      0.606891      0.606891      1.213781
     -0.485485      0.294047      0.294047      0.588094
     -0.475475      0.131495      0.131495      0.262990
     -0.465465      0.054274      0.054274      0.108547
     -0.455455      0.020676      0.020676      0.041351
     -0.445445      0.007270      0.007270      0.014539
     -0.435435      0.002360      0.002360      0.004719
     -0.425425      0.000709      0.000709      0.001419
     -0.415415      0.000208      0.000208      0.000416
     -0.405405      0.000103      0.000103      0.000205
     -0.395395      0.000218      0.000218      0.000436
     -0.385385      0.000746      0.000746      0.001493
     -0.375375      0.002475      0.002475      0.004951
     -0.365365      0.007601      0.007601      0.015202
     -0.355355      0.021547      0.021547      0.043094
     -0.345345      0.056375      0.056375      0.112750
     -0.335335      0.136137      0.136137      0.272273
     -0.325325      0.303424      0.303424      0.606847
     -0.315315      0.624182      0.624182      1.248364
     -0.305305      1.185113      1.185113      2.370226
     -0.295295      2.076803      2.076803      4.153605
     -0.285285      3.359058      3.359058      6.718116
     -0.275275      5.014489      5.014489     10.028977
     -0.265265      6.909118      6.909118     13.818237
     -0.255255      8.786289      8.786289     17.572577
     -0.245245     10.312766     10.312766     20.625531
     -0.235235     11.172019     11.172019     22.344039
     -0.225225     11.170563     11.170563     22.341126
     -0.215215     10.308733     10.308733     20.617466
     -0.205205      8.780563      8.780563     17.561126
     -0.195195      6.902816      6.902816     13.805632
     -0.185185      5.008609      5.008609     10.017217
     -0.175175      3.354245      3.354245      6.708489
     -0.165165      2.073286      2.073286      4.146572
     -0.155155      1.182798      1.182798      2.365596
     -0.145145      0.622800      0.622800      1.245600
     -0.135135      0.302673      0.302673      0.605346
     -0.125125      0.135764      0.135764      0.271529
     -0.115115      0.056206      0.056206      0.112412
     -0.105105      0.021477      0.021477      0.042954
     -0.095095      0.007574      0.007574      0.015149
     -0.085085      0.002465      0.002465      0.004931
     -0.075075      0.000741      0.000741      0.001481
     -0.065065      0.000205      0.000205      0.000411
     -0.055055      0.000053      0.000053      0.000105
     -0.045045      0.000012      0.000012      0.000025
     -0.035035      0.000003      0.000003      0.000005
     -0.025025      0.000001      0.000001      0.000001
     -0.015015      0.000000      0.000000      0.000000
     -0.005005      0.000000      0.000000      0.000000
      0.005005      0.000000      0.000000      0.000000
      0.015015      0.000000      0.000000      0.000000
      0.025025      0.000001      0.000001      0.000001
      0.035035      0.000003      0.000003      0.000005
      0.045045      0.000012      0.000012      0.000025
      0.055055      0.000053      0.000053      0.000105
      0.065065      0.000205      0.000205      0.000411
      0.075075      0.000741      0.000741      0.001481
      0.085085      0.002465      0.002465      0.004931
      0.095095      0.007574      0.007574      0.015149
      0.105105      0.021477      0.021477      0.042954
      0.115115      0.056206      0.056206      0.112412
      0.125125      0.135764      0.135764      0.271529
      0.135135      0.302673      0.302673      0.605346
      0.145145      0.622800      0.622800      1.245600
      0.155155      1.182798      1.182798      2.365596
      0.165165      2.073286      2.073286      4.146572
      0.175175      3.354245      3.354245      6.708489
      0.185185      5.008609      5.008609     10.017217
      0.195195      6.902816      6.902816     13.805632
      0.205205      8.780563      8.780563     17.561126
      0.215215     10.308733     10.308733     20.617466
      0.225225     11.170563     11.170563     22.341126
      0.235235     11.172019     11.172019     22.344039
      0.245245     10.312766     10.312766     20.625531
      0.255255      8.786289      8.786289     17.572577
      0.265265      6.909118      6.909118     13.818237
      0.275275      5.014489      5.014489     10.028977
      0.285285      3.359058      3.359058      6.718116
      0.295295      2.076803      2.076803      4.153605
      0.305305      1.185113      1.185113      2.370226
      0.315315      0.624182      0.624182      1.248364
      0.325325      0.303424      0.303424      0.606847
      0.335335      0.136137      0.136137      0.272273
      0.345345      0.056375      0.056375      0.112750
      0.355355      0.021547      0.021547      0.043094
      0.365365      0.007601      0.007601      0.015202
      0.375375      0.002475      0.002475      0.004951
      0.385385      0.000746      0.000746      0.001492
      0.395395      0.000217      0.000217      0.000433
      0.405405      0.000097      0.000097      0.000193
      0.415415      0.000185      0.000185      0.000370
      0.425425      0.000632      0.000632      0.001264
      0.435435      0.002117      0.002117      0.004235
      0.445445      0.006572      0.006572      0.013144
      0.455455      0.018830      0.018830      0.037660
      0.465465      0.049798      0.049798      0.099596
      0.475475      0.121551      0.121551      0.243101
      0.485485      0.273836      0.273836      0.547672
      0.495495      0.569391      0.569391      1.138783
      0.505506      1.092743      1.092743      2.185485
      0.515516      1.935582      1.935582      3.871165
      0.525526      3.164407      3.164407      6.328814
      0.535536      4.774852      4.774852      9.549703
      0.545546      6.649888      6.649888     13.299776
      0.555556      8.547829      8.547829     17.095659
      0.565566     10.141099     10.141099     20.282198
      0.575576     11.104629     11.104629     22.209257
      0.585586     11.223304     11.223304     22.446609
      0.595596     10.470413     10.470413     20.940826
      0.605606      9.018569      9.018569     18.037139
      0.615616      7.178310      7.178310     14.356620
      0.625626      5.296557      5.296557     10.593114
      0.635636      3.663997      3.663997      7.327993
      0.645646      2.468292      2.468292      4.936583
      0.655656      1.799795      1.799795      3.599589
      0.665666      1.688178      1.688178      3.376357
      0.675676      2.136838      2.136838      4.273676
      0.685686      3.129825      3.129825      6.259649
      0.695696      4.606730      4.606730      9.213460
      0.705706      6.423879      6.423879     12.847758
      0.715716      8.334439      8.334439     16.668879
      0.725726     10.016671     10.016671     20.033342
      0.735736     11.156559     11.156559     22.313118
      0.745746     11.558161     11.558161     23.116322
      0.755756     11.231310     11.231310     22.462620
      0.765766     10.408778     10.408778     20.817556
      0.775776      9.475041      9.475041     18.950082
      0.785786      8.830141      8.830141     17.660282
      0.795796      8.742252      8.742252     17.484503
      0.805806      9.247596      9.247596     18.495191
      0.815816     10.136883     10.136883     20.273766
      0.825826     11.033518     11.033518     22.067037
      0.835836     11.533074     11.533074     23.066149
      0.845846     11.348704     11.348704     22.697409
      0.855856     10.404556     10.404556     20.809113
      0.865866      8.842895      8.842895     17.685789
      0.875876      6.950761      6.950761     13.901521
      0.885886      5.047327      5.047327     10.094654
      0.895896      3.384254      3.384254      6.768507
      0.905906      2.094773      2.094773      4.189546
      0.915916      1.196861      1.196861      2.393721
      0.925926      0.631259      0.631259      1.262517
      0.935936      0.307590      0.307590      0.615180
      0.945946      0.139332      0.139332      0.278664
      0.955956      0.061450      0.061450      0.122900
      0.965966      0.034396      0.034396      0.068792
      0.975976      0.041865      0.041865      0.083729
      0.985986      0.088575      0.088575      0.177150
      0.995996      0.201080      0.201080      0.402160
      1.006006      0.430814      0.430814      0.861629
      1.016016      0.855002      0.855002      1.710004
      1.026026      1.568604      1.568604      3.137208
      1.036036      2.661351      2.661351      5.322701
      1.046046      4.180346      4.180346      8.360693
      1.056056      6.090065      6.090065     12.180130
      1.066066      8.251570      8.251570     16.503139
      1.076076     10.441773     10.441773     20.883547
      1.086086     12.415745     12.415745     24.831490
      1.096096     13.987515     13.987515     27.975031
      1.106106     15.086795     15.086795     30.173591
      1.116116     15.758575     15.758575     31.517149
      1.126126     16.108513     16.108513     32.217026
      1.136136     16.234390     16.234390     32.468780
      1.146146     16.191844     16.191844     32.383688
      1.156156     16.012253     16.012253     32.024505
      1.166166     15.745865     15.745865     31.491729
      1.176176     15.482564     15.482564     30.965127
      1.186186     15.324428     15.324428     30.648856
      1.196196     15.329604     15.329604     30.659207
      1.206206     15.475348     15.475348     30.950696
      1.216216     15.673591     15.673591     31.347181
      1.226226     15.827311     15.827311     31.654622
      1.236236     15.880447     15.880447     31.760894
      1.246246     15.819784     15.819784     31.639568
      1.256256     15.629914     15.629914     31.259827
      1.266266     15.244833     15.244833     30.489665
      1.276276     14.545307     14.545307     29.090615
      1.286286     13.415173     13.415173     26.830347
      1.296296     11.822817     11.822817     23.645634
      1.306306      9.874475      9.874475     19.748950
      1.316316      7.807144      7.807144     15.614288
      1.326326      5.930749      5.930749     11.861498
      1.336336      4.557931      4.557931      9.115862
      1.346346      3.956143      3.956143      7.912286
      1.356356      4.328718      4.328718      8.657436
      1.366366      5.804330      5.804330     11.608661
      1.376376      8.409529      8.409529     16.819057
      1.386386     12.019908     12.019908     24.039815
      1.396396     16.315915     16.315915     32.631830
      1.406406     20.784930     20.784930     41.569861
      1.416416     24.796677     24.796677     49.593353
      1.426426     27.740069     27.740069     55.480137
      1.436436     29.171699     29.171699     58.343398
      1.446446     28.916437     28.916437     57.832874
      1.456456     27.085981     27.085981     54.171961
      1.466466     24.022581     24.022581     48.045161
      1.476476     20.203998     20.203998     40.407995
      1.486486     16.147841     16.147841     32.295681
      1.496496     12.336995     12.336995     24.673990
      1.506507      9.170580      9.170580     18.341160
      1.516517      6.936463      6.936463     13.872927
      1.526527      5.799519      5.799519     11.599037
      1.536537      5.799509      5.799509     11.599018
      1.546547      6.853764      6.853764     13.707529
      1.556557      8.765113      8.765113     17.530226
      1.566567     11.242465     11.242465     22.484931
      1.576577     13.942509     13.942509     27.885019
      1.586587     16.531890     16.531890     33.063780
      1.596597     18.755409     18.755409     37.510818
      1.606607     20.488524     20.488524     40.977048
      1.616617     21.757474     21.757474     43.514948
      1.626627     22.722464     22.722464     45.444929
      1.636637     23.628692     23.628692     47.257384
      1.646647     24.733641     24.733641     49.467282
      1.656657     26.222675     26.222675     52.445350
      1.666667     28.133692     28.133692     56.267384
      1.676677     30.320814     30.320814     60.641628
      1.686687     32.484120     32.484120     64.968239
      1.696697     34.268712     34.268712     68.537424
      1.706707     35.398251     35.398251     70.796502
      1.716717     35.777820     35.777820     71.555641
      1.726727     35.504732     35.504732     71.009464
      1.736737     34.773187     34.773187     69.546374
      1.746747     33.727409     33.727409     67.454818
      1.756757     32.360998     32.360998     64.721997
      1.766767     30.539381     30.539381     61.078762
      1.776777     28.142714     28.142714     56.285428
      1.786787     25.241210     25.241210     50.482420
      1.796797     22.184973     22.184973     44.369946
      1.806807     19.537547     19.537547     39.075093
      1.816817     17.873051     17.873051     35.746102
      1.826827     17.532399     17.532399     35.064799
      1.836837     18.454730     18.454730     36.909459
      1.846847     20.163934     20.163934     40.327867
      1.856857     21.921786     21.921786     43.843572
      1.866867     22.989122     22.989122     45.978244
      1.876877     22.890642     22.890642     45.781283
      1.886887     21.575345     21.575345     43.150689
      1.896897     19.408134     19.408134     38.816268
      1.906907     17.002183     17.002183     34.004365
      1.916917     14.971694     14.971694     29.943389
      1.926927     13.716019     13.716019     27.432039
      1.936937     13.324462     13.324462     26.648923
      1.946947     13.629367     13.629367     27.258734
      1.956957     14.363651     14.363651     28.727303
      1.966967     15.330722     15.330722     30.661445
      1.976977     16.492485     16.492485     32.984970
      1.986987     17.928480     17.928480     35.856960
      1.996997     19.695364     19.695364     39.390728
      2.007007     21.680019     21.680019     43.360038
      2.017017     23.550447     23.550447     47.100894
      2.027027     24.852766     24.852766     49.705532
      2.037037     25.209902     25.209902     50.419804
      2.047047     24.507153     24.507153     49.014307
      2.057057     22.951196     22.951196     45.902393
      2.067067     20.964672     20.964672     41.929344
      2.077077     18.979150     18.979150     37.958301
      2.087087     17.248268     17.248268     34.496537
      2.097097     15.783546     15.783546     31.567092
      2.107107     14.435451     14.435451     28.870902
      2.117117     13.057334     13.057334     26.114668
      2.127127     11.651987     11.651987     23.303975
      2.137137     10.424535     10.424535     20.849070
      2.147147      9.725447      9.725447     19.450894
      2.157157      9.922327      9.922327     19.844653
      2.167167     11.261363     11.261363     22.522726
      2.177177     13.768449     13.768449     27.536898
      2.187187     17.213486     17.213486     34.426972
      2.197197     21.137771     21.137771     42.275542
      2.207207     24.931781     24.931781     49.863561
      2.217217     27.946934     27.946934     55.893869
      2.227227     29.623272     29.623272     59.246545
      2.237237     29.610286     29.610286     59.220572
      2.247247     27.851603     27.851603     55.703205
      2.257257     24.603821     24.603821     49.207643
      2.267267     20.374359     20.374359     40.748717
      2.277277     15.792382     15.792382     31.584763
      2.287287     11.456948     11.456948     22.913896
      2.297297      7.818196      7.818196     15.636391
      2.307307      5.131450      5.131450     10.262900
      2.317317      3.489187      3.489187      6.978374
      2.327327      2.901728      2.901728      5.803457
      2.337337      3.380909      3.380909      6.761818
      2.347347      4.985513      4.985513      9.971027
      2.357357      7.806358      7.806358     15.612715
      2.367367     11.893269     11.893269     23.786539
      2.377377     17.149276     17.149276     34.298552
      2.387387     23.234466     23.234466     46.468932
      2.397397     29.527915     29.527915     59.055829
      2.407407     35.184960     35.184960     70.369920
      2.417417     39.296632     39.296632     78.593264
      2.427427     41.114934     41.114934     82.229868
      2.437437     40.269555     40.269555     80.539109
      2.447447     36.890706     36.890706     73.781412
      2.457457     31.582387     31.582387     63.164774
      2.467467     25.251692     25.251692     50.503383
      2.477477     18.862451     18.862451     37.724902
      2.487487     13.210730     13.210730     26.421461
      2.497497      8.799890      8.799890     17.599780
      2.507508      5.838139      5.838139     11.676278
      2.517518      4.324738      4.324738      8.649476
      2.527528      4.161251      4.161251      8.322501
      2.537538      5.230455      5.230455     10.460910
      2.547548      7.416351      7.416351     14.832703
      2.557558     10.574024     10.574024     21.148048
      2.567568     14.481158     14.481158     28.962316
      2.577578     18.806991     18.806991     37.613982
      2.587588     23.122441     23.122441     46.244882
      2.597598     26.956090     26.956090     53.912180
      2.607608     29.883041     29.883041     59.766081
      2.617618     31.621361     31.621361     63.242723
      2.627628     32.105007     32.105007     64.210014
      2.637638     31.505087     31.505087     63.010174
      2.647648     30.187002     30.187002     60.374004
      2.657658     28.617126     28.617126     57.234252
      2.667668     27.256170     27.256170     54.512341
      2.677678     26.479942     26.479942     52.959884
      2.687688     26.546813     26.546813     53.093625
      2.697698     27.599898     27.599898     55.199797
      2.707708     29.674122     29.674122     59.348244
      2.717718     32.685542     32.685542     65.371083
      2.727728     36.404098     36.404098     72.808196
      2.737738     40.433136     40.433136     80.866272
      2.747748     44.227065     44.227065     88.454130
      2.757758     47.169449     47.169449     94.338899
      2.767768     48.709595     48.709595     97.419189
      2.777778     48.522303     48.522303     97.044606
      2.787788     46.627405     46.627405     93.254810
      2.797798     43.404561     43.404561     86.809121
      2.807808     39.477299     39.477299     78.954598
      2.817818     35.504371     35.504371     71.008741
      2.827828     31.968291     31.968291     63.936583
      2.837838     29.055024     29.055024     58.110048
      2.847848     26.670906     26.670906     53.341813
      2.857858     24.573197     24.573197     49.146395
      2.867868     22.539619     22.539619     45.079237
      2.877878     20.493408     20.493408     40.986815
      2.887888     18.530991     18.530991     37.061981
      2.897898     16.850217     16.850217     33.700433
      2.907908     15.625172     15.625172     31.250343
      2.917918     14.898671     14.898671     29.797343
      2.927928     14.552790     14.552790     29.105580
      2.937938     14.373395     14.373395     28.746790
      2.947948     14.168644     14.168644     28.337289
      2.957958     13.867325     13.867325     27.734650
      2.967968     13.534610     13.534610     27.069221
      2.977978     13.295450     13.295450     26.590900
      2.987988     13.215915     13.215915     26.431830
      2.997998     13.220424     13.220424     26.440848
      3.008008     13.099417     13.099417     26.198834
      3.018018     12.604058     12.604058     25.208115
      3.028028     11.571021     11.571021     23.142042
      3.038038     10.005627     10.005627     20.011255
      3.048048      8.081625      8.081625     16.163251
      3.058058      6.066984      6.066984     12.133968
      3.068068      4.222824      4.222824      8.445648
      3.078078      2.727038      2.727038      5.454075
      3.088088      1.650095      1.650095      3.300191
      3.098098      0.979132      0.979132      1.958265
      3.108108      0.666870      0.666870      1.333739
      3.118118      0.679726      0.679726      1.359452
      3.128128      1.028016      1.028016      2.056032
      3.138138      1.771044      1.771044      3.542089
      3.148148      2.997123      2.997123      5.994246
      3.158158      4.784500      4.784500      9.568999
      3.168168      7.155967      7.155967     14.311933
      3.178178     10.045093     10.045093     20.090186
      3.188188     13.289740     13.289740     26.579480
      3.198198     16.655805     16.655805     33.311610
      3.208208     19.877131     19.877131     39.754261
      3.218218     22.689393     22.689393     45.378785
      3.228228     24.845209     24.845209     49.690418
      3.238238     26.118706     26.118706     52.237412
      3.248248     26.321744     26.321744     52.643488
      3.258258     25.346085     25.346085     50.692170
      3.268268     23.219889     23.219889     46.439778
      3.278278     20.144362     20.144362     40.288724
      3.288288     16.477670     16.477670     32.955340
      3.298298     12.660115     12.660115     25.320229
      3.308308      9.108191      9.108191     18.216383
      3.318318      6.122254      6.122254     12.244508
      3.328328      3.843092      3.843092      7.686183
      3.338338      2.265987      2.265987      4.531974
      3.348348      1.295124      1.295124      2.590248
      3.358358      0.809847      0.809847      1.619695
      3.368368      0.718156      0.718156      1.436312
      3.378378      0.983720      0.983720      1.967440
      3.388388      1.622413      1.622413      3.244826
      3.398398      2.670661      2.670661      5.341322
      3.408408      4.134056      4.134056      8.268112
      3.418418      5.933593      5.933593     11.867186
      3.428428      7.875469      7.875469     15.750939
      3.438438      9.669768      9.669768     19.339537
      3.448448     11.006278     11.006278     22.012556
      3.458458     11.665713     11.665713     23.331425
      3.468468     11.618045     11.618045     23.236089
      3.478478     11.055872     11.055872     22.111743
      3.488488     10.337024     10.337024     20.674048
      3.498498      9.854636      9.854636     19.709272
      3.508509      9.890271      9.890271     19.780542
      3.518519     10.515711     10.515711     21.031422
      3.528529     11.586374     11.586374     23.172748
      3.538539     12.825087     12.825087     25.650175
      3.548549     13.950538     13.950538     27.901076
      3.558559     14.783037     14.783037     29.566074
      3.568569     15.275225     15.275225     30.550449
      3.578579     15.461466     15.461466     30.922932
      3.588589     15.370144     15.370144     30.740289
      3.598599     14.964278     14.964278     29.928555
      3.608609     14.152164     14.152164     28.304328
      3.618619     12.857946     12.857946     25.715892
      3.628629     11.100022     11.100022     22.200045
      3.638639      9.022671      9.022671     18.045341
      3.648649      6.861331      6.861331     13.722662
      3.658659      4.865806      4.865806      9.731612
      3.668669      3.227342      3.227342      6.454683
      3.678679      2.045337      2.045337      4.090674
      3.688689      1.340826      1.340826      2.681653
      3.698699      1.098208      1.098208      2.196416
      3.708709      1.306720      1.306720      2.613441
      3.718719      1.978623      1.978623      3.957245
      3.728729      3.135099      3.135099      6.270198
      3.738739      4.767299      4.767299      9.534598
      3.748749      6.793959      6.793959     13.587918
      3.758759      9.042963      9.042963     18.085926
      3.768769     11.275589     11.275589     22.551177
      3.778779     13.248799     13.248799     26.497598
      3.788789     14.784539     14.784539     29.569078
      3.798799     15.805413     15.805413     31.610825
      3.808809     16.315433     16.315433     32.630865
      3.818819     16.342711     16.342711     32.685421
      3.828829     15.889379     15.889379     31.778758
      3.838839     14.928379     14.928379     29.856758
      3.848849     13.449644     13.449644     26.899288
      3.858859     11.519037     11.519037     23.038074
      3.868869      9.303332      9.303332     18.606664
      3.878879      7.039807      7.039807     14.079613
      3.888889      4.967567      4.967567      9.935135
      3.898899      3.260152      3.260152      6.520305
      3.908909      1.992675      1.992675      3.985350
      3.918919      1.152289      1.152289      2.304578
      3.928929      0.677985      0.677985      1.355970
      3.938939      0.507229      0.507229      1.014458
      3.948949      0.611530      0.611530      1.223061
      3.958959      1.011980      1.011980      2.023960
      3.968969      1.772394      1.772394      3.544789
      3.978979      2.971779      2.971779      5.943559
      3.988989      4.663013      4.663013      9.326025
      3.998999      6.832348      6.832348     13.664696
      4.009009      9.379735      9.379735     18.759470
      4.019019     12.134858     12.134858     24.269717
      4.029029     14.905209     14.905209     29.810418
      4.039039     17.529631     17.529631     35.059262
      4.049049     19.901958     19.901958     39.803917
      4.059059     21.947010     21.947010     43.894020
      4.069069     23.567523     23.567523     47.135046
      4.079079     24.609013     24.609013     49.218026
      4.089089     24.884710     24.884710     49.769421
      4.099099     24.263244     24.263244     48.526488
      4.109109     22.773690     22.773690     45.547379
      4.119119     20.660655     20.660655     41.321309
      4.129129     18.343381     18.343381     36.686762
      4.139139     16.285358     16.285358     32.570716
      4.149149     14.832930     14.832930     29.665861
      4.159159     14.102070     14.102070     28.204140
      4.169169     13.969521     13.969521     27.939043
      4.179179     14.169955     14.169955     28.339911
      4.189189     14.444387     14.444387     28.888775
      4.199199     14.659321     14.659321     29.318643
      4.209209     14.836975     14.836975     29.673950
      4.219219     15.092460     15.092460     30.184920
      4.229229     15.528589     15.528589     31.057178
      4.239239     16.157281     16.157281     32.314562
      4.249249     16.888582     16.888582     33.777163
      4.259259     17.578190     17.578190     35.156380
      4.269269     18.090952     18.090952     36.181904
      4.279279     18.342212     18.342212     36.684425
      4.289289     18.308739     18.308739     36.617479
      4.299299     18.024345     18.024345     36.048691
      4.309309     17.573196     17.573196     35.146392
      4.319319     17.076736     17.076736     34.153471
      4.329329     16.664190     16.664190     33.328380
      4.339339     16.432763     16.432763     32.865526
      4.349349     16.424244     16.424244     32.848489
      4.359359     16.641831     16.641831     33.283662
      4.369369     17.098133     17.098133     34.196266
      4.379379     17.849226     17.849226     35.698452
      4.389389     18.967536     18.967536     37.935073
      4.399399     20.450038     20.450038     40.900076
      4.409409     22.118319     22.118319     44.236638
      4.419419     23.594024     23.594024     47.188048
      4.429429     24.398372     24.398372     48.796745
      4.439439     24.146017     24.146017     48.292035
      4.449449     22.735105     22.735105     45.470209
      4.459459     20.425975     20.425975     40.851949
      4.469469     17.758313     17.758313     35.516626
      4.479479     15.343404     15.343404     30.686807
      4.489489     13.631271     13.631271     27.262541
      4.499499     12.759365     12.759365     25.518730
      4.509510     12.543955     12.543955     25.087910
      4.519520     12.607030     12.607030     25.214061
      4.529530     12.573971     12.573971     25.147941
      4.539540     12.252700     12.252700     24.505400
      4.549550     11.719546     11.719546     23.439093
      4.559560     11.281029     11.281029     22.562059
      4.569570     11.333756     11.333756     22.667512
      4.579580     12.183993     12.183993     24.367986
      4.589590     13.900236     13.900236     27.800472
      4.599600     16.255799     16.255799     32.511599
      4.609610     18.783727     18.783727     37.567454
      4.619620     20.925680     20.925680     41.851360
      4.629630     22.221594     22.221594     44.443187
      4.639640     22.468874     22.468874     44.937748
      4.649650     21.787848     21.787848     43.575697
      4.659660     20.565595     20.565595     41.131189
      4.669670     19.301308     19.301308     38.602616
      4.679680     18.419532     18.419532     36.839063
      4.689690     18.129430     18.129430     36.258860
      4.699700     18.381241     18.381241     36.762483
      4.709710     18.921007     18.921007     37.842015
      4.719720     19.402091     19.402091     38.804181
      4.729730     19.500438     19.500438     39.000876
      4.739740     18.999600     18.999600     37.999200
      4.749750     17.839261     17.839261     35.678522
      4.759760     16.134684     16.134684     32.269368
      4.769770     14.169857     14.169857     28.339713
      4.779780     12.358559     12.358559     24.717117
      4.789790     11.170527     11.170527     22.341053
      4.799800     11.035315     11.035315     22.070630
      4.809810     12.251338     12.251338     24.502677
      4.819820     14.928495     14.928495     29.856990
      4.829830     18.977036     18.977036     37.954072
      4.839840     24.132525     24.132525     48.265050
      4.849850     29.991900     29.991900     59.983800
      4.859860     36.040360     36.040360     72.080720
      4.869870     41.671987     41.671987     83.343974
      4.879880     46.231475     46.231475     92.462950
      4.889890     49.105481     49.105481     98.210963
      4.899900     49.859403     49.859403     99.718807
      4.909910     48.368263     48.368263     96.736525
      4.919920     44.869057     44.869057     89.738115
      4.929930     39.892908     39.892908     79.785817
      4.939940     34.102687     34.102687     68.205373
      4.949950     28.115842     28.115842     56.231683
      4.959960     22.391775     22.391775     44.783550
      4.969970     17.212199     17.212199     34.424398
      4.979980     12.724681     12.724681     25.449361
      4.989990      8.996208      8.996208     17.992415
      5.000000      6.042123      6.042123     12.084245
