# EIG2DOS: Utility for SIESTA to obtain the electronic density of states
#  E. Artacho, Apr 1999, A. Garcia, Apr 2012
#  Nick R. Papior, Feb 2017
# ------------------------------------------
# Eigenvalues calculated from a non-polarized calculation
# Eigenvalues read from siesta.EIG
# Kpoint weights read from siesta.KP
# Using smearing parameter:   0.0500
# Using 1000 points in the energy range
# Selected bands: 1 to: 2981
# Emin, Emax in file for selected band(s):    -27.2168862    218.3608040
# Nbands, Nspin, Nk   =   2981     1     1
# E_F                 =    -4.2494 eV --> (shifted to ZERO)
# Broadening          =     0.0500 eV
#
#        E            N(up)  (=)   N(down)         Ntot
     -5.000000     32.033405     32.033405     64.066810
     -4.989990     36.156275     36.156275     72.312549
     -4.979980     39.962467     39.962467     79.924934
     -4.969970     42.893793     42.893793     85.787585
     -4.959960     44.453649     44.453649     88.907297
     -4.949950     44.364712     44.364712     88.729424
     -4.939940     42.670169     42.670169     85.340338
     -4.929930     39.746818     39.746818     79.493637
     -4.919920     36.240075     36.240075     72.480150
     -4.909910     32.954855     32.954855     65.909711
     -4.899900     30.729059     30.729059     61.458119
     -4.889890     30.291594     30.291594     60.583188
     -4.879880     32.096444     32.096444     64.192889
     -4.869870     36.149655     36.149655     72.299309
     -4.859860     41.893687     41.893687     83.787374
     -4.849850     48.238891     48.238891     96.477782
     -4.839840     53.794838     53.794838    107.589676
     -4.829830     57.258677     57.258677    114.517354
     -4.819820     57.818307     57.818307    115.636614
     -4.809810     55.395658     55.395658    110.791317
     -4.799800     50.622104     50.622104    101.244207
     -4.789790     44.568932     44.568932     89.137863
     -4.779780     38.370194     38.370194     76.740389
     -4.769770     32.905113     32.905113     65.810225
     -4.759760     28.645526     28.645526     57.291051
     -4.749750     25.673248     25.673248     51.346495
     -4.739740     23.798990     23.798990     47.597979
     -4.729730     22.700218     22.700218     45.400436
     -4.719720     22.025620     22.025620     44.051240
     -4.709710     21.454404     21.454404     42.908808
     -4.699700     20.725605     20.725605     41.451209
     -4.689690     19.660799     19.660799     39.321599
     -4.679680     18.197321     18.197321     36.394642
     -4.669670     16.433258     16.433258     32.866516
     -4.659660     14.667226     14.667226     29.334451
     -4.649650     13.404344     13.404344     26.808688
     -4.639640     13.301649     13.301649     26.603298
     -4.629630     15.040492     15.040492     30.080985
     -4.619620     19.135716     19.135716     38.271432
     -4.609610     25.719295     25.719295     51.438589
     -4.599600     34.366569     34.366569     68.733139
     -4.589590     44.052348     44.052348     88.104695
     -4.579580     53.307159     53.307159    106.614318
     -4.569570     60.575523     60.575523    121.151046
     -4.559560     64.677526     64.677526    129.355053
     -4.549550     65.197735     65.197735    130.395471
     -4.539540     62.628238     62.628238    125.256476
     -4.529530     58.188859     58.188859    116.377717
     -4.519520     53.391034     53.391034    106.782068
     -4.509510     49.525027     49.525027     99.050054
     -4.499499     47.274567     47.274567     94.549135
     -4.489489     46.592567     46.592567     93.185133
     -4.479479     46.849705     46.849705     93.699409
     -4.469469     47.157193     47.157193     94.314385
     -4.459459     46.713617     46.713617     93.427233
     -4.449449     45.046328     45.046328     90.092657
     -4.439439     42.088549     42.088549     84.177097
     -4.429429     38.113338     38.113338     76.226676
     -4.419419     33.596411     33.596411     67.192822
     -4.409409     29.082843     29.082843     58.165686
     -4.399399     25.096581     25.096581     50.193162
     -4.389389     22.085961     22.085961     44.171922
     -4.379379     20.375388     20.375388     40.750776
     -4.369369     20.106457     20.106457     40.212914
     -4.359359     21.186095     21.186095     42.372191
     -4.349349     23.282960     23.282960     46.565920
     -4.339339     25.902925     25.902925     51.805851
     -4.329329     28.534108     28.534108     57.068215
     -4.319319     30.809139     30.809139     61.618278
     -4.309309     32.616624     32.616624     65.233248
     -4.299299     34.113693     34.113693     68.227387
     -4.289289     35.632620     35.632620     71.265241
     -4.279279     37.513740     37.513740     75.027481
     -4.269269     39.921252     39.921252     79.842504
     -4.259259     42.707582     42.707582     85.415164
     -4.249249     45.386722     45.386722     90.773443
     -4.239239     47.250714     47.250714     94.501427
     -4.229229     47.610446     47.610446     95.220892
     -4.219219     46.075930     46.075930     92.151860
     -4.209209     42.750334     42.750334     85.500668
     -4.199199     38.234395     38.234395     76.468789
     -4.189189     33.425551     33.425551     66.851103
     -4.179179     29.202492     29.202492     58.404983
     -4.169169     26.144295     26.144295     52.288589
     -4.159159     24.407582     24.407582     48.815163
     -4.149149     23.795093     23.795093     47.590185
     -4.139139     23.953134     23.953134     47.906268
     -4.129129     24.584991     24.584991     49.169983
     -4.119119     25.577417     25.577417     51.154835
     -4.109109     26.989330     26.989330     53.978660
     -4.099099     28.917977     28.917977     57.835954
     -4.089089     31.315591     31.315591     62.631182
     -4.079079     33.860107     33.860107     67.720213
     -4.069069     35.968562     35.968562     71.937124
     -4.059059     36.975855     36.975855     73.951711
     -4.049049     36.409439     36.409439     72.818878
     -4.039039     34.225044     34.225044     68.450089
     -4.029029     30.877062     30.877062     61.754124
     -4.019019     27.182379     27.182379     54.364758
     -4.009009     24.047162     24.047162     48.094325
     -3.998999     22.192243     22.192243     44.384485
     -3.988989     21.995874     21.995874     43.991749
     -3.978979     23.491755     23.491755     46.983509
     -3.968969     26.473883     26.473883     52.947766
     -3.958959     30.622260     30.622260     61.244520
     -3.948949     35.587750     35.587750     71.175500
     -3.938939     41.029189     41.029189     82.058377
     -3.928929     46.633439     46.633439     93.266877
     -3.918919     52.143703     52.143703    104.287405
     -3.908909     57.386661     57.386661    114.773323
     -3.898899     62.263178     62.263178    124.526355
     -3.888889     66.679056     66.679056    133.358112
     -3.878879     70.436669     70.436669    140.873339
     -3.868869     73.151543     73.151543    146.303086
     -3.858859     74.264871     74.264871    148.529742
     -3.848849     73.182344     73.182344    146.364688
     -3.838839     69.501779     69.501779    139.003557
     -3.828829     63.235369     63.235369    126.470738
     -3.818819     54.920618     54.920618    109.841236
     -3.808809     45.556544     45.556544     91.113088
     -3.798799     36.377241     36.377241     72.754483
     -3.788789     28.543711     28.543711     57.087421
     -3.778779     22.863103     22.863103     45.726207
     -3.768769     19.623682     19.623682     39.247364
     -3.758759     18.582542     18.582542     37.165084
     -3.748749     19.090682     19.090682     38.181365
     -3.738739     20.306449     20.306449     40.612898
     -3.728729     21.436916     21.436916     42.873832
     -3.718719     21.949823     21.949823     43.899646
     -3.708709     21.708496     21.708496     43.416992
     -3.698699     20.996525     20.996525     41.993050
     -3.688689     20.419791     20.419791     40.839583
     -3.678679     20.702506     20.702506     41.405011
     -3.668669     22.428130     22.428130     44.856260
     -3.658659     25.805015     25.805015     51.610029
     -3.648649     30.543591     30.543591     61.087182
     -3.638639     35.902754     35.902754     71.805509
     -3.628629     40.899328     40.899328     81.798655
     -3.618619     44.602384     44.602384     89.204768
     -3.608609     46.394557     46.394557     92.789115
     -3.598599     46.102736     46.102736     92.205472
     -3.588589     43.970022     43.970022     87.940045
     -3.578579     40.514379     40.514379     81.028759
     -3.568569     36.352175     36.352175     72.704350
     -3.558559     32.047904     32.047904     64.095809
     -3.548549     28.013734     28.013734     56.027468
     -3.538539     24.459403     24.459403     48.918805
     -3.528529     21.392751     21.392751     42.785501
     -3.518519     18.674398     18.674398     37.348797
     -3.508509     16.117284     16.117284     32.234569
     -3.498498     13.597335     13.597335     27.194670
     -3.488488     11.128589     11.128589     22.257178
     -3.478478      8.870794      8.870794     17.741588
     -3.468468      7.071416      7.071416     14.142832
     -3.458458      5.972915      5.972915     11.945830
     -3.448448      5.723200      5.723200     11.446400
     -3.438438      6.316145      6.316145     12.632291
     -3.428428      7.575329      7.575329     15.150658
     -3.418418      9.186845      9.186845     18.373689
     -3.408408     10.780885     10.780885     21.561770
     -3.398398     12.047327     12.047327     24.094655
     -3.388388     12.849427     12.849427     25.698853
     -3.378378     13.287784     13.287784     26.575568
     -3.368368     13.680214     13.680214     27.360427
     -3.358358     14.460304     14.460304     28.920608
     -3.348348     16.035828     16.035828     32.071656
     -3.338338     18.661272     18.661272     37.322545
     -3.328328     22.359823     22.359823     44.719646
     -3.318318     26.898842     26.898842     53.797685
     -3.308308     31.807652     31.807652     63.615305
     -3.298298     36.436108     36.436108     72.872216
     -3.288288     40.065862     40.065862     80.131724
     -3.278278     42.073722     42.073722     84.147444
     -3.268268     42.105185     42.105185     84.210370
     -3.258258     40.181337     40.181337     80.362673
     -3.248248     36.676335     36.676335     73.352670
     -3.238238     32.169614     32.169614     64.339229
     -3.228228     27.250235     27.250235     54.500470
     -3.218218     22.372960     22.372960     44.745921
     -3.208208     17.820962     17.820962     35.641925
     -3.198198     13.757967     13.757967     27.515934
     -3.188188     10.309013     10.309013     20.618027
     -3.178178      7.617115      7.617115     15.234230
     -3.168168      5.860785      5.860785     11.721569
     -3.158158      5.245525      5.245525     10.491050
     -3.148148      5.981818      5.981818     11.963636
     -3.138138      8.244990      8.244990     16.489980
     -3.128128     12.104741     12.104741     24.209483
     -3.118118     17.428927     17.428927     34.857854
     -3.108108     23.798373     23.798373     47.596747
     -3.098098     30.490919     30.490919     60.981838
     -3.088088     36.579819     36.579819     73.159638
     -3.078078     41.141727     41.141727     82.283455
     -3.068068     43.507181     43.507181     87.014363
     -3.058058     43.450162     43.450162     86.900324
     -3.048048     41.230059     41.230059     82.460119
     -3.038038     37.465805     37.465805     74.931611
     -3.028028     32.902945     32.902945     65.805890
     -3.018018     28.184000     28.184000     56.367999
     -3.008008     23.721954     23.721954     47.443908
     -2.997998     19.713883     19.713883     39.427766
     -2.987988     16.255806     16.255806     32.511612
     -2.977978     13.475189     13.475189     26.950377
     -2.967968     11.604166     11.604166     23.208332
     -2.957958     10.960279     10.960279     21.920558
     -2.947948     11.849746     11.849746     23.699493
     -2.937938     14.436814     14.436814     28.873628
     -2.927928     18.628555     18.628555     37.257110
     -2.917918     24.017684     24.017684     48.035368
     -2.907908     29.913031     29.913031     59.826063
     -2.897898     35.465808     35.465808     70.931615
     -2.887888     39.866986     39.866986     79.733972
     -2.877878     42.555979     42.555979     85.111959
     -2.867868     43.362887     43.362887     86.725774
     -2.857858     42.523063     42.523063     85.046126
     -2.847848     40.552916     40.552916     81.105832
     -2.837838     38.037713     38.037713     76.075425
     -2.827828     35.423644     35.423644     70.847287
     -2.817818     32.903884     32.903884     65.807767
     -2.807808     30.440915     30.440915     60.881830
     -2.797798     27.898706     27.898706     55.797412
     -2.787788     25.204451     25.204451     50.408901
     -2.777778     22.449418     22.449418     44.898837
     -2.767768     19.877373     19.877373     39.754745
     -2.757758     17.775179     17.775179     35.550358
     -2.747748     16.336274     16.336274     32.672547
     -2.737738     15.581306     15.581306     31.162611
     -2.727728     15.383091     15.383091     30.766182
     -2.717718     15.576455     15.576455     31.152911
     -2.707708     16.078249     16.078249     32.156497
     -2.697698     16.934734     16.934734     33.869467
     -2.687688     18.260674     18.260674     36.521349
     -2.677678     20.108528     20.108528     40.217056
     -2.667668     22.358356     22.358356     44.716712
     -2.657658     24.711580     24.711580     49.423160
     -2.647648     26.805504     26.805504     53.611007
     -2.637638     28.383388     28.383388     56.766775
     -2.627628     29.414078     29.414078     58.828157
     -2.617618     30.086347     30.086347     60.172694
     -2.607608     30.685200     30.685200     61.370400
     -2.597598     31.431269     31.431269     62.862538
     -2.587588     32.377455     32.377455     64.754910
     -2.577578     33.404886     33.404886     66.809773
     -2.567568     34.289339     34.289339     68.578677
     -2.557558     34.776477     34.776477     69.552954
     -2.547548     34.628638     34.628638     69.257277
     -2.537538     33.654881     33.654881     67.309761
     -2.527528     31.758736     31.758736     63.517472
     -2.517518     29.012919     29.012919     58.025839
     -2.507508     25.723188     25.723188     51.446375
     -2.497497     22.421518     22.421518     44.843036
     -2.487487     19.756073     19.756073     39.512145
     -2.477477     18.304458     18.304458     36.608916
     -2.467467     18.386312     18.386312     36.772624
     -2.457457     19.959821     19.959821     39.919642
     -2.447447     22.651233     22.651233     45.302466
     -2.437437     25.906851     25.906851     51.813701
     -2.427427     29.201467     29.201467     58.402933
     -2.417417     32.210280     32.210280     64.420560
     -2.407407     34.866335     34.866335     69.732669
     -2.397397     37.278746     37.278746     74.557492
     -2.387387     39.555496     39.555496     79.110992
     -2.377377     41.625013     41.625013     83.250026
     -2.367367     43.156031     43.156031     86.312061
     -2.357357     43.629920     43.629920     87.259841
     -2.347347     42.544023     42.544023     85.088047
     -2.337337     39.655760     39.655760     79.311521
     -2.327327     35.151979     35.151979     70.303957
     -2.317317     29.661515     29.661515     59.323029
     -2.307307     24.103963     24.103963     48.207926
     -2.297297     19.442021     19.442021     38.884042
     -2.287287     16.438324     16.438324     32.876648
     -2.277277     15.498659     15.498659     30.997318
     -2.267267     16.632816     16.632816     33.265632
     -2.257257     19.515667     19.515667     39.031334
     -2.247247     23.605512     23.605512     47.211023
     -2.237237     28.274562     28.274562     56.549124
     -2.227227     32.916934     32.916934     65.833868
     -2.217217     37.014661     37.014661     74.029321
     -2.207207     40.160148     40.160148     80.320297
     -2.197197     42.052195     42.052195     84.104390
     -2.187187     42.494433     42.494433     84.988865
     -2.177177     41.419165     41.419165     82.838331
     -2.167167     38.933494     38.933494     77.866988
     -2.157157     35.352425     35.352425     70.704851
     -2.147147     31.171227     31.171227     62.342453
     -2.137137     26.954459     26.954459     53.908918
     -2.127127     23.172213     23.172213     46.344426
     -2.117117     20.058859     20.058859     40.117718
     -2.107107     17.569478     17.569478     35.138957
     -2.097097     15.458283     15.458283     30.916566
     -2.087087     13.434405     13.434405     26.868809
     -2.077077     11.310232     11.310232     22.620465
     -2.067067      9.070968      9.070968     18.141935
     -2.057057      6.847220      6.847220     13.694441
     -2.047047      4.826497      4.826497      9.652994
     -2.037037      3.161670      3.161670      6.323339
     -2.027027      1.919529      1.919529      3.839058
     -2.017017      1.079447      1.079447      2.158894
     -2.007007      0.565346      0.565346      1.130692
     -1.996997      0.286186      0.286186      0.572372
     -1.986987      0.167850      0.167850      0.335699
     -1.976977      0.171920      0.171920      0.343840
     -1.966967      0.305282      0.305282      0.610563
     -1.956957      0.625648      0.625648      1.251296
     -1.946947      1.243826      1.243826      2.487652
     -1.936937      2.317614      2.317614      4.635227
     -1.926927      4.028881      4.028881      8.057763
     -1.916917      6.537746      6.537746     13.075492
     -1.906907      9.916805      9.916805     19.833611
     -1.896897     14.081401     14.081401     28.162803
     -1.886887     18.742873     18.742873     37.485747
     -1.876877     23.413818     23.413818     46.827636
     -1.866867     27.483214     27.483214     54.966429
     -1.856857     30.355471     30.355471     60.710942
     -1.846847     31.617527     31.617527     63.235054
     -1.836837     31.174383     31.174383     62.348766
     -1.826827     29.291174     29.291174     58.582348
     -1.816817     26.509181     26.509181     53.018361
     -1.806807     23.457983     23.457983     46.915966
     -1.796797     20.640121     20.640121     41.280242
     -1.786787     18.284317     18.284317     36.568634
     -1.776777     16.330920     16.330920     32.661841
     -1.766767     14.544170     14.544170     29.088341
     -1.756757     12.681498     12.681498     25.362995
     -1.746747     10.629435     10.629435     21.258870
     -1.736737      8.447830      8.447830     16.895661
     -1.726727      6.323258      6.323258     12.646516
     -1.716717      4.479188      4.479188      8.958377
     -1.706707      3.099530      3.099530      6.199059
     -1.696697      2.296860      2.296860      4.593720
     -1.686687      2.120307      2.120307      4.240613
     -1.676677      2.574749      2.574749      5.149498
     -1.666667      3.623555      3.623555      7.247110
     -1.656657      5.166834      5.166834     10.333667
     -1.646647      7.012267      7.012267     14.024535
     -1.636637      8.870317      8.870317     17.740634
     -1.626627     10.399517     10.399517     20.799033
     -1.616617     11.301570     11.301570     22.603139
     -1.606607     11.434130     11.434130     22.868259
     -1.596597     10.891779     10.891779     21.783558
     -1.586587     10.015075     10.015075     20.030151
     -1.576577      9.317759      9.317759     18.635518
     -1.566567      9.353850      9.353850     18.707701
     -1.556557     10.562963     10.562963     21.125927
     -1.546547     13.132508     13.132508     26.265016
     -1.536537     16.909908     16.909908     33.819815
     -1.526527     21.392955     21.392955     42.785909
     -1.516517     25.816198     25.816198     51.632396
     -1.506507     29.326358     29.326358     58.652716
     -1.496496     31.203189     31.203189     62.406379
     -1.486486     31.053968     31.053968     62.107936
     -1.476476     28.912022     28.912022     57.824045
     -1.466466     25.206922     25.206922     50.413844
     -1.456456     20.626808     20.626808     41.253617
     -1.446446     15.932725     15.932725     31.865450
     -1.436436     11.791818     11.791818     23.583635
     -1.426426      8.672689      8.672689     17.345379
     -1.416416      6.809933      6.809933     13.619866
     -1.406406      6.217339      6.217339     12.434678
     -1.396396      6.723314      6.723314     13.446628
     -1.386386      8.015525      8.015525     16.031051
     -1.376376      9.699433      9.699433     19.398865
     -1.366366     11.379175     11.379175     22.758351
     -1.356356     12.752750     12.752750     25.505501
     -1.346346     13.689105     13.689105     27.378210
     -1.336336     14.246519     14.246519     28.493037
     -1.326326     14.614136     14.614136     29.228272
     -1.316316     15.001442     15.001442     30.002884
     -1.306306     15.533019     15.533019     31.066038
     -1.296296     16.201419     16.201419     32.402839
     -1.286286     16.891001     16.891001     33.782001
     -1.276276     17.440768     17.440768     34.881536
     -1.266266     17.699043     17.699043     35.398087
     -1.256256     17.545376     17.545376     35.090752
     -1.246246     16.891296     16.891296     33.782591
     -1.236236     15.687589     15.687589     31.375177
     -1.226226     13.949971     13.949971     27.899941
     -1.216216     11.786265     11.786265     23.572529
     -1.206206      9.396067      9.396067     18.792134
     -1.196196      7.030011      7.030011     14.060022
     -1.186186      4.924983      4.924983      9.849966
     -1.176176      3.248868      3.248868      6.497736
     -1.166166      2.081338      2.081338      4.162677
     -1.156156      1.433813      1.433813      2.867627
     -1.146146      1.289749      1.289749      2.579498
     -1.136136      1.637936      1.637936      3.275872
     -1.126126      2.477902      2.477902      4.955805
     -1.116116      3.792313      3.792313      7.584625
     -1.106106      5.499924      5.499924     10.999848
     -1.096096      7.417409      7.417409     14.834818
     -1.086086      9.261468      9.261468     18.522936
     -1.076076     10.708186     10.708186     21.416372
     -1.066066     11.497069     11.497069     22.994139
     -1.056056     11.537216     11.537216     23.074432
     -1.046046     10.962065     10.962065     21.924130
     -1.036036     10.097604     10.097604     20.195209
     -1.026026      9.348621      9.348621     18.697243
     -1.016016      9.046889      9.046889     18.093778
     -1.006006      9.323591      9.323591     18.647183
     -0.995996     10.058469     10.058469     20.116937
     -0.985986     10.926441     10.926441     21.852882
     -0.975976     11.522677     11.522677     23.045354
     -0.965966     11.514653     11.514653     23.029305
     -0.955956     10.758700     10.758700     21.517401
     -0.945946      9.335670      9.335670     18.671340
     -0.935936      7.498952      7.498952     14.997904
     -0.925926      5.568207      5.568207     11.136413
     -0.915916      3.821777      3.821777      7.643555
     -0.905906      2.431285      2.431285      4.862570
     -0.895896      1.453298      1.453298      2.906595
     -0.885886      0.864812      0.864812      1.729624
     -0.875876      0.615753      0.615753      1.231506
     -0.865866      0.673910      0.673910      1.347820
     -0.855856      1.047458      1.047458      2.094916
     -0.845846      1.779445      1.779445      3.558890
     -0.835836      2.915418      2.915418      5.830835
     -0.825826      4.452855      4.452855      8.905710
     -0.815816      6.290944      6.290944     12.581888
     -0.805806      8.207062      8.207062     16.414125
     -0.795796      9.883068      9.883068     19.766136
     -0.785786     10.984809     10.984809     21.969618
     -0.775776     11.268920     11.268920     22.537839
     -0.765766     10.669879     10.669879     21.339758
     -0.755756      9.324474      9.324474     18.648947
     -0.745746      7.521067      7.521067     15.042133
     -0.735736      5.599364      5.599364     11.198729
     -0.725726      3.848336      3.848336      7.696671
     -0.715716      2.443663      2.443663      4.887325
     -0.705706      1.439658      1.439658      2.879315
     -0.695696      0.803343      0.803343      1.606685
     -0.685686      0.465411      0.465411      0.930822
     -0.675676      0.365883      0.365883      0.731767
     -0.665666      0.482941      0.482941      0.965882
     -0.655656      0.842028      0.842028      1.684056
     -0.645646      1.505174      1.505174      3.010348
     -0.635636      2.540641      2.540641      5.081282
     -0.625626      3.976278      3.976278      7.952555
     -0.615616      5.748971      5.748971     11.497942
     -0.605606      7.673045      7.673045     15.346090
     -0.595596      9.452517      9.452517     18.905034
     -0.585586     10.747737     10.747737     21.495474
     -0.575576     11.279089     11.279089     22.558179
     -0.565566     10.924913     10.924913     21.849827
     -0.555556      9.766723      9.766723     19.533445
     -0.545546      8.058729      8.058729     16.117458
     -0.535536      6.137212      6.137212     12.274423
     -0.525526      4.313825      4.313825      8.627649
     -0.515516      2.798599      2.798599      5.597199
     -0.505506      1.675737      1.675737      3.351474
     -0.495495      0.926100      0.926100      1.852200
     -0.485485      0.472386      0.472386      0.944771
     -0.475475      0.222394      0.222394      0.444787
     -0.465465      0.096635      0.096635      0.193270
     -0.455455      0.038756      0.038756      0.077511
     -0.445445      0.014346      0.014346      0.028691
     -0.435435      0.004902      0.004902      0.009803
     -0.425425      0.001548      0.001548      0.003096
     -0.415415      0.000461      0.000461      0.000922
     -0.405405      0.000169      0.000169      0.000338
     -0.395395      0.000219      0.000219      0.000438
     -0.385385      0.000692      0.000692      0.001384
     -0.375375      0.002294      0.002294      0.004587
     -0.365365      0.007077      0.007077      0.014155
     -0.355355      0.020168      0.020168      0.040337
     -0.345345      0.053047      0.053047      0.106094
     -0.335335      0.128777      0.128777      0.257555
     -0.325325      0.288540      0.288540      0.577081
     -0.315315      0.596705      0.596705      1.193411
     -0.305305      1.138938      1.138938      2.277877
     -0.295295      2.006445      2.006445      4.012891
     -0.285285      3.262431      3.262431      6.524862
     -0.275275      4.896009      4.896009      9.792018
     -0.265265      6.781565      6.781565     13.563130
     -0.255255      8.669708      8.669708     17.339416
     -0.245245     10.229770     10.229770     20.459540
     -0.235235     11.140742     11.140742     22.281484
     -0.225225     11.198226     11.198226     22.396451
     -0.215215     10.388938     10.388938     20.777877
     -0.205205      8.895697      8.895697     17.791393
     -0.195195      7.030328      7.030328     14.060657
     -0.185185      5.128119      5.128119     10.256239
     -0.175175      3.452451      3.452451      6.904901
     -0.165165      2.145278      2.145278      4.290557
     -0.155155      1.230344      1.230344      2.460689
     -0.145145      0.651263      0.651263      1.302527
     -0.135135      0.318180      0.318180      0.636361
     -0.125125      0.143475      0.143475      0.286950
     -0.115115      0.059713      0.059713      0.119426
     -0.105105      0.022937      0.022937      0.045875
     -0.095095      0.008132      0.008132      0.016264
     -0.085085      0.002661      0.002661      0.005322
     -0.075075      0.000804      0.000804      0.001607
     -0.065065      0.000224      0.000224      0.000448
     -0.055055      0.000058      0.000058      0.000115
     -0.045045      0.000014      0.000014      0.000027
     -0.035035      0.000003      0.000003      0.000006
     -0.025025      0.000001      0.000001      0.000001
     -0.015015      0.000000      0.000000      0.000000
     -0.005005      0.000000      0.000000      0.000000
      0.005005      0.000000      0.000000      0.000000
      0.015015      0.000000      0.000000      0.000000
      0.025025      0.000001      0.000001      0.000001
      0.035035      0.000003      0.000003      0.000006
      0.045045      0.000014      0.000014      0.000027
      0.055055      0.000058      0.000058      0.000115
      0.065065      0.000224      0.000224      0.000448
      0.075075      0.000804      0.000804      0.001607
      0.085085      0.002661      0.002661      0.005322
      0.095095      0.008132      0.008132      0.016264
      0.105105      0.022937      0.022937      0.045875
      0.115115      0.059713      0.059713      0.119426
      0.125125      0.143475      0.143475      0.286951
      0.135135      0.318181      0.318181      0.636361
      0.145145      0.651264      0.651264      1.302528
      0.155155      1.230345      1.230345      2.460690
      0.165165      2.145280      2.145280      4.290559
      0.175175      3.452452      3.452452      6.904904
      0.185185      5.128121      5.128121     10.256242
      0.195195      7.030330      7.030330     14.060661
      0.205205      8.895698      8.895698     17.791397
      0.215215     10.388939     10.388939     20.777879
      0.225225     11.198226     11.198226     22.396452
      0.235235     11.140741     11.140741     22.281483
      0.245245     10.229769     10.229769     20.459537
      0.255255      8.669706      8.669706     17.339412
      0.265265      6.781563      6.781563     13.563126
      0.275275      4.896007      4.896007      9.792015
      0.285285      3.262430      3.262430      6.524860
      0.295295      2.006444      2.006444      4.012889
      0.305305      1.138938      1.138938      2.277875
      0.315315      0.596705      0.596705      1.193410
      0.325325      0.288540      0.288540      0.577080
      0.335335      0.128777      0.128777      0.257555
      0.345345      0.053047      0.053047      0.106094
      0.355355      0.020168      0.020168      0.040336
      0.365365      0.007077      0.007077      0.014154
      0.375375      0.002292      0.002292      0.004585
      0.385385      0.000686      0.000686      0.001372
      0.395395      0.000194      0.000194      0.000388
      0.405405      0.000069      0.000069      0.000139
      0.415415      0.000098      0.000098      0.000196
      0.425425      0.000332      0.000332      0.000664
      0.435435      0.001156      0.001156      0.002311
      0.445445      0.003735      0.003735      0.007470
      0.455455      0.011146      0.011146      0.022292
      0.465465      0.030701      0.030701      0.061401
      0.475475      0.078049      0.078049      0.156098
      0.485485      0.183136      0.183136      0.366272
      0.495495      0.396613      0.396613      0.793226
      0.505506      0.792770      0.792770      1.585540
      0.515516      1.462562      1.462562      2.925124
      0.525526      2.490394      2.490394      4.980788
      0.535536      3.913891      3.913891      7.827781
      0.545546      5.677227      5.677227     11.354453
      0.555556      7.600650      7.600650     15.201301
      0.565566      9.391880      9.391880     18.783761
      0.575576     10.711315     10.711315     21.422629
      0.585586     11.275236     11.275236     22.550471
      0.595596     10.955099     10.955099     21.910198
      0.605606      9.825851      9.825851     19.651702
      0.615616      8.139327      8.139327     16.278653
      0.625626      6.237363      6.237363     12.474726
      0.635636      4.448684      4.448684      8.897368
      0.645646      3.015949      3.015949      6.031899
      0.655656      2.076000      2.076000      4.152000
      0.665666      1.684581      1.684581      3.369163
      0.675676      1.855688      1.855688      3.711377
      0.685686      2.584158      2.584158      5.168315
      0.695696      3.835650      3.835650      7.671301
      0.705706      5.511451      5.511451     11.022902
      0.715716      7.415456      7.415456     14.830912
      0.725726      9.256839      9.256839     18.513678
      0.735736     10.707944     10.707944     21.415887
      0.745746     11.506654     11.506654     23.013309
      0.755756     11.561388     11.561388     23.122776
      0.765766     11.005066     11.005066     22.010132
      0.775776     10.162576     10.162576     20.325152
      0.785786      9.436176      9.436176     18.872352
      0.795796      9.153115      9.153115     18.306231
      0.805806      9.438475      9.438475     18.876950
      0.815816     10.166148     10.166148     20.332296
      0.825826     11.008250     11.008250     22.016501
      0.835836     11.562482     11.562482     23.124963
      0.845846     11.504390     11.504390     23.008780
      0.855856     10.701443     10.701443     21.402885
      0.865866      9.244550      9.244550     18.489099
      0.875876      7.392364      7.392364     14.784729
      0.885886      5.463408      5.463408     10.926816
      0.895896      3.729151      3.729151      7.458302
      0.905906      2.350036      2.350036      4.700071
      0.915916      1.367072      1.367072      2.734144
      0.925926      0.734106      0.734106      1.468213
      0.935936      0.364081      0.364081      0.728162
      0.945946      0.167460      0.167460      0.334921
      0.955956      0.073694      0.073694      0.147388
      0.965966      0.037704      0.037704      0.075408
      0.975976      0.038466      0.038466      0.076933
      0.985986      0.076481      0.076481      0.152963
      0.995996      0.173899      0.173899      0.347798
      1.006006      0.377287      0.377287      0.754574
      1.016016      0.759284      0.759284      1.518569
      1.026026      1.412581      1.412581      2.825163
      1.036036      2.429721      2.429721      4.859441
      1.046046      3.867602      3.867602      7.735204
      1.056056      5.706365      5.706365     11.412730
      1.066066      7.823405      7.823405     15.646811
      1.076076     10.004977     10.004977     20.009954
      1.086086     12.002924     12.002924     24.005847
      1.096096     13.616689     13.616689     27.233379
      1.106106     14.758768     14.758768     29.517535
      1.116116     15.465253     15.465253     30.930505
      1.126126     15.846042     15.846042     31.692084
      1.136136     16.010313     16.010313     32.020626
      1.146146     16.019664     16.019664     32.039327
      1.156156     15.897559     15.897559     31.795118
      1.166166     15.676957     15.676957     31.353914
      1.176176     15.436783     15.436783     30.873566
      1.186186     15.289221     15.289221     30.578441
      1.196196     15.323882     15.323882     30.647764
      1.206206     15.553407     15.553407     31.106813
      1.216216     15.904321     15.904321     31.808642
      1.226226     16.258401     16.258401     32.516801
      1.236236     16.508035     16.508035     33.016070
      1.246246     16.581090     16.581090     33.162180
      1.256256     16.422447     16.422447     32.844893
      1.266266     15.961121     15.961121     31.922241
      1.276276     15.105759     15.105759     30.211518
      1.286286     13.785711     13.785711     27.571423
      1.296296     12.013615     12.013615     24.027230
      1.306306      9.924860      9.924860     19.849720
      1.316316      7.765609      7.765609     15.531219
      1.326326      5.837999      5.837999     11.675998
      1.336336      4.437305      4.437305      8.874610
      1.346346      3.812168      3.812168      7.624336
      1.356356      4.152245      4.152245      8.304491
      1.366366      5.581776      5.581776     11.163553
      1.376376      8.133358      8.133358     16.266716
      1.386386     11.697204     11.697204     23.394408
      1.396396     15.971912     15.971912     31.943823
      1.406406     20.459592     20.459592     40.919183
      1.416416     24.535045     24.535045     49.070089
      1.426426     27.580035     27.580035     55.160069
      1.436436     29.134215     29.134215     58.268431
      1.446446     29.001813     29.001813     58.003627
      1.456456     27.276718     27.276718     54.553435
      1.466466     24.290427     24.290427     48.580854
      1.476476     20.518208     20.518208     41.036416
      1.486486     16.482619     16.482619     32.965239
      1.496496     12.677202     12.677202     25.354403
      1.506507      9.514721      9.514721     19.029441
      1.516517      7.295281      7.295281     14.590563
      1.526527      6.188652      6.188652     12.377305
      1.536537      6.226806      6.226806     12.453611
      1.546547      7.305360      7.305360     14.610720
      1.556557      9.197138      9.197138     18.394277
      1.566567     11.584598     11.584598     23.169197
      1.576577     14.114666     14.114666     28.229332
      1.586587     16.468227     16.468227     32.936454
      1.596597     18.425125     18.425125     36.850249
      1.606607     19.904417     19.904417     39.808835
      1.616617     20.970392     20.970392     41.940784
      1.626627     21.807478     21.807478     43.614956
      1.636637     22.671306     22.671306     45.342612
      1.646647     23.820172     23.820172     47.640343
      1.656657     25.432647     25.432647     50.865295
      1.666667     27.529935     27.529935     55.059869
      1.676677     29.936835     29.936835     59.873671
      1.686687     32.314305     32.314305     64.628610
      1.696697     34.268776     34.268776     68.537551
      1.706707     35.499090     35.499090     70.998181
      1.716717     35.908738     35.908738     71.817475
      1.726727     35.617136     35.617136     71.234272
      1.736737     34.855773     34.855773     69.711547
      1.746747     33.807350     33.807350     67.614700
      1.756757     32.490827     32.490827     64.981655
      1.766767     30.774622     30.774622     61.549244
      1.776777     28.519433     28.519433     57.038865
      1.786787     25.763133     25.763133     51.526266
      1.796797     22.825027     22.825027     45.650053
      1.806807     20.250597     20.250597     40.501194
      1.816817     18.610523     18.610523     37.221045
      1.826827     18.249919     18.249919     36.499839
      1.836837     19.110680     19.110680     38.221361
      1.846847     20.714563     20.714563     41.429127
      1.856857     22.321245     22.321245     44.642490
      1.866867     23.198507     23.198507     46.397013
      1.876877     22.892303     22.892303     45.784606
      1.886887     21.383536     21.383536     42.767073
      1.896897     19.068318     19.068318     38.136636
      1.906907     16.577828     16.577828     33.155656
      1.916917     14.524162     14.524162     29.048325
      1.926927     13.285669     13.285669     26.571339
      1.936937     12.918901     12.918901     25.837803
      1.946947     13.220960     13.220960     26.441920
      1.956957     13.896430     13.896430     27.792861
      1.966967     14.737064     14.737064     29.474128
      1.976977     15.719384     15.719384     31.438767
      1.986987     16.969017     16.969017     33.938034
      1.996997     18.613891     18.613891     37.227781
      2.007007     20.615287     20.615287     41.230573
      2.017017     22.686015     22.686015     45.372029
      2.027027     24.359489     24.359489     48.718979
      2.037037     25.183268     25.183268     50.366536
      2.047047     24.929921     24.929921     49.859841
      2.057057     23.701389     23.701389     47.402778
      2.067067     21.865237     21.865237     43.730474
      2.077077     19.863510     19.863510     39.727020
      2.087087     18.009848     18.009848     36.019695
      2.097097     16.389976     16.389976     32.779951
      2.107107     14.909696     14.909696     29.819392
      2.117117     13.444251     13.444251     26.888501
      2.127127     11.991349     11.991349     23.982699
      2.137137     10.741916     10.741916     21.483833
      2.147147     10.038641     10.038641     20.077282
      2.157157     10.251546     10.251546     20.503093
      2.167167     11.630613     11.630613     23.261227
      2.177177     14.192682     14.192682     28.385364
      2.187187     17.677472     17.677472     35.354944
      2.197197     21.581714     21.581714     43.163429
      2.207207     25.259053     25.259053     50.518106
      2.217217     28.058157     28.058157     56.116313
      2.227227     29.463284     29.463284     58.926568
      2.237237     29.202261     29.202261     58.404522
      2.247247     27.296367     27.296367     54.592734
      2.257257     24.042028     24.042028     48.084057
      2.267267     19.931496     19.931496     39.862993
      2.277277     15.535664     15.535664     31.071328
      2.287287     11.383227     11.383227     22.766455
      2.297297      7.871881      7.871881     15.743762
      2.307307      5.235920      5.235920     10.471840
      2.317317      3.573139      3.573139      7.146278
      2.327327      2.910962      2.910962      5.821923
      2.337337      3.277356      3.277356      6.554711
      2.347347      4.741601      4.741601      9.483203
      2.357357      7.402412      7.402412     14.804824
      2.367367     11.321375     11.321375     22.642751
      2.377377     16.422360     16.422360     32.844720
      2.387387     22.396203     22.396203     44.792407
      2.397397     28.657793     28.657793     57.315585
      2.407407     34.393266     34.393266     68.786531
      2.417417     38.706631     38.706631     77.413262
      2.427427     40.834329     40.834329     81.668658
      2.437437     40.359314     40.359314     80.718628
      2.447447     37.343315     37.343315     74.686629
      2.457457     32.319905     32.319905     64.639809
      2.467467     26.146013     26.146013     52.292026
      2.477477     19.769732     19.769732     39.539465
      2.487487     14.005563     14.005563     28.011126
      2.497497      9.396653      9.396653     18.793306
      2.507508      6.195718      6.195718     12.391435
      2.517518      4.440450      4.440450      8.880900
      2.527528      4.064094      4.064094      8.128189
      2.537538      4.980056      4.980056      9.960112
      2.547548      7.104966      7.104966     14.209932
      2.557558     10.321139     10.321139     20.642277
      2.567568     14.410374     14.410374     28.820747
      2.577578     19.005216     19.005216     38.010433
      2.587588     23.596701     23.596701     47.193403
      2.597598     27.612410     27.612410     55.224820
      2.607608     30.545676     30.545676     61.091352
      2.617618     32.090260     32.090260     64.180521
      2.627628     32.227227     32.227227     64.454455
      2.637638     31.227284     31.227284     62.454569
      2.647648     29.566894     29.566894     59.133787
      2.657658     27.794259     27.794259     55.588518
      2.667668     26.401593     26.401593     52.803186
      2.677678     25.749899     25.749899     51.499797
      2.687688     26.057025     26.057025     52.114049
      2.697698     27.421970     27.421970     54.843940
      2.707708     29.843463     29.843463     59.686926
      2.717718     33.206894     33.206894     66.413788
      2.727728     37.246783     37.246783     74.493565
      2.737738     41.519036     41.519036     83.038071
      2.747748     45.423286     45.423286     90.846573
      2.757758     48.298796     48.298796     96.597592
      2.767768     49.584171     49.584171     99.168342
      2.777778     48.992683     48.992683     97.985367
      2.787788     46.629037     46.629037     93.258073
      2.797798     42.980840     42.980840     85.961680
      2.807808     38.767120     38.767120     77.534241
      2.817818     34.697042     34.697042     69.394084
      2.827828     31.242840     31.242840     62.485680
      2.837838     28.526981     28.526981     57.053961
      2.847848     26.365141     26.365141     52.730282
      2.857858     24.429524     24.429524     48.859049
      2.867868     22.445133     22.445133     44.890267
      2.877878     20.327615     20.327615     40.655230
      2.887888     18.208744     18.208744     36.417487
      2.897898     16.351224     16.351224     32.702448
      2.907908     15.003769     15.003769     30.007538
      2.917918     14.271777     14.271777     28.543554
      2.927928     14.068275     14.068275     28.136550
      2.937938     14.166710     14.166710     28.333419
      2.947948     14.321106     14.321106     28.642212
      2.957958     14.381081     14.381081     28.762162
      2.967968     14.334197     14.334197     28.668394
      2.977978     14.256043     14.256043     28.512086
      2.987988     14.209499     14.209499     28.418999
      2.997998     14.167780     14.167780     28.335559
      3.008008     14.017538     14.017538     28.035076
      3.018018     13.640845     13.640845     27.281690
      3.028028     13.018205     13.018205     26.036410
      3.038038     12.277976     12.277976     24.555952
      3.048048     11.651224     11.651224     23.302449
      3.058058     11.351692     11.351692     22.703385
      3.068068     11.448542     11.448542     22.897083
      3.078078     11.805797     11.805797     23.611594
      3.088088     12.125100     12.125100     24.250201
      3.098098     12.071152     12.071152     24.142305
      3.108108     11.415653     11.415653     22.831305
      3.118118     10.129616     10.129616     20.259232
      3.128128      8.386618      8.386618     16.773235
      3.138138      6.489051      6.489051     12.978102
      3.148148      4.765572      4.765572      9.531144
      3.158158      3.491451      3.491451      6.982902
      3.168168      2.857707      2.857707      5.715415
      3.178178      2.980135      2.980135      5.960271
      3.188188      3.917780      3.917780      7.835560
      3.198198      5.672434      5.672434     11.344867
      3.208208      8.161292      8.161292     16.322584
      3.218218     11.179653     11.179653     22.359305
      3.228228     14.384498     14.384498     28.768995
      3.238238     17.324998     17.324998     34.649995
      3.248248     19.524774     19.524774     39.049549
      3.258258     20.594462     20.594462     41.188925
      3.268268     20.335407     20.335407     40.670814
      3.278278     18.795161     18.795161     37.590322
      3.288288     16.252788     16.252788     32.505575
      3.298298     13.138906     13.138906     26.277812
      3.308308      9.920081      9.920081     19.840163
      3.318318      6.988924      6.988924     13.977847
      3.328328      4.595277      4.595277      9.190554
      3.338338      2.833937      2.833937      5.667874
      3.348348      1.680965      1.680965      3.361930
      3.358358      1.054967      1.054967      2.109933
      3.368368      0.876663      0.876663      1.753326
      3.378378      1.106771      1.106771      2.213543
      3.388388      1.752449      1.752449      3.504898
      3.398398      2.842387      2.842387      5.684774
      3.408408      4.380365      4.380365      8.760730
      3.418418      6.297141      6.297141     12.594282
      3.428428      8.426997      8.426997     16.853995
      3.438438     10.529931     10.529931     21.059861
      3.448448     12.359041     12.359041     24.718082
      3.458458     13.743274     13.743274     27.486548
      3.468468     14.638465     14.638465     29.276929
      3.478478     15.112539     15.112539     30.225078
      3.488488     15.271569     15.271569     30.543138
      3.498498     15.175504     15.175504     30.351007
      3.508509     14.803141     14.803141     29.606282
      3.518519     14.093574     14.093574     28.187148
      3.528529     13.037371     13.037371     26.074742
      3.538539     11.754011     11.754011     23.508023
      3.548549     10.498248     10.498248     20.996496
      3.558559      9.581221      9.581221     19.162442
      3.568569      9.242580      9.242580     18.485160
      3.578579      9.537726      9.537726     19.075452
      3.588589     10.297718     10.297718     20.595436
      3.598599     11.185577     11.185577     22.371154
      3.608609     11.828764     11.828764     23.657527
      3.618619     11.972120     11.972120     23.944240
      3.628629     11.583758     11.583758     23.167516
      3.638639     10.865125     10.865125     21.730250
      3.648649     10.158937     10.158937     20.317874
      3.658659      9.795310      9.795310     19.590620
      3.668669      9.944720      9.944720     19.889439
      3.678679     10.543339     10.543339     21.086679
      3.688689     11.323963     11.323963     22.647926
      3.698699     11.938758     11.938758     23.877516
      3.708709     12.118614     12.118614     24.237229
      3.718719     11.796279     11.796279     23.592558
      3.728729     11.136071     11.136071     22.272142
      3.738739     10.455940     10.455940     20.911880
      3.748749     10.077884     10.077884     20.155767
      3.758759     10.175815     10.175815     20.351629
      3.768769     10.690232     10.690232     21.380463
      3.778779     11.347284     11.347284     22.694568
      3.788789     11.771507     11.771507     23.543014
      3.798799     11.639111     11.639111     23.278223
      3.808809     10.802272     10.802272     21.604543
      3.818819      9.332461      9.332461     18.664922
      3.828829      7.473050      7.473050     14.946101
      3.838839      5.534610      5.534610     11.069221
      3.848849      3.787071      3.787071      7.574142
      3.858859      2.392891      2.392891      4.785782
      3.868869      1.395870      1.395870      2.791741
      3.878879      0.751775      0.751775      1.503550
      3.888889      0.374236      0.374236      0.748471
      3.898899      0.173685      0.173685      0.347371
      3.908909      0.079751      0.079751      0.159503
      3.918919      0.048880      0.048880      0.097761
      3.928929      0.064278      0.064278      0.128557
      3.938939      0.134888      0.134888      0.269776
      3.948949      0.296657      0.296657      0.593315
      3.958959      0.614958      0.614958      1.229916
      3.968969      1.183172      1.183172      2.366343
      3.978979      2.110846      2.110846      4.221693
      3.988989      3.497611      3.497611      6.995222
      3.998999      5.397013      5.397013     10.794026
      4.009009      7.784418      7.784418     15.568836
      4.019019     10.547485     10.547485     21.094971
      4.029029     13.509244     13.509244     27.018488
      4.039039     16.473860     16.473860     32.947720
      4.049049     19.267030     19.267030     38.534060
      4.059059     21.743868     21.743868     43.487735
      4.069069     23.762150     23.762150     47.524301
      4.079079     25.151484     25.151484     50.302968
      4.089089     25.721384     25.721384     51.442768
      4.099099     25.327762     25.327762     50.655523
      4.109109     23.971123     23.971123     47.942245
      4.119119     21.864989     21.864989     43.729978
      4.129129     19.418303     19.418303     38.836605
      4.139139     17.121001     17.121001     34.242003
      4.149149     15.379471     15.379471     30.758942
      4.159159     14.381712     14.381712     28.763424
      4.169169     14.059974     14.059974     28.119949
      4.179179     14.167611     14.167611     28.335221
      4.189189     14.425788     14.425788     28.851577
      4.199199     14.659672     14.659672     29.319344
      4.209209     14.854207     14.854207     29.708413
      4.219219     15.110573     15.110573     30.221146
      4.229229     15.543598     15.543598     31.087197
      4.239239     16.189663     16.189663     32.379326
      4.249249     16.976825     16.976825     33.953649
      4.259259     17.761041     17.761041     35.522083
      4.269269     18.391955     18.391955     36.783909
      4.279279     18.765668     18.765668     37.531337
      4.289289     18.845777     18.845777     37.691555
      4.299299     18.659819     18.659819     37.319638
      4.309309     18.284337     18.284337     36.568675
      4.319319     17.821930     17.821930     35.643859
      4.329329     17.368983     17.368983     34.737966
      4.339339     16.984237     16.984237     33.968474
      4.349349     16.681996     16.681996     33.363992
      4.359359     16.466381     16.466381     32.932762
      4.369369     16.390161     16.390161     32.780322
      4.379379     16.588756     16.588756     33.177511
      4.389389     17.241137     17.241137     34.482273
      4.399399     18.454566     18.454566     36.909132
      4.409409     20.131573     20.131573     40.263145
      4.419419     21.908668     21.908668     43.817337
      4.429429     23.227928     23.227928     46.455857
      4.439439     23.527420     23.527420     47.054840
      4.449449     22.462387     22.462387     44.924775
      4.459459     20.045793     20.045793     40.091587
      4.469469     16.640301     16.640301     33.280602
      4.479479     12.814908     12.814908     25.629816
      4.489489      9.146106      9.146106     18.292212
      4.499499      6.057936      6.057936     12.115872
      4.509510      3.758389      3.758389      7.516778
      4.519520      2.272916      2.272916      4.545832
      4.529530      1.534513      1.534513      3.069025
      4.539540      1.478790      1.478790      2.957579
      4.549550      2.104231      2.104231      4.208462
      4.559560      3.477044      3.477044      6.954088
      4.569570      5.678377      5.678377     11.356753
      4.579580      8.710744      8.710744     17.421488
      4.589590     12.402125     12.402125     24.804251
      4.599600     16.362273     16.362273     32.724547
      4.609610     20.038905     20.038905     40.077811
      4.619620     22.880252     22.880252     45.760504
      4.629630     24.547271     24.547271     49.094542
      4.639640     25.071285     25.071285     50.142570
      4.649650     24.860448     24.860448     49.720896
      4.659660     24.529714     24.529714     49.059427
      4.669670     24.626852     24.626852     49.253704
      4.679680     25.390161     25.390161     50.780322
      4.689690     26.658710     26.658710     53.317420
      4.699700     27.970500     27.970500     55.941001
      4.709710     28.781763     28.781763     57.563527
      4.719720     28.685657     28.685657     57.371314
      4.729730     27.530677     27.530677     55.061354
      4.739740     25.414706     25.414706     50.829412
      4.749750     22.602845     22.602845     45.205691
      4.759760     19.439507     19.439507     38.879014
      4.769770     16.294811     16.294811     32.589623
      4.779780     13.538311     13.538311     27.076623
      4.789790     11.510148     11.510148     23.020297
      4.799800     10.473428     10.473428     20.946855
      4.809810     10.562509     10.562509     21.125019
      4.819820     11.760042     11.760042     23.520084
      4.829830     13.924691     13.924691     27.849381
      4.839840     16.858508     16.858508     33.717015
      4.849850     20.371597     20.371597     40.743194
      4.859860     24.297583     24.297583     48.595166
      4.869870     28.445563     28.445563     56.891125
      4.879880     32.524785     32.524785     65.049570
      4.889890     36.109602     36.109602     72.219204
      4.899900     38.694744     38.694744     77.389488
      4.909910     39.831176     39.831176     79.662351
      4.919920     39.273928     39.273928     78.547856
      4.929930     37.061321     37.061321     74.122643
      4.939940     33.489078     33.489078     66.978155
      4.949950     29.007072     29.007072     58.014145
      4.959960     24.102424     24.102424     48.204848
      4.969970     19.220297     19.220297     38.440593
      4.979980     14.733647     14.733647     29.467294
      4.989990     10.941103     10.941103     21.882205
      5.000000      8.066970      8.066970     16.133940
