# EIG2DOS: Utility for SIESTA to obtain the electronic density of states
#  E. Artacho, Apr 1999, A. Garcia, Apr 2012
#  Nick R. Papior, Feb 2017
# ------------------------------------------
# Eigenvalues calculated from a non-polarized calculation
# Eigenvalues read from siesta.EIG
# Kpoint weights read from siesta.KP
# Using smearing parameter:   0.0500
# Using 1000 points in the energy range
# Selected bands: 1 to: 2981
# Emin, Emax in file for selected band(s):    -27.0533799    218.3184850
# Nbands, Nspin, Nk   =   2981     1     1
# E_F                 =    -4.2915 eV --> (shifted to ZERO)
# Broadening          =     0.0500 eV
#
#        E            N(up)  (=)   N(down)         Ntot
     -5.000000     45.340284     45.340284     90.680567
     -4.989990     48.962099     48.962099     97.924199
     -4.979980     51.040678     51.040678    102.081355
     -4.969970     51.388109     51.388109    102.776219
     -4.959960     50.069318     50.069318    100.138636
     -4.949950     47.367996     47.367996     94.735992
     -4.939940     43.718158     43.718158     87.436315
     -4.929930     39.639641     39.639641     79.279281
     -4.919920     35.701802     35.701802     71.403605
     -4.909910     32.510312     32.510312     65.020625
     -4.899900     30.683637     30.683637     61.367274
     -4.889890     30.775635     30.775635     61.551270
     -4.879880     33.122664     33.122664     66.245329
     -4.869870     37.648164     37.648164     75.296328
     -4.859860     43.718957     43.718957     87.437915
     -4.849850     50.168765     50.168765    100.337530
     -4.839840     55.549782     55.549782    111.099565
     -4.829830     58.555636     58.555636    117.111272
     -4.819820     58.446466     58.446466    116.892932
     -4.809810     55.279877     55.279877    110.559754
     -4.799800     49.840483     49.840483     99.680966
     -4.789790     43.314917     43.314917     86.629833
     -4.779780     36.880095     36.880095     73.760189
     -4.769770     31.387553     31.387553     62.775105
     -4.759760     27.241295     27.241295     54.482591
     -4.749750     24.451711     24.451711     48.903421
     -4.739740     22.778052     22.778052     45.556104
     -4.729730     21.871549     21.871549     43.743097
     -4.719720     21.373165     21.373165     42.746329
     -4.709710     20.963086     20.963086     41.926172
     -4.699700     20.381638     20.381638     40.763277
     -4.689690     19.445064     19.445064     38.890129
     -4.679680     18.072244     18.072244     36.144487
     -4.669670     16.324247     16.324247     32.648495
     -4.659660     14.441828     14.441828     28.883655
     -4.649650     12.854888     12.854888     25.709776
     -4.639640     12.139794     12.139794     24.279588
     -4.629630     12.914109     12.914109     25.828217
     -4.619620     15.677369     15.677369     31.354739
     -4.609610     20.627306     20.627306     41.254612
     -4.599600     27.503341     27.503341     55.006683
     -4.589590     35.526893     35.526893     71.053786
     -4.579580     43.502176     43.502176     87.004351
     -4.569570     50.093880     50.093880    100.187759
     -4.559560     54.216164     54.216164    108.432328
     -4.549550     55.391887     55.391887    110.783773
     -4.539540     53.924780     53.924780    107.849560
     -4.529530     50.794376     50.794376    101.588752
     -4.519520     47.305617     47.305617     94.611235
     -4.509510     44.636566     44.636566     89.273131
     -4.499499     43.468244     43.468244     86.936488
     -4.489489     43.832809     43.832809     87.665618
     -4.479479     45.211320     45.211320     90.422641
     -4.469469     46.806929     46.806929     93.613857
     -4.459459     47.861426     47.861426     95.722852
     -4.449449     47.890110     47.890110     95.780220
     -4.439439     46.767122     46.767122     93.534244
     -4.429429     44.667784     44.667784     89.335567
     -4.419419     41.931841     41.931841     83.863682
     -4.409409     38.929291     38.929291     77.858581
     -4.399399     35.985004     35.985004     71.970008
     -4.389389     33.367536     33.367536     66.735072
     -4.379379     31.303699     31.303699     62.607398
     -4.369369     29.972216     29.972216     59.944433
     -4.359359     29.460889     29.460889     58.921778
     -4.349349     29.716161     29.716161     59.432322
     -4.339339     30.534706     30.534706     61.069411
     -4.329329     31.625506     31.625506     63.251011
     -4.319319     32.723745     32.723745     65.447491
     -4.309309     33.700751     33.700751     67.401503
     -4.299299     34.613118     34.613118     69.226235
     -4.289289     35.665667     35.665667     71.331333
     -4.279279     37.102411     37.102411     74.204823
     -4.269269     39.065855     39.065855     78.131709
     -4.259259     41.474547     41.474547     82.949095
     -4.249249     43.968671     43.968671     87.937341
     -4.239239     45.963028     45.963028     91.926055
     -4.229229     46.815537     46.815537     93.631073
     -4.219219     46.064881     46.064881     92.129762
     -4.209209     43.638008     43.638008     87.276015
     -4.199199     39.918969     39.918969     79.837939
     -4.189189     35.628527     35.628527     71.257055
     -4.179179     31.563486     31.563486     63.126972
     -4.169169     28.322846     28.322846     56.645693
     -4.159159     26.151734     26.151734     52.303468
     -4.149149     24.963062     24.963062     49.926125
     -4.139139     24.500099     24.500099     49.000197
     -4.129129     24.538075     24.538075     49.076150
     -4.119119     25.016965     25.016965     50.033930
     -4.109109     26.041200     26.041200     52.082400
     -4.099099     27.749566     27.749566     55.499133
     -4.089089     30.124273     30.124273     60.248547
     -4.079079     32.847873     32.847873     65.695747
     -4.069069     35.306892     35.306892     70.613785
     -4.059059     36.773089     36.773089     73.546178
     -4.049049     36.693293     36.693293     73.386587
     -4.039039     34.944986     34.944986     69.889973
     -4.029029     31.920855     31.920855     63.841710
     -4.019019     28.396216     28.396216     56.792433
     -4.009009     25.252918     25.252918     50.505835
     -3.998999     23.204075     23.204075     46.408149
     -3.988989     22.643026     22.643026     45.286052
     -3.978979     23.649594     23.649594     47.299187
     -3.968969     26.094566     26.094566     52.189132
     -3.958959     29.749421     29.749421     59.498843
     -3.948949     34.343531     34.343531     68.687061
     -3.938939     39.575400     39.575400     79.150800
     -3.928929     45.122929     45.122929     90.245859
     -3.918919     50.683930     50.683930    101.367860
     -3.908909     56.031570     56.031570    112.063139
     -3.898899     61.035027     61.035027    122.070053
     -3.888889     65.605993     65.605993    131.211987
     -3.878879     69.582528     69.582528    139.165056
     -3.868869     72.617220     72.617220    145.234441
     -3.858859     74.155928     74.155928    148.311855
     -3.848849     73.557791     73.557791    147.115582
     -3.838839     70.332113     70.332113    140.664226
     -3.828829     64.394428     64.394428    128.788857
     -3.818819     56.217240     56.217240    112.434479
     -3.808809     46.790378     46.790378     93.580757
     -3.798799     37.392306     37.392306     74.784612
     -3.788789     29.258645     29.258645     58.517290
     -3.778779     23.272408     23.272408     46.544816
     -3.768769     19.778241     19.778241     39.556483
     -3.758759     18.562929     18.562929     37.125857
     -3.748749     18.983478     18.983478     37.966955
     -3.738739     20.187429     20.187429     40.374857
     -3.728729     21.360493     21.360493     42.720987
     -3.718719     21.943151     21.943151     43.886302
     -3.708709     21.769706     21.769706     43.539413
     -3.698699     21.097590     21.097590     42.195181
     -3.688689     20.514358     20.514358     41.028716
     -3.678679     20.737910     20.737910     41.475820
     -3.668669     22.359445     22.359445     44.718890
     -3.658659     25.608037     25.608037     51.216074
     -3.648649     30.223527     30.223527     60.447055
     -3.638639     35.496130     35.496130     70.992260
     -3.628629     40.468214     40.468214     80.936428
     -3.618619     44.222040     44.222040     88.444081
     -3.608609     46.137378     46.137378     92.274757
     -3.598599     46.022420     46.022420     92.044841
     -3.588589     44.089865     44.089865     88.179730
     -3.578579     40.822612     40.822612     81.645223
     -3.568569     36.805532     36.805532     73.611065
     -3.558559     32.582362     32.582362     65.164724
     -3.548549     28.559270     28.559270     57.118540
     -3.538539     24.954542     24.954542     49.909083
     -3.528529     21.795129     21.795129     43.590258
     -3.518519     18.965371     18.965371     37.930743
     -3.508509     16.300760     16.300760     32.601520
     -3.498498     13.694551     13.694551     27.389101
     -3.488488     11.171046     11.171046     22.342093
     -3.478478      8.893173      8.893173     17.786347
     -3.468468      7.105405      7.105405     14.210811
     -3.458458      6.042030      6.042030     12.084060
     -3.448448      5.838370      5.838370     11.676739
     -3.438438      6.472326      6.472326     12.944653
     -3.428428      7.750415      7.750415     15.500829
     -3.418418      9.344626      9.344626     18.689251
     -3.408408     10.878885     10.878885     21.757770
     -3.398398     12.048056     12.048056     24.096113
     -3.388388     12.731347     12.731347     25.462694
     -3.378378     13.051783     13.051783     26.103567
     -3.368368     13.349073     13.349073     26.698146
     -3.358358     14.071348     14.071348     28.142696
     -3.348348     15.628766     15.628766     31.257532
     -3.338338     18.263350     18.263350     36.526699
     -3.328328     21.969393     21.969393     43.938786
     -3.318318     26.467618     26.467618     52.935236
     -3.308308     31.222100     31.222100     62.444201
     -3.298298     35.500487     35.500487     71.000973
     -3.288288     38.493763     38.493763     76.987527
     -3.278278     39.500629     39.500629     79.001257
     -3.268268     38.136879     38.136879     76.273758
     -3.258258     34.485175     34.485175     68.970350
     -3.248248     29.101448     29.101448     58.202897
     -3.238238     22.855856     22.855856     45.711711
     -3.228228     16.672077     16.672077     33.344154
     -3.218218     11.279469     11.279469     22.558937
     -3.208208      7.075316      7.075316     14.150632
     -3.198198      4.127511      4.127511      8.255022
     -3.188188      2.280106      2.280106      4.560211
     -3.178178      1.293827      1.293827      2.587653
     -3.168168      0.964873      0.964873      1.929746
     -3.158158      1.195945      1.195945      2.391890
     -3.148148      2.018338      2.018338      4.036676
     -3.138138      3.572750      3.572750      7.145500
     -3.128128      6.054771      6.054771     12.109541
     -3.118118      9.630832      9.630832     19.261664
     -3.108108     14.339069     14.339069     28.678139
     -3.098098     20.003999     20.003999     40.007998
     -3.088088     26.202377     26.202377     52.404755
     -3.078078     32.308086     32.308086     64.616173
     -3.068068     37.614448     37.614448     75.228895
     -3.058058     41.496145     41.496145     82.992289
     -3.048048     43.551738     43.551738     87.103477
     -3.038038     43.676946     43.676946     87.353893
     -3.028028     42.054215     42.054215     84.108430
     -3.018018     39.082703     39.082703     78.165405
     -3.008008     35.289698     35.289698     70.579397
     -2.997998     31.252490     31.252490     62.504980
     -2.987988     27.534834     27.534834     55.069667
     -2.977978     24.628521     24.628521     49.257042
     -2.967968     22.897931     22.897931     45.795863
     -2.957958     22.540783     22.540783     45.081566
     -2.947948     23.580234     23.580234     47.160468
     -2.937938     25.885847     25.885847     51.771693
     -2.927928     29.201013     29.201013     58.402027
     -2.917918     33.155825     33.155825     66.311651
     -2.907908     37.270866     37.270866     74.541732
     -2.897898     40.985343     40.985343     81.970686
     -2.887888     43.741700     43.741700     87.483399
     -2.877878     45.120954     45.120954     90.241908
     -2.867868     44.974598     44.974598     89.949195
     -2.857858     43.479271     43.479271     86.958541
     -2.847848     41.070004     41.070004     82.140008
     -2.837838     38.271238     38.271238     76.542477
     -2.827828     35.502566     35.502566     71.005132
     -2.817818     32.952090     32.952090     65.904180
     -2.807808     30.574564     30.574564     61.149129
     -2.797798     28.204793     28.204793     56.409586
     -2.787788     25.716674     25.716674     51.433348
     -2.777778     23.137734     23.137734     46.275467
     -2.767768     20.658611     20.658611     41.317223
     -2.757758     18.539634     18.539634     37.079268
     -2.747748     16.976603     16.976603     33.953206
     -2.737738     16.010468     16.010468     32.020937
     -2.727728     15.536636     15.536636     31.073271
     -2.717718     15.405743     15.405743     30.811486
     -2.707708     15.547780     15.547780     31.095561
     -2.697698     16.034000     16.034000     32.068001
     -2.687688     17.029558     17.029558     34.059116
     -2.677678     18.661690     18.661690     37.323381
     -2.667668     20.887538     20.887538     41.775077
     -2.657658     23.451987     23.451987     46.903975
     -2.647648     25.971839     25.971839     51.943678
     -2.637638     28.101369     28.101369     56.202738
     -2.627628     29.680030     29.680030     59.360061
     -2.617618     30.774247     30.774247     61.548493
     -2.607608     31.595389     31.595389     63.190778
     -2.597598     32.355221     32.355221     64.710442
     -2.587588     33.151117     33.151117     66.302234
     -2.577578     33.937042     33.937042     67.874085
     -2.567568     34.567415     34.567415     69.134830
     -2.557558     34.858102     34.858102     69.716204
     -2.547548     34.623029     34.623029     69.246057
     -2.537538     33.693323     33.693323     67.386647
     -2.527528     31.956089     31.956089     63.912177
     -2.517518     29.430273     29.430273     58.860545
     -2.507508     26.346592     26.346592     52.693184
     -2.497497     23.166437     23.166437     46.332874
     -2.487487     20.494713     20.494713     40.989426
     -2.477477     18.902394     18.902394     37.804788
     -2.467467     18.733053     18.733053     37.466106
     -2.457457     19.984806     19.984806     39.969611
     -2.447447     22.326023     22.326023     44.652046
     -2.437437     25.239975     25.239975     50.479951
     -2.427427     28.232713     28.232713     56.465425
     -2.417417     31.008144     31.008144     62.016288
     -2.407407     33.528535     33.528535     67.057070
     -2.397397     35.932520     35.932520     71.865041
     -2.387387     38.352515     38.352515     76.705029
     -2.377377     40.725972     40.725972     81.451945
     -2.367367     42.703348     42.703348     85.406695
     -2.357357     43.713180     43.713180     87.426360
     -2.347347     43.169336     43.169336     86.338671
     -2.337337     40.732692     40.732692     81.465384
     -2.327327     36.507144     36.507144     73.014289
     -2.317317     31.077287     31.077287     62.154574
     -2.307307     25.369561     25.369561     50.739122
     -2.297297     20.398965     20.398965     40.797930
     -2.287287     17.005678     17.005678     34.011357
     -2.277277     15.672963     15.672963     31.345925
     -2.267267     16.467651     16.467651     32.935303
     -2.257257     19.092212     19.092212     38.184424
     -2.247247     23.006822     23.006822     46.013643
     -2.237237     27.573048     27.573048     55.146096
     -2.227227     32.177425     32.177425     64.354849
     -2.217217     36.306745     36.306745     72.613489
     -2.207207     39.567446     39.567446     79.134893
     -2.197197     41.667290     41.667290     83.334580
     -2.187187     42.397012     42.397012     84.794025
     -2.177177     41.646598     41.646598     83.293197
     -2.167167     39.459913     39.459913     78.919826
     -2.157157     36.089656     36.089656     72.179313
     -2.147147     31.994031     31.994031     63.988061
     -2.137137     27.739982     27.739982     55.479963
     -2.127127     23.836405     23.836405     47.672810
     -2.117117     20.574551     20.574551     41.149102
     -2.107107     17.960368     17.960368     35.920735
     -2.097097     15.774813     15.774813     31.549625
     -2.087087     13.725094     13.725094     27.450188
     -2.077077     11.601833     11.601833     23.203666
     -2.067067      9.363952      9.363952     18.727905
     -2.057057      7.124321      7.124321     14.248643
     -2.047047      5.066457      5.066457     10.132914
     -2.037037      3.350278      3.350278      6.700556
     -2.027027      2.053971      2.053971      4.107942
     -2.017017      1.166548      1.166548      2.333096
     -2.007007      0.616872      0.616872      1.233744
     -1.996997      0.314268      0.314268      0.628535
     -1.986987      0.181979      0.181979      0.363959
     -1.976977      0.177072      0.177072      0.354143
     -1.966967      0.299279      0.299279      0.598559
     -1.956957      0.593038      0.593038      1.186077
     -1.946947      1.143307      1.143307      2.286613
     -1.936937      2.061340      2.061340      4.122680
     -1.926927      3.455887      3.455887      6.911775
     -1.916917      5.390712      5.390712     10.781424
     -1.906907      7.839242      7.839242     15.678483
     -1.896897     10.655318     10.655318     21.310635
     -1.886887     13.578265     13.578265     27.156529
     -1.876877     16.278525     16.278525     32.557051
     -1.866867     18.432748     18.432748     36.865496
     -1.856857     19.804694     19.804694     39.609387
     -1.846847     20.306555     20.306555     40.613109
     -1.836837     20.021843     20.021843     40.043686
     -1.826827     19.180147     19.180147     38.360294
     -1.816817     18.084769     18.084769     36.169537
     -1.806807     17.009920     17.009920     34.019841
     -1.796797     16.103015     16.103015     32.206030
     -1.786787     15.336825     15.336825     30.673650
     -1.776777     14.541273     14.541273     29.082545
     -1.766767     13.506036     13.506036     27.012073
     -1.756757     12.105242     12.105242     24.210484
     -1.746747     10.382410     10.382410     20.764819
     -1.736737      8.557601      8.557601     17.115203
     -1.726727      6.961954      6.961954     13.923909
     -1.716717      5.937491      5.937491     11.874982
     -1.706707      5.744447      5.744447     11.488893
     -1.696697      6.500412      6.500412     13.000823
     -1.686687      8.155214      8.155214     16.310429
     -1.676677     10.496612     10.496612     20.993224
     -1.666667     13.183003     13.183003     26.366006
     -1.656657     15.800176     15.800176     31.600353
     -1.646647     17.934129     17.934129     35.868259
     -1.636637     19.245615     19.245615     38.491231
     -1.626627     19.531488     19.531488     39.062976
     -1.616617     18.763761     18.763761     37.527523
     -1.606607     17.103529     17.103529     34.207058
     -1.596597     14.888693     14.888693     29.777386
     -1.586587     12.593714     12.593714     25.187427
     -1.576577     10.761138     10.761138     21.522275
     -1.566567      9.909696      9.909696     19.819391
     -1.556557     10.429511     10.429511     20.859022
     -1.546547     12.480190     12.480190     24.960379
     -1.536537     15.914188     15.914188     31.828376
     -1.526527     20.254806     20.254806     40.509612
     -1.516517     24.756561     24.756561     49.513122
     -1.506507     28.555046     28.555046     57.110092
     -1.496496     30.875629     30.875629     61.751258
     -1.486486     31.235231     31.235231     62.470462
     -1.476476     29.564078     29.564078     59.128156
     -1.466466     26.204194     26.204194     52.408388
     -1.456456     21.793101     21.793101     43.586203
     -1.446446     17.085326     17.085326     34.170651
     -1.436436     12.778636     12.778636     25.557272
     -1.426426      9.394183      9.394183     18.788367
     -1.416416      7.225306      7.225306     14.450612
     -1.406406      6.339916      6.339916     12.679831
     -1.396396      6.610781      6.610781     13.221562
     -1.386386      7.757643      7.757643     15.515285
     -1.376376      9.402391      9.402391     18.804781
     -1.366366     11.145604     11.145604     22.291209
     -1.356356     12.660169     12.660169     25.320338
     -1.346346     13.774062     13.774062     27.548124
     -1.336336     14.502105     14.502105     29.004211
     -1.326326     15.003032     15.003032     30.006064
     -1.316316     15.478154     15.478154     30.956308
     -1.306306     16.063359     16.063359     32.126719
     -1.296296     16.768757     16.768757     33.537514
     -1.286286     17.486814     17.486814     34.973628
     -1.276276     18.046700     18.046700     36.093400
     -1.266266     18.273094     18.273094     36.546188
     -1.256256     18.022797     18.022797     36.045594
     -1.246246     17.202203     17.202203     34.404405
     -1.236236     15.783205     15.783205     31.566409
     -1.226226     13.823800     13.823800     27.647600
     -1.216216     11.478935     11.478935     22.957869
     -1.206206      8.981540      8.981540     17.963081
     -1.196196      6.590621      6.590621     13.181242
     -1.186186      4.527307      4.527307      9.054615
     -1.176176      2.929876      2.929876      5.859752
     -1.166166      1.847334      1.847334      3.694668
     -1.156156      1.268504      1.268504      2.537008
     -1.146146      1.165494      1.165494      2.330987
     -1.136136      1.525799      1.525799      3.051598
     -1.126126      2.355056      2.355056      4.710112
     -1.116116      3.647210      3.647210      7.294419
     -1.106106      5.335610      5.335610     10.671221
     -1.096096      7.252327      7.252327     14.504654
     -1.086086      9.126645      9.126645     18.253291
     -1.076076     10.640764     10.640764     21.281528
     -1.066066     11.532073     11.532073     23.064147
     -1.056056     11.700556     11.700556     23.401113
     -1.046046     11.266639     11.266639     22.533277
     -1.036036     10.541613     10.541613     21.083225
     -1.026026      9.913339      9.913339     19.826679
     -1.016016      9.692438      9.692438     19.384877
     -1.006006      9.985433      9.985433     19.970867
     -0.995996     10.650786     10.650786     21.301572
     -0.985986     11.357267     11.357267     22.714533
     -0.975976     11.718836     11.718836     23.437672
     -0.965966     11.446632     11.446632     22.893264
     -0.955956     10.452743     10.452743     20.905485
     -0.945946      8.865822      8.865822     17.731645
     -0.935936      6.962346      6.962346     13.924691
     -0.925926      5.055403      5.055403     10.110805
     -0.915916      3.395213      3.395213      6.790426
     -0.905906      2.118892      2.118892      4.237784
     -0.895896      1.256107      1.256107      2.512214
     -0.885886      0.771897      0.771897      1.543794
     -0.875876      0.618984      0.618984      1.237967
     -0.865866      0.777095      0.777095      1.554190
     -0.855856      1.267059      1.267059      2.534119
     -0.845846      2.136099      2.136099      4.272197
     -0.835836      3.417845      3.417845      6.835689
     -0.825826      5.079220      5.079220     10.158441
     -0.815816      6.976369      6.976369     13.952739
     -0.805806      8.846684      8.846684     17.693367
     -0.795796     10.354932     10.354932     20.709863
     -0.785786     11.186833     11.186833     22.373666
     -0.775776     11.154635     11.154635     22.309270
     -0.765766     10.265756     10.265756     20.531511
     -0.755756      8.719959      8.719959     17.439918
     -0.745746      6.836444      6.836444     13.672888
     -0.735736      4.947212      4.947212      9.894424
     -0.725726      3.305362      3.305362      6.610725
     -0.715716      2.041679      2.041679      4.083359
     -0.705706      1.173861      1.173861      2.347723
     -0.695696      0.649449      0.649449      1.298899
     -0.685686      0.396770      0.396770      0.793540
     -0.675676      0.365303      0.365303      0.730605
     -0.665666      0.547817      0.547817      1.095634
     -0.655656      0.983249      0.983249      1.966499
     -0.645646      1.740386      1.740386      3.480771
     -0.635636      2.882600      2.882600      5.765200
     -0.625626      4.418662      4.418662      8.837323
     -0.615616      6.254824      6.254824     12.509648
     -0.605606      8.172811      8.172811     16.345623
     -0.595596      9.856518      9.856518     19.713036
     -0.585586     10.971452     10.971452     21.942905
     -0.575576     11.271765     11.271765     22.543530
     -0.565566     10.688251     10.688251     21.376502
     -0.555556      9.354234      9.354234     18.708468
     -0.545546      7.556082      7.556082     15.112164
     -0.535536      5.633418      5.633418     11.266835
     -0.525526      3.876449      3.876449      7.752898
     -0.515516      2.461972      2.461972      4.923943
     -0.505506      1.443175      1.443175      2.886349
     -0.495495      0.780803      0.780803      1.561606
     -0.485485      0.389898      0.389898      0.779796
     -0.475475      0.179700      0.179700      0.359400
     -0.465465      0.076442      0.076442      0.152884
     -0.455455      0.030012      0.030012      0.060025
     -0.445445      0.010876      0.010876      0.021752
     -0.435435      0.003638      0.003638      0.007276
     -0.425425      0.001125      0.001125      0.002251
     -0.415415      0.000332      0.000332      0.000664
     -0.405405      0.000135      0.000135      0.000270
     -0.395395      0.000219      0.000219      0.000437
     -0.385385      0.000721      0.000721      0.001442
     -0.375375      0.002391      0.002391      0.004781
     -0.365365      0.007358      0.007358      0.014715
     -0.355355      0.020907      0.020907      0.041813
     -0.345345      0.054832      0.054832      0.109664
     -0.335335      0.132730      0.132730      0.265459
     -0.325325      0.296545      0.296545      0.593089
     -0.315315      0.611503      0.611503      1.223006
     -0.305305      1.163842      1.163842      2.327684
     -0.295295      2.044449      2.044449      4.088899
     -0.285285      3.314710      3.314710      6.629420
     -0.275275      4.960227      4.960227      9.920455
     -0.265265      6.850850      6.850850     13.701700
     -0.255255      8.733216      8.733216     17.466431
     -0.245245     10.275211     10.275211     20.550423
     -0.235235     11.158201     11.158201     22.316403
     -0.225225     11.183673     11.183673     22.367347
     -0.215215     10.345741     10.345741     20.691482
     -0.205205      8.833353      8.833353     17.666706
     -0.195195      6.961077      6.961077     13.922153
     -0.185185      5.063072      5.063072     10.126144
     -0.175175      3.398902      3.398902      6.797804
     -0.165165      2.105959      2.105959      4.211919
     -0.155155      1.204338      1.204338      2.408675
     -0.145145      0.635672      0.635672      1.271345
     -0.135135      0.309674      0.309674      0.619349
     -0.125125      0.139240      0.139240      0.278480
     -0.115115      0.057784      0.057784      0.115569
     -0.105105      0.022133      0.022133      0.044266
     -0.095095      0.007825      0.007825      0.015649
     -0.085085      0.002553      0.002553      0.005106
     -0.075075      0.000769      0.000769      0.001538
     -0.065065      0.000214      0.000214      0.000427
     -0.055055      0.000055      0.000055      0.000110
     -0.045045      0.000013      0.000013      0.000026
     -0.035035      0.000003      0.000003      0.000006
     -0.025025      0.000001      0.000001      0.000001
     -0.015015      0.000000      0.000000      0.000000
     -0.005005      0.000000      0.000000      0.000000
      0.005005      0.000000      0.000000      0.000000
      0.015015      0.000000      0.000000      0.000000
      0.025025      0.000001      0.000001      0.000001
      0.035035      0.000003      0.000003      0.000006
      0.045045      0.000013      0.000013      0.000026
      0.055055      0.000055      0.000055      0.000110
      0.065065      0.000214      0.000214      0.000427
      0.075075      0.000769      0.000769      0.001538
      0.085085      0.002553      0.002553      0.005106
      0.095095      0.007825      0.007825      0.015649
      0.105105      0.022133      0.022133      0.044266
      0.115115      0.057784      0.057784      0.115569
      0.125125      0.139240      0.139240      0.278480
      0.135135      0.309675      0.309675      0.619350
      0.145145      0.635673      0.635673      1.271346
      0.155155      1.204339      1.204339      2.408678
      0.165165      2.105962      2.105962      4.211923
      0.175175      3.398905      3.398905      6.797810
      0.185185      5.063075      5.063075     10.126151
      0.195195      6.961080      6.961080     13.922161
      0.205205      8.833356      8.833356     17.666713
      0.215215     10.345743     10.345743     20.691487
      0.225225     11.183674     11.183674     22.367348
      0.235235     11.158200     11.158200     22.316401
      0.245245     10.275209     10.275209     20.550418
      0.255255      8.733212      8.733212     17.466424
      0.265265      6.850846      6.850846     13.701692
      0.275275      4.960224      4.960224      9.920447
      0.285285      3.314707      3.314707      6.629414
      0.295295      2.044447      2.044447      4.088895
      0.305305      1.163841      1.163841      2.327681
      0.315315      0.611502      0.611502      1.223004
      0.325325      0.296544      0.296544      0.593088
      0.335335      0.132729      0.132729      0.265459
      0.345345      0.054832      0.054832      0.109664
      0.355355      0.020907      0.020907      0.041813
      0.365365      0.007357      0.007357      0.014715
      0.375375      0.002390      0.002390      0.004780
      0.385385      0.000718      0.000718      0.001435
      0.395395      0.000204      0.000204      0.000408
      0.405405      0.000076      0.000076      0.000152
      0.415415      0.000114      0.000114      0.000229
      0.425425      0.000388      0.000388      0.000775
      0.435435      0.001336      0.001336      0.002672
      0.445445      0.004277      0.004277      0.008554
      0.455455      0.012641      0.012641      0.025283
      0.465465      0.034486      0.034486      0.068972
      0.475475      0.086833      0.086833      0.173666
      0.485485      0.201795      0.201795      0.403590
      0.495495      0.432836      0.432836      0.865672
      0.505506      0.856886      0.856886      1.713773
      0.515516      1.565705      1.565705      3.131409
      0.525526      2.640483      2.640483      5.280966
      0.535536      4.110018      4.110018      8.220036
      0.545546      5.904608      5.904608     11.809215
      0.555556      7.829344      7.829344     15.658689
      0.565566      9.581806      9.581806     19.163611
      0.575576     10.823279     10.823279     21.646559
      0.585586     11.284097     11.284097     22.568195
      0.595596     10.859147     10.859147     21.718295
      0.605606      9.647897      9.647897     19.295793
      0.615616      7.919298      7.919298     15.838597
      0.625626      6.020758      6.020758     12.041517
      0.635636      4.277036      4.277036      8.554072
      0.645646      2.923464      2.923464      5.846928
      0.655656      2.092087      2.092087      4.184174
      0.665666      1.837794      1.837794      3.675588
      0.675676      2.172952      2.172952      4.345904
      0.685686      3.081266      3.081266      6.162532
      0.695696      4.500443      4.500443      9.000887
      0.705706      6.287740      6.287740     12.575480
      0.715716      8.199703      8.199703     16.399406
      0.725726      9.916873      9.916873     19.833745
      0.735736     11.122733     11.122733     22.245466
      0.745746     11.612952     11.612952     23.225905
      0.755756     11.385237     11.385237     22.770474
      0.765766     10.660072     10.660072     21.320144
      0.775776      9.811605      9.811605     19.623211
      0.785786      9.230692      9.230692     18.461384
      0.795796      9.175161      9.175161     18.350323
      0.805806      9.669401      9.669401     19.338802
      0.815816     10.494809     10.494809     20.989618
      0.825826     11.275042     11.275042     22.550084
      0.835836     11.620771     11.620771     23.241542
      0.845846     11.273787     11.273787     22.547575
      0.855856     10.191584     10.191584     20.383167
      0.865866      8.542322      8.542322     17.084644
      0.875876      6.622588      6.622588     13.245177
      0.885886      4.743542      4.743542      9.487084
      0.895896      3.137391      3.137391      6.274783
      0.905906      1.915655      1.915655      3.831310
      0.915916      1.079695      1.079695      2.159389
      0.925926      0.561723      0.561723      1.123447
      0.935936      0.269890      0.269890      0.539779
      0.945946      0.120237      0.120237      0.240475
      0.955956      0.051280      0.051280      0.102560
      0.965966      0.025822      0.025822      0.051644
      0.975976      0.027369      0.027369      0.054737
      0.985986      0.057015      0.057015      0.114030
      0.995996      0.133752      0.133752      0.267504
      1.006006      0.298085      0.298085      0.596170
      1.016016      0.615858      0.615858      1.231717
      1.026026      1.176464      1.176464      2.352928
      1.036036      2.078665      2.078665      4.157330
      1.046046      3.400636      3.400636      6.801271
      1.056056      5.159771      5.159771     10.319542
      1.066066      7.279062      7.279062     14.558124
      1.076076      9.582086      9.582086     19.164171
      1.086086     11.829603     11.829603     23.659206
      1.096096     13.787905     13.787905     27.575811
      1.106106     15.296255     15.296255     30.592511
      1.116116     16.297376     16.297376     32.594752
      1.126126     16.818449     16.818449     33.636899
      1.136136     16.925228     16.925228     33.850455
      1.146146     16.689590     16.689590     33.379181
      1.156156     16.194164     16.194164     32.388329
      1.166166     15.559376     15.559376     31.118752
      1.176176     14.952766     14.952766     29.905532
      1.186186     14.552381     14.552381     29.104762
      1.196196     14.476977     14.476977     28.953953
      1.206206     14.729884     14.729884     29.459768
      1.216216     15.199283     15.199283     30.398565
      1.226226     15.716705     15.716705     31.433410
      1.236236     16.131696     16.131696     32.263393
      1.246246     16.350734     16.350734     32.701468
      1.256256     16.321097     16.321097     32.642193
      1.266266     15.987319     15.987319     31.974638
      1.276276     15.269406     15.269406     30.538812
      1.286286     14.090898     14.090898     28.181796
      1.296296     12.440780     12.440780     24.881560
      1.306306     10.423995     10.423995     20.847989
      1.316316      8.263773      8.263773     16.527545
      1.326326      6.254886      6.254886     12.509771
      1.336336      4.699106      4.699106      9.398211
      1.346346      3.858259      3.858259      7.716518
      1.356356      3.937097      3.937097      7.874194
      1.366366      5.079357      5.079357     10.158713
      1.376376      7.349254      7.349254     14.698507
      1.386386     10.685750     10.685750     21.371499
      1.396396     14.847284     14.847284     29.694567
      1.406406     19.387728     19.387728     38.775457
      1.416416     23.700783     23.700783     47.401567
      1.426426     27.137791     27.137791     54.275581
      1.436436     29.162114     29.162114     58.324227
      1.446446     29.479906     29.479906     58.959812
      1.456456     28.098338     28.098338     56.196677
      1.466466     25.299144     25.299144     50.598289
      1.476476     21.551861     21.551861     43.103721
      1.486486     17.406434     17.406434     34.812867
      1.496496     13.397577     13.397577     26.795155
      1.506507      9.976600      9.976600     19.953199
      1.516517      7.472691      7.472691     14.945381
      1.526527      6.078073      6.078073     12.156146
      1.536537      5.848058      5.848058     11.696116
      1.546547      6.707871      6.707871     13.415742
      1.556557      8.464175      8.464175     16.928350
      1.566567     10.827396     10.827396     21.654791
      1.576577     13.453347     13.453347     26.906693
      1.586587     16.004482     16.004482     32.008963
      1.596597     18.217280     18.217280     36.434561
      1.606607     19.954545     19.954545     39.909090
      1.616617     21.226410     21.226410     42.452819
      1.626627     22.176456     22.176456     44.352912
      1.636637     23.038529     23.038529     46.077058
      1.646647     24.071435     24.071435     48.142871
      1.656657     25.479410     25.479410     50.958820
      1.666667     27.333928     27.333928     54.667855
      1.676677     29.524716     29.524716     59.049432
      1.686687     31.771124     31.771124     63.542249
      1.696697     33.707056     33.707056     67.414112
      1.706707     35.015312     35.015312     70.030625
      1.716717     35.550282     35.550282     71.100565
      1.726727     35.379426     35.379426     70.758852
      1.736737     34.710727     34.710727     69.421453
      1.746747     33.742232     33.742232     67.484463
      1.756757     32.527805     32.527805     65.055609
      1.766767     30.953887     30.953887     61.907774
      1.776777     28.854714     28.854714     57.709427
      1.786787     26.199465     26.199465     52.398930
      1.796797     23.230130     23.230130     46.460260
      1.806807     20.452594     20.452594     40.905189
      1.816817     18.468451     18.468451     36.936902
      1.826827     17.724759     17.724759     35.449519
      1.836837     18.302134     18.302134     36.604267
      1.846847     19.842511     19.842511     39.685021
      1.856857     21.654492     21.654492     43.308985
      1.866867     22.957598     22.957598     45.915196
      1.876877     23.167040     23.167040     46.334080
      1.886887     22.101363     22.101363     44.202725
      1.896897     20.027287     20.027287     40.054575
      1.906907     17.528286     17.528286     35.056572
      1.916917     15.262086     15.262086     30.524173
      1.926927     13.718243     13.718243     27.436487
      1.936937     13.078671     13.078671     26.157342
      1.946947     13.229198     13.229198     26.458395
      1.956957     13.897441     13.897441     27.794882
      1.966967     14.834794     14.834794     29.669589
      1.976977     15.943031     15.943031     31.886063
      1.986987     17.278210     17.278210     34.556420
      1.996997     18.934147     18.934147     37.868294
      2.007007     20.880858     20.880858     41.761717
      2.017017     22.866846     22.866846     45.733691
      2.027027     24.461514     24.461514     48.923029
      2.037037     25.228501     25.228501     50.457001
      2.047047     24.934053     24.934053     49.868105
      2.057057     23.665431     23.665431     47.330862
      2.067067     21.785805     21.785805     43.571610
      2.077077     19.752221     19.752221     39.504443
      2.087087     17.905523     17.905523     35.811047
      2.097097     16.352158     16.352158     32.704315
      2.107107     14.994602     14.994602     29.989203
      2.117117     13.675758     13.675758     27.351517
      2.127127     12.342352     12.342352     24.684704
      2.137137     11.134619     11.134619     22.269238
      2.147147     10.362172     10.362172     20.724344
      2.157157     10.389098     10.389098     20.778197
      2.167167     11.488899     11.488899     22.977799
      2.177177     13.729865     13.729865     27.459729
      2.187187     16.925953     16.925953     33.851907
      2.197197     20.657932     20.657932     41.315864
      2.207207     24.349304     24.349304     48.698608
      2.217217     27.374895     27.374895     54.749790
      2.227227     29.181338     29.181338     58.362676
      2.237237     29.399929     29.399929     58.799858
      2.247247     27.929470     27.929470     55.858940
      2.257257     24.964403     24.964403     49.928806
      2.267267     20.951298     20.951298     41.902595
      2.277277     16.479228     16.479228     32.958456
      2.287287     12.138147     12.138147     24.276294
      2.297297      8.396179      8.396179     16.792357
      2.307307      5.538884      5.538884     11.077769
      2.317317      3.684196      3.684196      7.368392
      2.327327      2.852730      2.852730      5.705460
      2.337337      3.052202      3.052202      6.104404
      2.347347      4.333651      4.333651      8.667302
      2.357357      6.792174      6.792174     13.584348
      2.367367     10.507386     10.507386     21.014773
      2.377377     15.442252     15.442252     30.884503
      2.387387     21.338429     21.338429     42.676857
      2.397397     27.656533     27.656533     55.313065
      2.407407     33.604083     33.604083     67.208166
      2.417417     38.268318     38.268318     76.536636
      2.427427     40.829657     40.829657     81.659315
      2.437437     40.789795     40.789795     81.579590
      2.447447     38.128460     38.128460     76.256921
      2.457457     33.321490     33.321490     66.642980
      2.467467     27.207452     27.207452     54.414903
      2.477477     20.755227     20.755227     41.510454
      2.487487     14.825524     14.825524     29.651048
      2.497497     10.013203     10.013203     20.026406
      2.507508      6.610428      6.610428     13.220856
      2.517518      4.671902      4.671902      9.343803
      2.527528      4.124302      4.124302      8.248605
      2.537538      4.857742      4.857742      9.715485
      2.547548      6.761920      6.761920     13.523841
      2.557558      9.705530      9.705530     19.411059
      2.567568     13.486177     13.486177     26.972355
      2.577578     17.789089     17.789089     35.578178
      2.587588     22.185498     22.185498     44.370996
      2.597598     26.182560     26.182560     52.365120
      2.607608     29.315082     29.315082     58.630164
      2.617618     31.252368     31.252368     62.504735
      2.627628     31.884799     31.884799     63.769597
      2.637638     31.357188     31.357188     62.714377
      2.647648     30.032231     30.032231     60.064462
      2.657658     28.395085     28.395085     56.790170
      2.667668     26.936845     26.936845     53.873691
      2.677678     26.062461     26.062461     52.124921
      2.687688     26.049277     26.049277     52.098554
      2.697698     27.048313     27.048313     54.096625
      2.707708     29.096771     29.096771     58.193542
      2.717718     32.113933     32.113933     64.227867
      2.727728     35.877527     35.877527     71.755053
      2.737738     40.003172     40.003172     80.006343
      2.747748     43.958717     43.958717     87.917433
      2.757758     47.135216     47.135216     94.270432
      2.767768     48.973107     48.973107     97.946214
      2.777778     49.113296     49.113296     98.226592
      2.787788     47.518331     47.518331     95.036661
      2.797798     44.504067     44.504067     89.008135
      2.807808     40.650242     40.650242     81.300484
      2.817818     36.613403     36.613403     73.226807
      2.827828     32.918353     32.918353     65.836707
      2.837838     29.819354     29.819354     59.638708
      2.847848     27.287349     27.287349     54.574699
      2.857858     25.115279     25.115279     50.230558
      2.867868     23.078289     23.078289     46.156579
      2.877878     21.067141     21.067141     42.134281
      2.887888     19.135124     19.135124     38.270248
      2.897898     17.445963     17.445963     34.891926
      2.907908     16.159947     16.159947     32.319895
      2.917918     15.326013     15.326013     30.652026
      2.927928     14.843072     14.843072     29.686144
      2.937938     14.513673     14.513673     29.027347
      2.947948     14.156945     14.156945     28.313890
      2.957958     13.709347     13.709347     27.418694
      2.967968     13.247594     13.247594     26.495188
      2.977978     12.917029     12.917029     25.834058
      2.987988     12.809878     12.809878     25.619757
      2.997998     12.870907     12.870907     25.741815
      3.008008     12.891209     12.891209     25.782418
      3.018018     12.595881     12.595881     25.191762
      3.028028     11.774635     11.774635     23.549270
      3.038038     10.381799     10.381799     20.763599
      3.048048      8.555184      8.555184     17.110368
      3.058058      6.553016      6.553016     13.106032
      3.068068      4.651045      4.651045      9.302091
      3.078078      3.053726      3.053726      6.107452
      3.088088      1.853827      1.853827      3.707655
      3.098098      1.042888      1.042888      2.085776
      3.108108      0.551931      0.551931      1.103861
      3.118118      0.297252      0.297252      0.594504
      3.128128      0.215234      0.215234      0.430469
      3.138138      0.282239      0.282239      0.564478
      3.148148      0.522456      0.522456      1.044912
      3.158158      1.006330      1.006330      2.012659
      3.168168      1.838253      1.838253      3.676506
      3.178178      3.130020      3.130020      6.260039
      3.188188      4.959965      4.959965      9.919931
      3.198198      7.326654      7.326654     14.653308
      3.208208     10.115020     10.115020     20.230040
      3.218218     13.094446     13.094446     26.188893
      3.228228     15.958002     15.958002     31.916003
      3.238238     18.393906     18.393906     36.787811
      3.248248     20.164449     20.164449     40.328899
      3.258258     21.163083     21.163083     42.326165
      3.268268     21.428472     21.428472     42.856944
      3.278278     21.110009     21.110009     42.220019
      3.288288     20.396816     20.396816     40.793633
      3.298298     19.437850     19.437850     38.875699
      3.308308     18.288531     18.288531     36.577062
      3.318318     16.911514     16.911514     33.823028
      3.328328     15.233422     15.233422     30.466844
      3.338338     13.227572     13.227572     26.455143
      3.348348     10.976402     10.976402     21.952803
      3.358358      8.679988      8.679988     17.359976
      3.368368      6.610152      6.610152     13.220304
      3.378378      5.038543      5.038543     10.077086
      3.388388      4.172249      4.172249      8.344497
      3.398398      4.113602      4.113602      8.227205
      3.408408      4.840965      4.840965      9.681931
      3.418418      6.202262      6.202262     12.404523
      3.428428      7.924143      7.924143     15.848286
      3.438438      9.651512      9.651512     19.303025
      3.448448     11.027537     11.027537     22.055075
      3.458458     11.800280     11.800280     23.600560
      3.468468     11.914450     11.914450     23.828901
      3.478478     11.538792     11.538792     23.077584
      3.488488     11.003053     11.003053     22.006107
      3.498498     10.663437     10.663437     21.326874
      3.508509     10.755642     10.755642     21.511285
      3.518519     11.305383     11.305383     22.610766
      3.528529     12.139461     12.139461     24.278922
      3.538539     12.989168     12.989168     25.978337
      3.548549     13.628899     13.628899     27.257798
      3.558559     13.973945     13.973945     27.947891
      3.568569     14.085469     14.085469     28.170938
      3.578579     14.086172     14.086172     28.172344
      3.588589     14.044546     14.044546     28.089091
      3.598599     13.903845     13.903845     27.807691
      3.608609     13.501447     13.501447     27.002893
      3.618619     12.665353     12.665353     25.330706
      3.628629     11.327388     11.327388     22.654775
      3.638639      9.587316      9.587316     19.174633
      3.648649      7.697906      7.697906     15.395811
      3.658659      5.988590      5.988590     11.977180
      3.668669      4.772154      4.772154      9.544308
      3.678679      4.272563      4.272563      8.545125
      3.688689      4.586894      4.586894      9.173787
      3.698699      5.674469      5.674469     11.348938
      3.708709      7.365095      7.365095     14.730190
      3.718719      9.388655      9.388655     18.777310
      3.728729     11.432087     11.432087     22.864174
      3.738739     13.216501     13.216501     26.433002
      3.748749     14.565654     14.565654     29.131309
      3.758759     15.429275     15.429275     30.858549
      3.768769     15.845351     15.845351     31.690701
      3.778779     15.864791     15.864791     31.729583
      3.788789     15.489925     15.489925     30.979851
      3.798799     14.670093     14.670093     29.340186
      3.808809     13.356366     13.356366     26.712731
      3.818819     11.574350     11.574350     23.148699
      3.828829      9.462061      9.462061     18.924123
      3.838839      7.246209      7.246209     14.492419
      3.848849      5.172154      5.172154     10.344308
      3.858859      3.428962      3.428962      6.857925
      3.868869      2.106680      2.106680      4.213360
      3.878879      1.197840      1.197840      2.395680
      3.888889      0.630345      0.630345      1.260689
      3.898899      0.308827      0.308827      0.617653
      3.908909      0.146858      0.146858      0.293717
      3.918919      0.084150      0.084150      0.168299
      3.928929      0.092259      0.092259      0.184518
      3.938939      0.175492      0.175492      0.350984
      3.948949      0.371494      0.371494      0.742988
      3.958959      0.751242      0.751242      1.502485
      3.968969      1.413683      1.413683      2.827365
      3.978979      2.468786      2.468786      4.937571
      3.988989      4.006671      4.006671      8.013342
      3.998999      6.059476      6.059476     12.118951
      4.009009      8.572221      8.572221     17.144442
      4.019019     11.400852     11.400852     22.801705
      4.029029     14.344114     14.344114     28.688228
      4.039039     17.195050     17.195050     34.390100
      4.049049     19.782428     19.782428     39.564857
      4.059059     21.977271     21.977271     43.954542
      4.069069     23.665811     23.665811     47.331621
      4.079079     24.719328     24.719328     49.438657
      4.089089     24.999213     24.999213     49.998427
      4.099099     24.412339     24.412339     48.824677
      4.109109     22.992095     22.992095     45.984190
      4.119119     20.952733     20.952733     41.905467
      4.129129     18.670324     18.670324     37.340649
      4.139139     16.581535     16.581535     33.163069
      4.149149     15.039536     15.039536     30.079072
      4.159159     14.195837     14.195837     28.391674
      4.169169     13.968861     13.968861     27.937721
      4.179179     14.116531     14.116531     28.233061
      4.189189     14.374049     14.374049     28.748099
      4.199199     14.582086     14.582086     29.164172
      4.209209     14.738107     14.738107     29.476213
      4.219219     14.951591     14.951591     29.903181
      4.229229     15.341982     15.341982     30.683964
      4.239239     15.947959     15.947959     31.895917
      4.249249     16.699350     16.699350     33.398701
      4.259259     17.454981     17.454981     34.909962
      4.269269     18.068685     18.068685     36.137370
      4.279279     18.440072     18.440072     36.880143
      4.289289     18.532299     18.532299     37.064598
      4.299299     18.367173     18.367173     36.734347
      4.309309     18.013674     18.013674     36.027349
      4.319319     17.572506     17.572506     35.145011
      4.329329     17.149928     17.149928     34.299857
      4.339339     16.824491     16.824491     33.648982
      4.349349     16.628880     16.628880     33.257761
      4.359359     16.569502     16.569502     33.139004
      4.369369     16.677617     16.677617     33.355234
      4.379379     17.049099     17.049099     34.098198
      4.389389     17.821837     17.821837     35.643674
      4.399399     19.077782     19.077782     38.155564
      4.409409     20.718336     20.718336     41.436673
      4.419419     22.399585     22.399585     44.799171
      4.429429     23.592919     23.592919     47.185838
      4.439439     23.764221     23.764221     47.528442
      4.449449     22.588382     22.588382     45.176765
      4.459459     20.088354     20.088354     40.176708
      4.469469     16.628759     16.628759     33.257518
      4.479479     12.775038     12.775038     25.550075
      4.489489      9.096832      9.096832     18.193663
      4.499499      6.009614      6.009614     12.019228
      4.509510      3.711745      3.711745      7.423491
      4.519520      2.217398      2.217398      4.434795
      4.529530      1.444898      1.444898      2.889796
      4.539540      1.310130      1.310130      2.620261
      4.549550      1.787804      1.787804      3.575608
      4.559560      2.923057      2.923057      5.846115
      4.569570      4.792215      4.792215      9.584430
      4.579580      7.425165      7.425165     14.850329
      4.589590     10.716749     10.716749     21.433498
      4.599600     14.368073     14.368073     28.736146
      4.609610     17.899655     17.899655     35.799309
      4.619620     20.755810     20.755810     41.511621
      4.629630     22.476010     22.476010     44.952021
      4.639640     22.865229     22.865229     45.730459
      4.649650     22.081004     22.081004     44.162008
      4.659660     20.586279     20.586279     41.172557
      4.669670     18.981734     18.981734     37.963468
      4.679680     17.792623     17.792623     35.585246
      4.689690     17.306013     17.306013     34.612027
      4.699700     17.522732     17.522732     35.045464
      4.709710     18.225511     18.225511     36.451022
      4.719720     19.110253     19.110253     38.220505
      4.729730     19.911064     19.911064     39.822127
      4.739740     20.473015     20.473015     40.946030
      4.749750     20.765379     20.765379     41.530758
      4.759760     20.854950     20.854950     41.709900
      4.769770     20.864176     20.864176     41.728352
      4.779780     20.931453     20.931453     41.862905
      4.789790     21.183668     21.183668     42.367335
      4.799800     21.725986     21.725986     43.451972
      4.809810     22.646018     22.646018     45.292036
      4.819820     24.019239     24.019239     48.038477
      4.829830     25.898798     25.898798     51.797596
      4.839840     28.282661     28.282661     56.565322
      4.849850     31.069257     31.069257     62.138514
      4.859860     34.026297     34.026297     68.052594
      4.869870     36.797114     36.797114     73.594228
      4.879880     38.955763     38.955763     77.911527
      4.889890     40.102314     40.102314     80.204627
      4.899900     39.969492     39.969492     79.938984
      4.909910     38.499020     38.499020     76.998041
      4.919920     35.851371     35.851371     71.702741
      4.929930     32.341248     32.341248     64.682496
      4.939940     28.330574     28.330574     56.661149
      4.949950     24.134434     24.134434     48.268868
      4.959960     19.983555     19.983555     39.967109
      4.969970     16.046873     16.046873     32.093745
      4.979980     12.479944     12.479944     24.959888
      4.989990      9.456287      9.456287     18.912573
      5.000000      7.159773      7.159773     14.319547
