# EIG2DOS: Utility for SIESTA to obtain the electronic density of states
#  E. Artacho, Apr 1999, A. Garcia, Apr 2012
#  Nick R. Papior, Feb 2017
# ------------------------------------------
# Eigenvalues calculated from a non-polarized calculation
# Eigenvalues read from siesta.EIG
# Kpoint weights read from siesta.KP
# Using smearing parameter:   0.0500
# Using 1000 points in the energy range
# Selected bands: 1 to: 2981
# Emin, Emax in file for selected band(s):    -27.1630307    218.3801260
# Nbands, Nspin, Nk   =   2981     1     1
# E_F                 =    -4.2177 eV --> (shifted to ZERO)
# Broadening          =     0.0500 eV
#
#        E            N(up)  (=)   N(down)         Ntot
     -5.000000     32.739779     32.739779     65.479559
     -4.989990     37.295852     37.295852     74.591703
     -4.979980     41.417047     41.417047     82.834095
     -4.969970     44.425954     44.425954     88.851908
     -4.959960     45.778566     45.778566     91.557132
     -4.949950     45.243825     45.243825     90.487650
     -4.939940     42.987711     42.987711     85.975422
     -4.929930     39.542232     39.542232     79.084464
     -4.919920     35.691353     35.691353     71.382705
     -4.909910     32.325012     32.325012     64.650025
     -4.899900     30.292872     30.292872     60.585745
     -4.889890     30.257369     30.257369     60.514737
     -4.879880     32.537824     32.537824     65.075648
     -4.869870     36.967893     36.967893     73.935786
     -4.859860     42.832308     42.832308     85.664617
     -4.849850     48.959104     48.959104     97.918208
     -4.839840     53.992057     53.992057    107.984114
     -4.829830     56.774370     56.774370    113.548741
     -4.819820     56.697332     56.697332    113.394663
     -4.809810     53.863917     53.863917    107.727835
     -4.799800     48.998683     48.998683     97.997367
     -4.789790     43.156141     43.156141     86.312282
     -4.779780     37.367699     37.367699     74.735398
     -4.769770     32.373720     32.373720     64.747440
     -4.759760     28.519403     28.519403     57.038807
     -4.749750     25.802804     25.802804     51.605608
     -4.739740     24.004288     24.004288     48.008576
     -4.729730     22.820045     22.820045     45.640089
     -4.719720     21.952672     21.952672     43.905343
     -4.709710     21.151078     21.151078     42.302157
     -4.699700     20.220242     20.220242     40.440485
     -4.689690     19.031398     19.031398     38.062796
     -4.679680     17.554574     17.554574     35.109148
     -4.669670     15.912654     15.912654     31.825309
     -4.659660     14.430830     14.430830     28.861661
     -4.649650     13.641918     13.641918     27.283836
     -4.639640     14.214687     14.214687     28.429374
     -4.629630     16.796201     16.796201     33.592402
     -4.619620     21.792276     21.792276     43.584552
     -4.609610     29.145360     29.145360     58.290720
     -4.599600     38.196872     38.196872     76.393743
     -4.589590     47.722530     47.722530     95.445061
     -4.579580     56.184259     56.184259    112.368517
     -4.569570     62.152103     62.152103    124.304207
     -4.559560     64.753265     64.753265    129.506529
     -4.549550     63.963112     63.963112    127.926224
     -4.539540     60.603444     60.603444    121.206887
     -4.529530     56.038600     56.038600    112.077200
     -4.519520     51.694004     51.694004    103.388007
     -4.509510     48.593335     48.593335     97.186670
     -4.499499     47.088178     47.088178     94.176355
     -4.489489     46.858184     46.858184     93.716368
     -4.479479     47.143264     47.143264     94.286528
     -4.469469     47.085254     47.085254     94.170508
     -4.459459     46.035302     46.035302     92.070604
     -4.449449     43.723897     43.723897     87.447794
     -4.439439     40.266419     40.266419     80.532838
     -4.429429     36.049639     36.049639     72.099278
     -4.419419     31.580966     31.580966     63.161931
     -4.409409     27.370100     27.370100     54.740201
     -4.399399     23.866787     23.866787     47.733574
     -4.389389     21.431978     21.431978     42.863955
     -4.379379     20.304637     20.304637     40.609274
     -4.369369     20.550015     20.550015     41.100030
     -4.359359     22.014982     22.014982     44.029964
     -4.349349     24.336417     24.336417     48.672834
     -4.339339     27.029800     27.029800     54.059600
     -4.329329     29.638590     29.638590     59.277180
     -4.319319     31.883723     31.883723     63.767446
     -4.309309     33.744912     33.744912     67.489823
     -4.299299     35.434597     35.434597     70.869194
     -4.289289     37.271655     37.271655     74.543310
     -4.279279     39.501161     39.501161     79.002322
     -4.269269     42.126846     42.126846     84.253693
     -4.259259     44.824060     44.824060     89.648120
     -4.249249     46.983072     46.983072     93.966145
     -4.239239     47.891457     47.891457     95.782914
     -4.229229     47.003562     47.003562     94.007125
     -4.219219     44.189301     44.189301     88.378602
     -4.209209     39.842151     39.842151     79.684302
     -4.199199     34.780124     34.780124     69.560248
     -4.189189     29.973404     29.973404     59.946807
     -4.179179     26.221288     26.221288     52.442577
     -4.169169     23.924114     23.924114     47.848228
     -4.159159     23.040640     23.040640     46.081280
     -4.149149     23.224949     23.224949     46.449897
     -4.139139     24.055366     24.055366     48.110731
     -4.129129     25.238533     25.238533     50.477065
     -4.119119     26.697219     26.697219     53.394438
     -4.109109     28.510418     28.510418     57.020836
     -4.099099     30.743521     30.743521     61.487042
     -4.089089     33.261791     33.261791     66.523581
     -4.079079     35.638542     35.638542     71.277085
     -4.069069     37.232510     37.232510     74.465019
     -4.059059     37.422625     37.422625     74.845251
     -4.049049     35.894430     35.894430     71.788859
     -4.039039     32.829791     32.829791     65.659581
     -4.029029     28.895116     28.895116     57.790233
     -4.019019     25.030608     25.030608     50.061217
     -4.009009     22.146996     22.146996     44.293993
     -3.998999     20.872582     20.872582     41.745165
     -3.988989     21.446769     21.446769     42.893538
     -3.978979     23.765853     23.765853     47.531706
     -3.968969     27.513689     27.513689     55.027379
     -3.958959     32.293332     32.293332     64.586664
     -3.948949     37.711648     37.711648     75.423296
     -3.938939     43.419197     43.419197     86.838393
     -3.928929     49.132266     49.132266     98.264531
     -3.918919     54.650717     54.650717    109.301433
     -3.908909     59.856307     59.856307    119.712615
     -3.898899     64.665979     64.665979    129.331959
     -3.888889     68.939141     68.939141    137.878282
     -3.878879     72.380396     72.380396    144.760792
     -3.868869     74.504472     74.504472    149.008944
     -3.858859     74.713614     74.713614    149.427228
     -3.848849     72.483671     72.483671    144.967342
     -3.838839     67.593212     67.593212    135.186424
     -3.828829     60.295953     60.295953    120.591905
     -3.818819     51.351275     51.351275    102.702550
     -3.808809     41.884907     41.884907     83.769814
     -3.798799     33.123059     33.123059     66.246117
     -3.788789     26.093048     26.093048     52.186096
     -3.778779     21.389982     21.389982     42.779963
     -3.768769     19.075604     19.075604     38.151208
     -3.758759     18.724315     18.724315     37.448629
     -3.748749     19.587174     19.587174     39.174347
     -3.738739     20.820259     20.820259     41.640517
     -3.728729     21.717962     21.717962     43.435924
     -3.718719     21.897392     21.897392     43.794785
     -3.708709     21.391625     21.391625     42.783251
     -3.698699     20.626395     20.626395     41.252790
     -3.688689     20.278672     20.278672     40.557345
     -3.678679     21.046536     21.046536     42.093072
     -3.668669     23.392485     23.392485     46.784970
     -3.658659     27.344192     27.344192     54.688384
     -3.648649     32.431292     32.431292     64.862584
     -3.638639     37.794549     37.794549     75.589099
     -3.628629     42.434788     42.434788     84.869577
     -3.618619     45.505817     45.505817     91.011634
     -3.608609     46.536391     46.536391     93.072781
     -3.598599     45.505930     45.505930     91.011860
     -3.588589     42.773000     42.773000     85.546000
     -3.578579     38.916634     38.916634     77.833268
     -3.568569     34.564758     34.564758     69.129516
     -3.558559     30.257181     30.257181     60.514363
     -3.548549     26.357026     26.357026     52.714052
     -3.538539     23.011339     23.011339     46.022678
     -3.528529     20.165699     20.165699     40.331398
     -3.518519     17.636025     17.636025     35.272050
     -3.508509     15.220912     15.220912     30.441823
     -3.498498     12.812626     12.812626     25.625252
     -3.488488     10.459038     10.459038     20.918075
     -3.478478      8.351771      8.351771     16.703542
     -3.468468      6.752350      6.752350     13.504699
     -3.458458      5.892889      5.892889     11.785777
     -3.448448      5.889141      5.889141     11.778282
     -3.438438      6.690037      6.690037     13.380074
     -3.428428      8.074839      8.074839     16.149678
     -3.418418      9.702086      9.702086     19.404172
     -3.408408     11.206016     11.206016     22.412032
     -3.398398     12.318775     12.318775     24.637551
     -3.388388     12.976490     12.976490     25.952980
     -3.378378     13.361733     13.361733     26.723467
     -3.368368     13.856231     13.856231     27.712462
     -3.358358     14.917581     14.917581     29.835161
     -3.348348     16.927212     16.927212     33.854424
     -3.338338     20.061995     20.061995     40.123991
     -3.328328     24.220159     24.220159     48.440318
     -3.318318     29.006599     29.006599     58.013198
     -3.308308     33.775406     33.775406     67.550811
     -3.298298     37.736255     37.736255     75.472509
     -3.288288     40.130203     40.130203     80.260406
     -3.278278     40.448451     40.448451     80.896901
     -3.268268     38.618323     38.618323     77.236647
     -3.258258     35.059111     35.059111     70.118221
     -3.248248     30.552737     30.552737     61.105474
     -3.238238     25.968102     25.968102     51.936204
     -3.228228     21.963361     21.963361     43.926722
     -3.218218     18.806314     18.806314     37.612628
     -3.208208     16.386607     16.386607     32.773214
     -3.198198     14.389517     14.389517     28.779033
     -3.188188     12.526012     12.526012     25.052024
     -3.178178     10.707217     10.707217     21.414435
     -3.168168      9.103450      9.103450     18.206901
     -3.158158      8.094502      8.094502     16.189003
     -3.148148      8.156151      8.156151     16.312302
     -3.138138      9.725801      9.725801     19.451601
     -3.128128     13.068252     13.068252     26.136505
     -3.118118     18.152340     18.152340     36.304680
     -3.108108     24.563637     24.563637     49.127273
     -3.098098     31.500820     31.500820     63.001640
     -3.088088     37.900359     37.900359     75.800718
     -3.078078     42.687379     42.687379     85.374759
     -3.068068     45.078085     45.078085     90.156169
     -3.058058     44.809225     44.809225     89.618449
     -3.048048     42.186423     42.186423     84.372846
     -3.038038     37.927486     37.927486     75.854973
     -3.028028     32.881435     32.881435     65.762871
     -3.018018     27.763039     27.763039     55.526078
     -3.008008     23.019650     23.019650     46.039300
     -2.997998     18.861294     18.861294     37.722587
     -2.987988     15.394749     15.394749     30.789498
     -2.977978     12.761403     12.761403     25.522806
     -2.967968     11.200005     11.200005     22.400010
     -2.957958     11.011022     11.011022     22.022044
     -2.947948     12.449335     12.449335     24.898670
     -2.937938     15.595228     15.595228     31.190456
     -2.927928     20.253479     20.253479     40.506957
     -2.917918     25.919877     25.919877     51.839755
     -2.907908     31.838882     31.838882     63.677764
     -2.897898     37.151934     37.151934     74.303869
     -2.887888     41.102339     41.102339     82.204678
     -2.877878     43.230986     43.230986     86.461971
     -2.867868     43.487252     43.487252     86.974505
     -2.857858     42.204692     42.204692     84.409384
     -2.847848     39.946179     39.946179     79.892357
     -2.837838     37.282928     37.282928     74.565855
     -2.827828     34.604168     34.604168     69.208335
     -2.817818     32.039097     32.039097     64.078194
     -2.807808     29.515422     29.515422     59.030844
     -2.797798     26.908931     26.908931     53.817862
     -2.787788     24.194375     24.194375     48.388749
     -2.777778     21.513827     21.513827     43.027654
     -2.767768     19.130798     19.130798     38.261595
     -2.757758     17.306384     17.306384     34.612768
     -2.747748     16.178082     16.178082     32.356163
     -2.737738     15.716434     15.716434     31.432868
     -2.727728     15.782551     15.782551     31.565103
     -2.717718     16.242592     16.242592     32.485184
     -2.707708     17.056678     17.056678     34.113355
     -2.697698     18.276753     18.276753     36.553507
     -2.687688     19.952202     19.952202     39.904404
     -2.677678     22.011347     22.011347     44.022693
     -2.667668     24.211597     24.211597     48.423194
     -2.657658     26.209288     26.209288     52.418577
     -2.647648     27.717558     27.717558     55.435116
     -2.637638     28.654703     28.654703     57.309406
     -2.627628     29.185548     29.185548     58.371096
     -2.617618     29.626719     29.626719     59.253437
     -2.607608     30.274625     30.274625     60.549250
     -2.597598     31.258894     31.258894     62.517788
     -2.587588     32.495268     32.495268     64.990536
     -2.577578     33.738625     33.738625     67.477250
     -2.567568     34.678540     34.678540     69.357081
     -2.557558     35.017682     35.017682     70.035364
     -2.547548     34.517061     34.517061     69.034121
     -2.537538     33.033933     33.033933     66.067866
     -2.527528     30.578361     30.578361     61.156722
     -2.517518     27.376355     27.376355     54.752711
     -2.507508     23.891010     23.891010     47.782021
     -2.497497     20.755611     20.755611     41.511223
     -2.487487     18.616862     18.616862     37.233724
     -2.477477     17.940977     17.940977     35.881953
     -2.467467     18.863772     18.863772     37.727545
     -2.457457     21.152121     21.152121     42.304242
     -2.447447     24.297409     24.297409     48.594818
     -2.437437     27.704880     27.704880     55.409761
     -2.427427     30.900097     30.900097     61.800195
     -2.417417     33.663555     33.663555     67.327109
     -2.407407     36.033758     36.033758     72.067517
     -2.397397     38.178358     38.178358     76.356715
     -2.387387     40.197023     40.197023     80.394046
     -2.377377     41.957862     41.957862     83.915724
     -2.367367     43.059696     43.059696     86.119392
     -2.357357     42.955155     42.955155     85.910309
     -2.347347     41.188571     41.188571     82.377141
     -2.337337     37.639014     37.639014     75.278028
     -2.327327     32.649815     32.649815     65.299630
     -2.317317     26.980381     26.980381     53.960762
     -2.307307     21.603812     21.603812     43.207624
     -2.297297     17.442846     17.442846     34.885693
     -2.287287     15.149825     15.149825     30.299649
     -2.277277     14.995984     14.995984     29.991968
     -2.267267     16.876059     16.876059     33.752118
     -2.257257     20.392181     20.392181     40.784363
     -2.247247     24.970007     24.970007     49.940015
     -2.237237     29.970456     29.970456     59.940912
     -2.227227     34.776659     34.776659     69.553318
     -2.217217     38.849597     38.849597     77.699194
     -2.207207     41.757454     41.757454     83.514908
     -2.197197     43.193316     43.193316     86.386632
     -2.187187     42.998565     42.998565     85.997130
     -2.177177     41.198647     41.198647     82.397295
     -2.167167     38.035117     38.035117     76.070235
     -2.157157     33.958041     33.958041     67.916082
     -2.147147     29.546913     29.546913     59.093825
     -2.137137     25.363956     25.363956     50.727911
     -2.127127     21.792240     21.792240     43.584480
     -2.117117     18.936008     18.936008     37.872016
     -2.107107     16.637075     16.637075     33.274150
     -2.097097     14.599282     14.599282     29.198564
     -2.087087     12.553506     12.553506     25.107012
     -2.077077     10.378623     10.378623     20.757247
     -2.067067      8.127873      8.127873     16.255745
     -2.057057      5.968144      5.968144     11.936288
     -2.047047      4.082522      4.082522      8.165044
     -2.037037      2.591680      2.591680      5.183360
     -2.027027      1.523942      1.523942      3.047884
     -2.017017      0.830848      0.830848      1.661696
     -2.007007      0.425634      0.425634      0.851268
     -1.996997      0.221758      0.221758      0.443515
     -1.986987      0.159809      0.159809      0.319617
     -1.976977      0.222873      0.222873      0.445746
     -1.966967      0.445709      0.445709      0.891419
     -1.956957      0.921079      0.921079      1.842159
     -1.946947      1.800032      1.800032      3.600064
     -1.936937      3.276547      3.276547      6.553095
     -1.926927      5.545730      5.545730     11.091461
     -1.916917      8.732745      8.732745     17.465490
     -1.906907     12.806611     12.806611     25.613221
     -1.896897     17.511625     17.511625     35.023251
     -1.886887     22.357045     22.357045     44.714089
     -1.876877     26.692338     26.692338     53.384676
     -1.866867     29.861586     29.861586     59.723172
     -1.856857     31.391015     31.391015     62.782030
     -1.846847     31.139516     31.139516     62.279032
     -1.836837     29.348264     29.348264     58.696527
     -1.826827     26.562088     26.562088     53.124176
     -1.816817     23.447006     23.447006     46.894012
     -1.806807     20.572924     20.572924     41.145848
     -1.796797     18.247382     18.247382     36.494764
     -1.786787     16.465257     16.465257     32.930515
     -1.776777     14.987316     14.987316     29.974632
     -1.766767     13.501496     13.501496     27.002991
     -1.756757     11.785833     11.785833     23.571665
     -1.746747      9.800372      9.800372     19.600745
     -1.736737      7.680798      7.680798     15.361596
     -1.726727      5.659828      5.659828     11.319657
     -1.716717      3.972014      3.972014      7.944028
     -1.706707      2.790414      2.790414      5.580829
     -1.696697      2.211373      2.211373      4.422745
     -1.686687      2.270538      2.270538      4.541076
     -1.676677      2.958903      2.958903      5.917806
     -1.666667      4.216762      4.216762      8.433524
     -1.656657      5.907305      5.907305     11.814609
     -1.646647      7.794506      7.794506     15.589012
     -1.636637      9.557336      9.557336     19.114672
     -1.626627     10.857415     10.857415     21.714831
     -1.616617     11.446567     11.446567     22.893134
     -1.606607     11.272441     11.272441     22.544882
     -1.596597     10.533408     10.533408     21.066816
     -1.586587      9.653564      9.653564     19.307127
     -1.576577      9.181987      9.181987     18.363974
     -1.566567      9.646833      9.646833     19.293666
     -1.556557     11.403589     11.403589     22.807178
     -1.546547     14.513182     14.513182     29.026364
     -1.536537     18.680620     18.680620     37.361241
     -1.526527     23.280080     23.280080     46.560160
     -1.516517     27.478084     27.478084     54.956168
     -1.506507     30.435547     30.435547     60.871095
     -1.496496     31.531835     31.531835     63.063670
     -1.486486     30.533608     30.533608     61.067216
     -1.476476     27.646845     27.646845     55.293691
     -1.466466     23.437892     23.437892     46.875784
     -1.456456     18.662937     18.662937     37.325874
     -1.446446     14.075786     14.075786     28.151571
     -1.436436     10.278134     10.278134     20.556268
     -1.426426      7.643587      7.643587     15.287174
     -1.416416      6.308750      6.308750     12.617499
     -1.406406      6.203035      6.203035     12.406071
     -1.396396      7.091615      7.091615     14.183230
     -1.386386      8.624658      8.624658     17.249316
     -1.376376     10.401562     10.401562     20.803125
     -1.366366     12.055339     12.055339     24.110678
     -1.356356     13.340621     13.340621     26.681242
     -1.346346     14.188209     14.188209     28.376418
     -1.336336     14.692691     14.692691     29.385381
     -1.326326     15.032901     15.032901     30.065802
     -1.316316     15.366649     15.366649     30.733298
     -1.306306     15.758190     15.758190     31.516380
     -1.296296     16.172837     16.172837     32.345674
     -1.286286     16.524898     16.524898     33.049797
     -1.276276     16.730997     16.730997     33.461995
     -1.266266     16.727881     16.727881     33.455761
     -1.256256     16.453587     16.453587     32.907175
     -1.246246     15.827023     15.827023     31.654045
     -1.236236     14.761775     14.761775     29.523549
     -1.226226     13.216536     13.216536     26.433072
     -1.216216     11.248083     11.248083     22.496165
     -1.206206      9.025416      9.025416     18.050831
     -1.196196      6.790259      6.790259     13.580517
     -1.186186      4.785953      4.785953      9.571905
     -1.176176      3.195141      3.195141      6.390281
     -1.166166      2.116029      2.116029      4.232057
     -1.156156      1.579472      1.579472      3.158944
     -1.146146      1.585078      1.585078      3.170156
     -1.136136      2.126966      2.126966      4.253933
     -1.126126      3.189551      3.189551      6.379103
     -1.116116      4.713596      4.713596      9.427192
     -1.106106      6.553401      6.553401     13.106802
     -1.096096      8.457643      8.457643     16.915286
     -1.086086     10.100979     10.100979     20.201958
     -1.076076     11.169697     11.169697     22.339394
     -1.066066     11.472555     11.472555     22.945110
     -1.056056     11.026483     11.026483     22.052967
     -1.046046     10.071656     10.071656     20.143312
     -1.036036      9.001029      9.001029     18.002058
     -1.026026      8.228465      8.228465     16.456930
     -1.016016      8.045723      8.045723     16.091446
     -1.006006      8.521261      8.521261     17.042523
     -0.995996      9.476524      9.476524     18.953049
     -0.985986     10.547821     10.547821     21.095642
     -0.975976     11.312417     11.312417     22.624833
     -0.965966     11.433374     11.433374     22.866749
     -0.955956     10.768400     10.768400     21.536800
     -0.945946      9.401575      9.401575     18.803149
     -0.935936      7.590968      7.590968     15.181936
     -0.925926      5.662976      5.662976     11.325952
     -0.915916      3.904406      3.904406      7.808811
     -0.905906      2.495611      2.495611      4.991221
     -0.895896      1.500578      1.500578      3.001157
     -0.885886      0.901672      0.901672      1.803344
     -0.875876      0.652369      0.652369      1.304737
     -0.865866      0.722742      0.722742      1.445485
     -0.855856      1.121950      1.121950      2.243900
     -0.845846      1.891624      1.891624      3.783248
     -0.835836      3.071800      3.071800      6.143599
     -0.825826      4.649376      4.649376      9.298752
     -0.815816      6.509253      6.509253     13.018507
     -0.805806      8.415192      8.415192     16.830385
     -0.795796     10.042227     10.042227     20.084454
     -0.785786     11.060966     11.060966     22.121932
     -0.775776     11.244632     11.244632     22.489264
     -0.765766     10.550792     10.550792     21.101584
     -0.755756      9.137200      9.137200     18.274401
     -0.745746      7.303561      7.303561     14.607121
     -0.735736      5.388592      5.388592     10.777183
     -0.725726      3.670812      3.670812      7.341623
     -0.715716      2.312181      2.312181      4.624362
     -0.705706      1.356187      1.356187      2.712374
     -0.695696      0.765776      0.765776      1.531551
     -0.685686      0.475348      0.475348      0.950696
     -0.675676      0.435223      0.435223      0.870446
     -0.665666      0.637387      0.637387      1.274774
     -0.655656      1.119266      1.119266      2.238532
     -0.645646      1.945257      1.945257      3.890514
     -0.635636      3.167835      3.167835      6.335670
     -0.625626      4.776176      4.776176      9.552352
     -0.615616      6.650558      6.650558     13.301116
     -0.605606      8.548266      8.548266     17.096531
     -0.595596     10.141355     10.141355     20.282711
     -0.585586     11.104605     11.104605     22.209210
     -0.575576     11.222704     11.222704     22.445409
     -0.565566     10.468366     10.468366     20.936731
     -0.555556      9.012538      9.012538     18.025076
     -0.545546      7.161470      7.161470     14.322941
     -0.535536      5.252235      5.252235     10.504470
     -0.525526      3.555273      3.555273      7.110545
     -0.515516      2.221205      2.221205      4.442409
     -0.505506      1.280829      1.280829      2.561657
     -0.495495      0.681680      0.681680      1.363359
     -0.485485      0.334855      0.334855      0.669710
     -0.475475      0.151817      0.151817      0.303633
     -0.465465      0.063529      0.063529      0.127057
     -0.455455      0.024536      0.024536      0.049072
     -0.445445      0.008747      0.008747      0.017493
     -0.435435      0.002878      0.002878      0.005757
     -0.425425      0.000877      0.000877      0.001754
     -0.415415      0.000259      0.000259      0.000517
     -0.405405      0.000121      0.000121      0.000241
     -0.395395      0.000238      0.000238      0.000476
     -0.385385      0.000803      0.000803      0.001605
     -0.375375      0.002648      0.002648      0.005296
     -0.365365      0.008093      0.008093      0.016187
     -0.355355      0.022835      0.022835      0.045671
     -0.345345      0.059469      0.059469      0.118937
     -0.335335      0.142940      0.142940      0.285879
     -0.325325      0.317106      0.317106      0.634213
     -0.315315      0.649297      0.649297      1.298595
     -0.305305      1.227070      1.227070      2.454140
     -0.295295      2.140336      2.140336      4.280672
     -0.285285      3.445731      3.445731      6.891461
     -0.275275      5.119972      5.119972     10.239943
     -0.265265      7.021674      7.021674     14.043348
     -0.255255      8.887930      8.887930     17.775859
     -0.245245     10.383587     10.383587     20.767174
     -0.235235     11.196468     11.196468     22.392937
     -0.225225     11.142985     11.142985     22.285971
     -0.215215     10.235496     10.235496     20.470993
     -0.205205      8.677670      8.677670     17.355339
     -0.195195      6.790225      6.790225     13.580450
     -0.185185      4.904018      4.904018      9.808036
     -0.175175      3.268939      3.268939      6.537878
     -0.165165      2.011168      2.011168      4.022337
     -0.155155      1.142028      1.142028      2.284057
     -0.145145      0.598539      0.598539      1.197077
     -0.135135      0.289530      0.289530      0.579061
     -0.125125      0.129266      0.129266      0.258531
     -0.115115      0.053267      0.053267      0.106534
     -0.105105      0.020259      0.020259      0.040518
     -0.095095      0.007112      0.007112      0.014223
     -0.085085      0.002304      0.002304      0.004608
     -0.075075      0.000689      0.000689      0.001378
     -0.065065      0.000190      0.000190      0.000380
     -0.055055      0.000048      0.000048      0.000097
     -0.045045      0.000011      0.000011      0.000023
     -0.035035      0.000002      0.000002      0.000005
     -0.025025      0.000000      0.000000      0.000001
     -0.015015      0.000000      0.000000      0.000000
     -0.005005      0.000000      0.000000      0.000000
      0.005005      0.000000      0.000000      0.000000
      0.015015      0.000000      0.000000      0.000000
      0.025025      0.000000      0.000000      0.000001
      0.035035      0.000002      0.000002      0.000005
      0.045045      0.000011      0.000011      0.000023
      0.055055      0.000048      0.000048      0.000097
      0.065065      0.000190      0.000190      0.000380
      0.075075      0.000689      0.000689      0.001378
      0.085085      0.002304      0.002304      0.004608
      0.095095      0.007112      0.007112      0.014223
      0.105105      0.020259      0.020259      0.040518
      0.115115      0.053267      0.053267      0.106534
      0.125125      0.129266      0.129266      0.258531
      0.135135      0.289530      0.289530      0.579061
      0.145145      0.598538      0.598538      1.197076
      0.155155      1.142028      1.142028      2.284055
      0.165165      2.011167      2.011167      4.022334
      0.175175      3.268937      3.268937      6.537875
      0.185185      4.904016      4.904016      9.808032
      0.195195      6.790223      6.790223     13.580446
      0.205205      8.677668      8.677668     17.355336
      0.215215     10.235495     10.235495     20.470990
      0.225225     11.142985     11.142985     22.285970
      0.235235     11.196469     11.196469     22.392938
      0.245245     10.383588     10.383588     20.767177
      0.255255      8.887931      8.887931     17.775863
      0.265265      7.021676      7.021676     14.043352
      0.275275      5.119974      5.119974     10.239947
      0.285285      3.445732      3.445732      6.891464
      0.295295      2.140337      2.140337      4.280674
      0.305305      1.227071      1.227071      2.454142
      0.315315      0.649298      0.649298      1.298596
      0.325325      0.317106      0.317106      0.634213
      0.335335      0.142940      0.142940      0.285880
      0.345345      0.059469      0.059469      0.118937
      0.355355      0.022835      0.022835      0.045671
      0.365365      0.008093      0.008093      0.016186
      0.375375      0.002648      0.002648      0.005295
      0.385385      0.000801      0.000801      0.001602
      0.395395      0.000231      0.000231      0.000463
      0.405405      0.000095      0.000095      0.000190
      0.415415      0.000163      0.000163      0.000326
      0.425425      0.000552      0.000552      0.001104
      0.435435      0.001864      0.001864      0.003728
      0.445445      0.005835      0.005835      0.011670
      0.455455      0.016865      0.016865      0.033731
      0.465465      0.044991      0.044991      0.089982
      0.475475      0.110776      0.110776      0.221552
      0.485485      0.251739      0.251739      0.503479
      0.495495      0.528012      0.528012      1.056024
      0.505506      1.022169      1.022169      2.044339
      0.515516      1.826371      1.826371      3.652741
      0.525526      3.011909      3.011909      6.023818
      0.535536      4.584391      4.584391      9.168782
      0.545546      6.440333      6.440333     12.880666
      0.555556      8.350682      8.350682     16.701365
      0.565566      9.993622      9.993622     19.987244
      0.575576     11.038560     11.038560     22.077121
      0.585586     11.253696     11.253696     22.507393
      0.595596     10.589823     10.589823     21.179645
      0.605606      9.199375      9.199375     18.398751
      0.615616      7.381564      7.381564     14.763128
      0.625626      5.482370      5.482370     10.964741
      0.635636      3.798116      3.798116      7.596232
      0.645646      2.522366      2.522366      5.044731
      0.655656      1.747068      1.747068      3.494135
      0.665666      1.499652      1.499652      2.999305
      0.675676      1.783650      1.783650      3.567300
      0.685686      2.594949      2.594949      5.189898
      0.695696      3.903535      3.903535      7.807069
      0.705706      5.612574      5.612574     11.225149
      0.715716      7.523939      7.523939     15.047877
      0.725726      9.342781      9.342781     18.685563
      0.735736     10.738417     10.738417     21.476834
      0.745746     11.448453     11.448453     22.896906
      0.755756     11.383607     11.383607     22.767214
      0.765766     10.681065     10.681065     21.362131
      0.775776      9.673472      9.673472     19.346943
      0.785786      8.779008      8.779008     17.558016
      0.795796      8.354030      8.354030     16.708060
      0.805806      8.565322      8.565322     17.130644
      0.815816      9.330121      9.330121     18.660242
      0.825826     10.345879     10.345879     20.691758
      0.835836     11.198909     11.198909     22.397818
      0.845846     11.511401     11.511401     23.022801
      0.855856     11.070211     11.070211     22.140422
      0.865866      9.887600      9.887600     19.775201
      0.875876      8.174318      8.174318     16.348637
      0.885886      6.245388      6.245388     12.490776
      0.895896      4.406634      4.406634      8.813269
      0.905906      2.870492      2.870492      5.740985
      0.915916      1.726044      1.726044      3.452089
      0.925926      0.958109      0.958109      1.916218
      0.935936      0.491342      0.491342      0.982685
      0.945946      0.234122      0.234122      0.468243
      0.955956      0.107792      0.107792      0.215584
      0.965966      0.059537      0.059537      0.119075
      0.975976      0.064788      0.064788      0.129577
      0.985986      0.126408      0.126408      0.252817
      0.995996      0.274915      0.274915      0.549830
      1.006006      0.569292      0.569292      1.138583
      1.016016      1.093469      1.093469      2.186938
      1.026026      1.941388      1.941388      3.882776
      1.036036      3.186247      3.186247      6.372493
      1.046046      4.838518      4.838518      9.677036
      1.056056      6.809834      6.809834     13.619668
      1.066066      8.907451      8.907451     17.814902
      1.076076     10.876800     10.876800     21.753600
      1.086086     12.485171     12.485171     24.970342
      1.096096     13.609967     13.609967     27.219934
      1.106106     14.282286     14.282286     28.564571
      1.116116     14.656374     14.656374     29.312749
      1.126126     14.920038     14.920038     29.840077
      1.136136     15.200166     15.200166     30.400331
      1.146146     15.520309     15.520309     31.040617
      1.156156     15.828994     15.828994     31.657987
      1.166166     16.066644     16.066644     32.133288
      1.176176     16.215692     16.215692     32.431385
      1.186186     16.300281     16.300281     32.600562
      1.196196     16.348425     16.348425     32.696850
      1.206206     16.359594     16.359594     32.719188
      1.216216     16.309056     16.309056     32.618112
      1.226226     16.180055     16.180055     32.360110
      1.236236     15.985014     15.985014     31.970027
      1.246246     15.746151     15.746151     31.492302
      1.256256     15.446085     15.446085     30.892170
      1.266266     14.992895     14.992895     29.985790
      1.276276     14.239759     14.239759     28.479519
      1.286286     13.059019     13.059019     26.118038
      1.296296     11.428114     11.428114     22.856228
      1.306306      9.474952      9.474952     18.949905
      1.316316      7.458864      7.458864     14.917729
      1.326326      5.705241      5.705241     11.410482
      1.336336      4.534393      4.534393      9.068786
      1.346346      4.214709      4.214709      8.429418
      1.356356      4.940338      4.940338      9.880676
      1.366366      6.811100      6.811100     13.622201
      1.376376      9.795408      9.795408     19.590817
      1.386386     13.682765     13.682765     27.365529
      1.396396     18.059674     18.059674     36.119347
      1.406406     22.347181     22.347181     44.694363
      1.416416     25.910924     25.910924     51.821849
      1.426426     28.211281     28.211281     56.422561
      1.436436     28.932924     28.932924     57.865848
      1.446446     28.041859     28.041859     56.083718
      1.456456     25.757848     25.757848     51.515696
      1.466466     22.471464     22.471464     44.942928
      1.476476     18.650250     18.650250     37.300500
      1.486486     14.764429     14.764429     29.528858
      1.496496     11.238396     11.238396     22.476793
      1.506507      8.419931      8.419931     16.839863
      1.516517      6.558816      6.558816     13.117631
      1.526527      5.791632      5.791632     11.583264
      1.536537      6.132355      6.132355     12.264710
      1.546547      7.469818      7.469818     14.939637
      1.556557      9.576559      9.576559     19.153118
      1.566567     12.136803     12.136803     24.273607
      1.576577     14.798212     14.798212     29.596424
      1.586587     17.240846     17.240846     34.481692
      1.596597     19.245092     19.245092     38.490184
      1.606607     20.737533     20.737533     41.475067
      1.616617     21.801567     21.801567     43.603133
      1.626627     22.650277     22.650277     45.300553
      1.636637     23.565580     23.565580     47.131159
      1.646647     24.811823     24.811823     49.623645
      1.656657     26.540868     26.540868     53.081735
      1.666667     28.719150     28.719150     57.438300
      1.676677     31.113460     31.113460     62.226919
      1.686687     33.357129     33.357129     66.714259
      1.696697     35.080957     35.080957     70.161915
      1.706707     36.052028     36.052028     72.104057
      1.716717     36.247205     36.247205     72.494410
      1.726727     35.815761     35.815761     71.631523
      1.736737     34.949506     34.949506     69.899011
      1.746747     33.741498     33.741498     67.482996
      1.756757     32.130309     32.130309     64.260619
      1.766767     29.976471     29.976471     59.952941
      1.776777     27.229664     27.229664     54.459328
      1.786787     24.079375     24.079375     48.158750
      1.796797     20.984773     20.984773     41.969546
      1.806807     18.548776     18.548776     37.097551
      1.816817     17.289389     17.289389     34.578779
      1.826827     17.415597     17.415597     34.831195
      1.836837     18.711910     18.711910     37.423821
      1.846847     20.586229     20.586229     41.172459
      1.856857     22.267060     22.267060     44.534120
      1.866867     23.074886     23.074886     46.149772
      1.876877     22.659982     22.659982     45.319965
      1.886887     21.109867     21.109867     42.219735
      1.896897     18.883964     18.883964     37.767928
      1.906907     16.609248     16.609248     33.218496
      1.916917     14.832031     14.832031     29.664062
      1.926927     13.836505     13.836505     27.673011
      1.936937     13.603316     13.603316     27.206632
      1.946947     13.911016     13.911016     27.822032
      1.956957     14.514128     14.514128     29.028257
      1.966967     15.296283     15.296283     30.592566
      1.976977     16.313228     16.313228     32.626455
      1.986987     17.702963     17.702963     35.405925
      1.996997     19.518872     19.518872     39.037743
      2.007007     21.592800     21.592800     43.185599
      2.017017     23.524344     23.524344     47.048689
      2.027027     24.820020     24.820020     49.640039
      2.037037     25.112047     25.112047     50.224094
      2.047047     24.331291     24.331291     48.662582
      2.057057     22.731586     22.731586     45.463172
      2.067067     20.751710     20.751710     41.503419
      2.077077     18.798897     18.798897     37.597795
      2.087087     17.080178     17.080178     34.160357
      2.097097     15.570218     15.570218     31.140436
      2.107107     14.116765     14.116765     28.233530
      2.117117     12.606952     12.606952     25.213904
      2.127127     11.095379     11.095379     22.190758
      2.137137      9.831330      9.831330     19.662660
      2.147147      9.184192      9.184192     18.368383
      2.157157      9.512643      9.512643     19.025286
      2.167167     11.034849     11.034849     22.069697
      2.177177     13.740923     13.740923     27.481846
      2.187187     17.364964     17.364964     34.729928
      2.197197     21.416382     21.416382     42.832763
      2.207207     25.261454     25.261454     50.522908
      2.217217     28.240973     28.240973     56.481947
      2.227227     29.803799     29.803799     59.607598
      2.237237     29.628554     29.628554     59.257109
      2.247247     27.700899     27.700899     55.401797
      2.257257     24.318653     24.318653     48.637305
      2.267267     20.016206     20.016206     40.032413
      2.277277     15.429100     15.429100     30.858200
      2.287287     11.145499     11.145499     22.290998
      2.297297      7.597557      7.597557     15.195114
      2.307307      5.026625      5.026625     10.053250
      2.317317      3.521850      3.521850      7.043699
      2.327327      3.100486      3.100486      6.200973
      2.337337      3.784603      3.784603      7.569205
      2.347347      5.635629      5.635629     11.271258
      2.357357      8.728730      8.728730     17.457461
      2.367367     13.074080     13.074080     26.148159
      2.377377     18.514594     18.514594     37.029188
      2.387387     24.644144     24.644144     49.288289
      2.397397     30.791617     30.791617     61.583234
      2.407407     36.100431     36.100431     72.200861
      2.417417     39.700564     39.700564     79.401129
      2.427427     40.929414     40.929414     81.858827
      2.437437     39.526329     39.526329     79.052658
      2.447447     35.722976     35.722976     71.445952
      2.457457     30.186688     30.186688     60.373375
      2.467467     23.834616     23.834616     47.669232
      2.477477     17.592253     17.592253     35.184506
      2.487487     12.189769     12.189769     24.379538
      2.497497      8.063367      8.063367     16.126734
      2.507508      5.373702      5.373702     10.747404
      2.517518      4.101411      4.101411      8.202821
      2.527528      4.155987      4.155987      8.311973
      2.537538      5.444064      5.444064     10.888129
      2.547548      7.874577      7.874577     15.749154
      2.557558     11.312952     11.312952     22.625905
      2.567568     15.520033     15.520033     31.040067
      2.577578     20.116866     20.116866     40.233733
      2.587588     24.604493     24.604493     49.208986
      2.597598     28.444361     28.444361     56.888723
      2.607608     31.178681     31.178681     62.357361
      2.617618     32.550154     32.550154     65.100307
      2.627628     32.575167     32.575167     65.150334
      2.637638     31.538745     31.538745     63.077490
      2.647648     29.911033     29.911033     59.822067
      2.657658     28.220284     28.220284     56.440567
      2.667668     26.935735     26.935735     53.871469
      2.677678     26.401848     26.401848     52.803697
      2.687688     26.829768     26.829768     53.659537
      2.697698     28.317106     28.317106     56.634212
      2.707708     30.856862     30.856862     61.713723
      2.717718     34.315013     34.315013     68.630027
      2.727728     38.388857     38.388857     76.777714
      2.737738     42.583747     42.583747     85.167495
      2.747748     46.250639     46.250639     92.501278
      2.757758     48.706566     48.706566     97.413132
      2.767768     49.419275     49.419275     98.838549
      2.777778     48.191537     48.191537     96.383074
      2.787788     45.257463     45.257463     90.514926
      2.797798     41.226856     41.226856     82.453712
      2.807808     36.882533     36.882533     73.765065
      2.817818     32.913146     32.913146     65.826291
      2.827828     29.700952     29.700952     59.401904
      2.837838     27.254948     27.254948     54.509896
      2.847848     25.303913     25.303913     50.607826
      2.857858     23.488242     23.488242     46.976483
      2.867868     21.553827     21.553827     43.107654
      2.877878     19.464946     19.464946     38.929893
      2.887888     17.399104     17.399104     34.798209
      2.897898     15.640294     15.640294     31.280587
      2.907908     14.428478     14.428478     28.856956
      2.917918     13.839258     13.839258     27.678516
      2.927928     13.751528     13.751528     27.503055
      2.937938     13.916103     13.916103     27.832206
      2.947948     14.084116     14.084116     28.168232
      2.957958     14.120241     14.120241     28.240481
      2.967968     14.035340     14.035340     28.070679
      2.977978     13.923439     13.923439     27.846878
      2.987988     13.848614     13.848614     27.697228
      2.997998     13.758636     13.758636     27.517271
      3.008008     13.482907     13.482907     26.965815
      3.018018     12.815923     12.815923     25.631846
      3.028028     11.633187     11.633187     23.266373
      3.038038      9.970136      9.970136     19.940272
      3.048048      8.023507      8.023507     16.047015
      3.058058      6.084422      6.084422     12.168844
      3.068068      4.447961      4.447961      8.895923
      3.078078      3.344902      3.344902      6.689804
      3.088088      2.914169      2.914169      5.828338
      3.098098      3.203630      3.203630      6.407261
      3.108108      4.174129      4.174129      8.348257
      3.118118      5.693058      5.693058     11.386116
      3.128128      7.527611      7.527611     15.055221
      3.138138      9.364032      9.364032     18.728064
      3.148148     10.873085     10.873085     21.746170
      3.158158     11.813964     11.813964     23.627928
      3.168168     12.136316     12.136316     24.272632
      3.178178     12.026199     12.026199     24.052399
      3.188188     11.859682     11.859682     23.719364
      3.198198     12.069857     12.069857     24.139714
      3.208208     12.975903     12.975903     25.951805
      3.218218     14.643110     14.643110     29.286221
      3.228228     16.831454     16.831454     33.662907
      3.238238     19.054666     19.054666     38.109333
      3.248248     20.728795     20.728795     41.457591
      3.258258     21.355810     21.355810     42.711621
      3.268268     20.676012     20.676012     41.352024
      3.278278     18.736655     18.736655     37.473309
      3.288288     15.858064     15.858064     31.716127
      3.298298     12.518589     12.518589     25.037178
      3.308308      9.208548      9.208548     18.417097
      3.318318      6.308545      6.308545     12.617089
      3.328328      4.028926      4.028926      8.057851
      3.338338      2.416581      2.416581      4.833162
      3.348348      1.408999      1.408999      2.817998
      3.358358      0.904258      0.904258      1.808516
      3.368368      0.819420      0.819420      1.638840
      3.378378      1.121001      1.121001      2.242002
      3.388388      1.822064      1.822064      3.644129
      3.398398      2.948727      2.948727      5.897453
      3.408408      4.487005      4.487005      8.974009
      3.418418      6.330607      6.330607     12.661215
      3.428428      8.257442      8.257442     16.514884
      3.438438      9.958566      9.958566     19.917132
      3.448448     11.122838     11.122838     22.245677
      3.458458     11.550082     11.550082     23.100163
      3.468468     11.242848     11.242848     22.485696
      3.478478     10.428972     10.428972     20.857943
      3.488488      9.496505      9.496505     18.993011
      3.498498      8.863733      8.863733     17.727465
      3.508509      8.837078      8.837078     17.674156
      3.518519      9.514322      9.514322     19.028645
      3.528529     10.769691     10.769691     21.539382
      3.538539     12.321757     12.321757     24.643514
      3.548549     13.849270     13.849270     27.698540
      3.558559     15.099267     15.099267     30.198535
      3.568569     15.938238     15.938238     31.876477
      3.578579     16.331326     16.331326     32.662652
      3.588589     16.278587     16.278587     32.557173
      3.598599     15.762099     15.762099     31.524198
      3.608609     14.744260     14.744260     29.488519
      3.618619     13.215279     13.215279     26.430557
      3.628629     11.249283     11.249283     22.498565
      3.638639      9.022743      9.022743     18.045486
      3.648649      6.777928      6.777928     13.555855
      3.658659      4.752689      4.752689      9.505379
      3.668669      3.117337      3.117337      6.234673
      3.678679      1.949714      1.949714      3.899429
      3.688689      1.253343      1.253343      2.506686
      3.698699      1.000272      1.000272      2.000544
      3.708709      1.171725      1.171725      2.343451
      3.718719      1.774824      1.774824      3.549649
      3.728729      2.826207      2.826207      5.652414
      3.738739      4.308197      4.308197      8.616393
      3.748749      6.117486      6.117486     12.234973
      3.758759      8.035591      8.035591     16.071182
      3.768769      9.747387      9.747387     19.494775
      3.778779     10.914492     10.914492     21.828983
      3.788789     11.280277     11.280277     22.560553
      3.798799     10.760347     10.760347     21.520693
      3.808809      9.473718      9.473718     18.947436
      3.818819      7.698422      7.698422     15.396844
      3.828829      5.773909      5.773909     11.547817
      3.838839      3.996918      3.996918      7.993835
      3.848849      2.553696      2.553696      5.107392
      3.858859      1.505958      1.505958      3.011916
      3.868869      0.819852      0.819852      1.639703
      3.878879      0.412570      0.412570      0.825140
      3.888889      0.193670      0.193670      0.387340
      3.898899      0.090144      0.090144      0.180289
      3.908909      0.056064      0.056064      0.112128
      3.918919      0.073635      0.073635      0.147270
      3.928929      0.152532      0.152532      0.305064
      3.938939      0.330865      0.330865      0.661731
      3.948949      0.676432      0.676432      1.352865
      3.958959      1.282943      1.282943      2.565886
      3.968969      2.254677      2.254677      4.509355
      3.978979      3.676814      3.676814      7.353629
      3.988989      5.577842      5.577842     11.155683
      3.998999      7.900864      7.900864     15.801727
      4.009009     10.503714     10.503714     21.007428
      4.019019     13.196323     13.196323     26.392646
      4.029029     15.800376     15.800376     31.600752
      4.039039     18.196270     18.196270     36.392539
      4.049049     20.324439     20.324439     40.648877
      4.059059     22.137268     22.137268     44.274535
      4.069069     23.536476     23.536476     47.072951
      4.079079     24.349189     24.349189     48.698377
      4.089089     24.376024     24.376024     48.752049
      4.099099     23.496822     23.496822     46.993644
      4.109109     21.776404     21.776404     43.552808
      4.119119     19.503919     19.503919     39.007837
      4.129129     17.131421     17.131421     34.262843
      4.139139     15.131001     15.131001     30.262003
      4.149149     13.834193     13.834193     27.668385
      4.159159     13.328852     13.328852     26.657705
      4.169169     13.461434     13.461434     26.922868
      4.179179     13.940244     13.940244     27.880488
      4.189189     14.484427     14.484427     28.968854
      4.199199     14.941868     14.941868     29.883736
      4.209209     15.320660     15.320660     30.641321
      4.219219     15.731847     15.731847     31.463693
      4.229229     16.292641     16.292641     32.585282
      4.239239     17.055429     17.055429     34.110858
      4.249249     17.999388     17.999388     35.998776
      4.259259     19.072322     19.072322     38.144645
      4.269269     20.238062     20.238062     40.476124
      4.279279     21.490487     21.490487     42.980973
      4.289289     22.827829     22.827829     45.655659
      4.299299     24.210696     24.210696     48.421392
      4.309309     25.533982     25.533982     51.067965
      4.319319     26.629923     26.629923     53.259846
      4.329329     27.303624     27.303624     54.607248
      4.339339     27.393555     27.393555     54.787109
      4.349349     26.843459     26.843459     53.686919
      4.359359     25.761960     25.761960     51.523919
      4.369369     24.435650     24.435650     48.871300
      4.379379     23.265764     23.265764     46.531528
      4.389389     22.628172     22.628172     45.256344
      4.399399     22.702990     22.702990     45.405980
      4.409409     23.354929     23.354929     46.709859
      4.419419     24.138769     24.138769     48.277539
      4.429429     24.448878     24.448878     48.897757
      4.439439     23.754571     23.754571     47.509143
      4.449449     21.811821     21.811821     43.623643
      4.459459     18.751518     18.751518     37.503036
      4.469469     15.010942     15.010942     30.021885
      4.479479     11.156273     11.156273     22.312546
      4.489489      7.690238      7.690238     15.380476
      4.499499      4.928605      4.928605      9.857209
      4.509510      2.978812      2.978812      5.957625
      4.519520      1.800869      1.800869      3.601738
      4.529530      1.302906      1.302906      2.605813
      4.539540      1.425718      1.425718      2.851437
      4.549550      2.188246      2.188246      4.376493
      4.559560      3.684030      3.684030      7.368059
      4.569570      6.031567      6.031567     12.063133
      4.579580      9.292672      9.292672     18.585344
      4.589590     13.385443     13.385443     26.770887
      4.599600     18.028409     18.028409     36.056818
      4.609610     22.750035     22.750035     45.500070
      4.619620     26.976562     26.976562     53.953124
      4.629630     30.176601     30.176601     60.353202
      4.639640     32.010377     32.010377     64.020754
      4.649650     32.423417     32.423417     64.846834
      4.659660     31.645749     31.645749     63.291497
      4.669670     30.098225     30.098225     60.196450
      4.679680     28.246548     28.246548     56.493096
      4.689690     26.461492     26.461492     52.922984
      4.699700     24.933553     24.933553     49.867106
      4.709710     23.660559     23.660559     47.321119
      4.719720     22.496265     22.496265     44.992530
      4.729730     21.232190     21.232190     42.464380
      4.739740     19.686041     19.686041     39.372083
      4.749750     17.777647     17.777647     35.555293
      4.759760     15.577208     15.577208     31.154415
      4.769770     13.311325     13.311325     26.622651
      4.779780     11.318352     11.318352     22.636704
      4.789790      9.961015      9.961015     19.922029
      4.799800      9.524316      9.524316     19.048631
      4.809810     10.137142     10.137142     20.274284
      4.819820     11.747943     11.747943     23.495886
      4.829830     14.160275     14.160275     28.320549
      4.839840     17.105205     17.105205     34.210411
      4.849850     20.311153     20.311153     40.622307
      4.859860     23.539675     23.539675     47.079350
      4.869870     26.584804     26.584804     53.169609
      4.879880     29.262377     29.262377     58.524755
      4.889890     31.418727     31.418727     62.837454
      4.899900     32.960077     32.960077     65.920155
      4.909910     33.871207     33.871207     67.742415
      4.919920     34.190973     34.190973     68.381947
      4.929930     33.951323     33.951323     67.902646
      4.939940     33.130567     33.130567     66.261133
      4.949950     31.673044     31.673044     63.346087
      4.959960     29.574797     29.574797     59.149594
      4.969970     26.971080     26.971080     53.942160
      4.979980     24.145859     24.145859     48.291717
      4.989990     21.435839     21.435839     42.871678
      5.000000     19.081822     19.081822     38.163644
