# EIG2DOS: Utility for SIESTA to obtain the electronic density of states
#  E. Artacho, Apr 1999, A. Garcia, Apr 2012
#  Nick R. Papior, Feb 2017
# ------------------------------------------
# Eigenvalues calculated from a non-polarized calculation
# Eigenvalues read from siesta.EIG
# Kpoint weights read from siesta.KP
# Using smearing parameter:   0.0500
# Using 1000 points in the energy range
# Selected bands: 1 to: 2981
# Emin, Emax in file for selected band(s):    -27.2519382    218.3848170
# Nbands, Nspin, Nk   =   2981     1     1
# E_F                 =    -4.2150 eV --> (shifted to ZERO)
# Broadening          =     0.0500 eV
#
#        E            N(up)  (=)   N(down)         Ntot
     -5.000000     33.861270     33.861270     67.722541
     -4.989990     38.292660     38.292660     76.585320
     -4.979980     42.117285     42.117285     84.234570
     -4.969970     44.699302     44.699302     89.398604
     -4.959960     45.579291     45.579291     91.158583
     -4.949950     44.626718     44.626718     89.253437
     -4.939940     42.091348     42.091348     84.182695
     -4.929930     38.549553     38.549553     77.099106
     -4.919920     34.785768     34.785768     69.571535
     -4.909910     31.656938     31.656938     63.313877
     -4.899900     29.961041     29.961041     59.922083
     -4.889890     30.300189     30.300189     60.600378
     -4.879880     32.928929     32.928929     65.857858
     -4.869870     37.615940     37.615940     75.231880
     -4.859860     43.591345     43.591345     87.182689
     -4.849850     49.655494     49.655494     99.310988
     -4.839840     54.465782     54.465782    108.931565
     -4.829830     56.921939     56.921939    113.843878
     -4.819820     56.498722     56.498722    112.997444
     -4.809810     53.381417     53.381417    106.762834
     -4.799800     48.348523     48.348523     96.697045
     -4.789790     42.466527     42.466527     84.933054
     -4.779780     36.741804     36.741804     73.483609
     -4.769770     31.871628     31.871628     63.743255
     -4.759760     28.163517     28.163517     56.327035
     -4.749750     25.603068     25.603068     51.206135
     -4.739740     23.995794     23.995794     47.991587
     -4.729730     23.104398     23.104398     46.208795
     -4.719720     22.732133     22.732133     45.464267
     -4.709710     22.740239     22.740239     45.480479
     -4.699700     23.017629     23.017629     46.035258
     -4.689690     23.439287     23.439287     46.878574
     -4.679680     23.852760     23.852760     47.705521
     -4.669670     24.116599     24.116599     48.233197
     -4.659660     24.183870     24.183870     48.367741
     -4.649650     24.190756     24.190756     48.381513
     -4.639640     24.492086     24.492086     48.984172
     -4.629630     25.595696     25.595696     51.191392
     -4.619620     27.987988     27.987988     55.975977
     -4.609610     31.901343     31.901343     63.802686
     -4.599600     37.122780     37.122780     74.245560
     -4.589590     42.950405     42.950405     85.900809
     -4.579580     48.353047     48.353047     96.706094
     -4.569570     52.295420     52.295420    104.590839
     -4.559560     54.103152     54.103152    108.206304
     -4.549550     53.710332     53.710332    107.420664
     -4.539540     51.678299     51.678299    103.356599
     -4.529530     48.975600     48.975600     97.951200
     -4.519520     46.613084     46.613084     93.226168
     -4.509510     45.285170     45.285170     90.570340
     -4.499499     45.156144     45.156144     90.312288
     -4.489489     45.860677     45.860677     91.721354
     -4.479479     46.695767     46.695767     93.391534
     -4.469469     46.907983     46.907983     93.815965
     -4.459459     45.954850     45.954850     91.909700
     -4.449449     43.648626     43.648626     87.297251
     -4.439439     40.155532     40.155532     80.311065
     -4.429429     35.889348     35.889348     71.778696
     -4.419419     31.372490     31.372490     62.744979
     -4.409409     27.126951     27.126951     54.253901
     -4.399399     23.614879     23.614879     47.229759
     -4.389389     21.206530     21.206530     42.413059
     -4.379379     20.141794     20.141794     40.283589
     -4.369369     20.476259     20.476259     40.952517
     -4.359359     22.040236     22.040236     44.080472
     -4.349349     24.455420     24.455420     48.910841
     -4.339339     27.231447     27.231447     54.462894
     -4.329329     29.917727     29.917727     59.835454
     -4.319319     32.247689     32.247689     64.495377
     -4.309309     34.209376     34.209376     68.418752
     -4.299299     36.008836     36.008836     72.017672
     -4.289289     37.939380     37.939380     75.878760
     -4.279279     40.206553     40.206553     80.413105
     -4.269269     42.774709     42.774709     85.549419
     -4.259259     45.297996     45.297996     90.595991
     -4.249249     47.177938     47.177938     94.355875
     -4.239239     47.749114     47.749114     95.498229
     -4.229229     46.537601     46.537601     93.075203
     -4.219219     43.487374     43.487374     86.974748
     -4.209209     39.043321     39.043321     78.086642
     -4.199199     34.035252     34.035252     68.070503
     -4.189189     29.403669     29.403669     58.807339
     -4.179179     25.889874     25.889874     51.779747
     -4.169169     23.829386     23.829386     47.658772
     -4.159159     23.130107     23.130107     46.260214
     -4.149149     23.422267     23.422267     46.844533
     -4.139139     24.289841     24.289841     48.579681
     -4.129129     25.467130     25.467130     50.934261
     -4.119119     26.911761     26.911761     53.823522
     -4.109109     28.727252     28.727252     57.454504
     -4.099099     30.979839     30.979839     61.959678
     -4.089089     33.510180     33.510180     67.020360
     -4.079079     35.854760     35.854760     71.709520
     -4.069069     37.346431     37.346431     74.692863
     -4.059059     37.369550     37.369550     74.739100
     -4.049049     35.650664     35.650664     71.301328
     -4.039039     32.432085     32.432085     64.864169
     -4.029029     28.432042     28.432042     56.864083
     -4.019019     24.610139     24.610139     49.220277
     -4.009009     21.857679     21.857679     43.715358
     -3.998999     20.757599     20.757599     41.515198
     -3.988989     21.500838     21.500838     43.001675
     -3.978979     23.951574     23.951574     47.903147
     -3.968969     27.785151     27.785151     55.570302
     -3.958959     32.614757     32.614757     65.229513
     -3.948949     38.065360     38.065360     76.130720
     -3.938939     43.804306     43.804306     87.608612
     -3.928929     49.558348     49.558348     99.116696
     -3.918919     55.129120     55.129120    110.258241
     -3.908909     60.389242     60.389242    120.778483
     -3.898899     65.234027     65.234027    130.468055
     -3.888889     69.491423     69.491423    138.982846
     -3.878879     72.834504     72.834504    145.669007
     -3.868869     74.761371     74.761371    149.522743
     -3.858859     74.685672     74.685672    149.371344
     -3.848849     72.125923     72.125923    144.251847
     -3.838839     66.924522     66.924522    133.849043
     -3.828829     59.400379     59.400379    118.800759
     -3.818819     50.358616     50.358616    100.717232
     -3.808809     40.937922     40.937922     81.875844
     -3.798799     32.343069     32.343069     64.686139
     -3.788789     25.554335     25.554335     51.108670
     -3.778779     21.108721     21.108721     42.217442
     -3.768769     19.013954     19.013954     38.027908
     -3.758759     18.806595     18.806595     37.613190
     -3.748749     19.723160     19.723160     39.446320
     -3.738739     20.929918     20.929918     41.859835
     -3.728729     21.751983     21.751983     43.503966
     -3.718719     21.848762     21.848762     43.697525
     -3.708709     21.295330     21.295330     42.590660
     -3.698699     20.547013     20.547013     41.094026
     -3.688689     20.288770     20.288770     40.577541
     -3.678679     21.201738     21.201738     42.403475
     -3.668669     23.710958     23.710958     47.421915
     -3.658659     27.797867     27.797867     55.595734
     -3.648649     32.952527     32.952527     65.905054
     -3.638639     38.295885     38.295885     76.591770
     -3.628629     42.833715     42.833715     85.667430
     -3.618619     45.744588     45.744588     91.489176
     -3.608609     46.590385     46.590385     93.180769
     -3.598599     45.380735     45.380735     90.761470
     -3.588589     42.495597     42.495597     84.991195
     -3.578579     38.526524     38.526524     77.053047
     -3.568569     34.107320     34.107320     68.214640
     -3.558559     29.777943     29.777943     59.555885
     -3.548549     25.895125     25.895125     51.790251
     -3.538539     22.593089     22.593089     45.186178
     -3.528529     19.801507     19.801507     39.603013
     -3.518519     17.323267     17.323267     34.646535
     -3.508509     14.951949     14.951949     29.903898
     -3.498498     12.583868     12.583868     25.167735
     -3.488488     10.276425     10.276425     20.552850
     -3.478478      8.230304      8.230304     16.460608
     -3.468468      6.710321      6.710321     13.420641
     -3.458458      5.943343      5.943343     11.886686
     -3.448448      6.031546      6.031546     12.063093
     -3.438438      6.905128      6.905128     13.810256
     -3.428428      8.325687      8.325687     16.651373
     -3.418418      9.943976      9.943976     19.887952
     -3.408408     11.405767     11.405767     22.811534
     -3.398398     12.481012     12.481012     24.962025
     -3.388388     13.171794     13.171794     26.343587
     -3.378378     13.750686     13.750686     27.501371
     -3.368368     14.703220     14.703220     29.406440
     -3.358358     16.586471     16.586471     33.172942
     -3.348348     19.847558     19.847558     39.695117
     -3.338338     24.654371     24.654371     49.308742
     -3.328328     30.779763     30.779763     61.559525
     -3.318318     37.567445     37.567445     75.134890
     -3.308308     44.002495     44.002495     88.004990
     -3.298298     48.900446     48.900446     97.800891
     -3.288288     51.196206     51.196206    102.392412
     -3.278278     50.258035     50.258035    100.516069
     -3.268268     46.107462     46.107462     92.214924
     -3.258258     39.439168     39.439168     78.878336
     -3.248248     31.417188     31.417188     62.834377
     -3.238238     23.331725     23.331725     46.663450
     -3.228228     16.264338     16.264338     32.528676
     -3.218218     10.887785     10.887785     21.775569
     -3.208208      7.440750      7.440750     14.881500
     -3.198198      5.828662      5.828662     11.657324
     -3.188188      5.763035      5.763035     11.526069
     -3.178178      6.873339      6.873339     13.746679
     -3.168168      8.776414      8.776414     17.552828
     -3.158158     11.126183     11.126183     22.252366
     -3.148148     13.666671     13.666671     27.333342
     -3.138138     16.281335     16.281335     32.562670
     -3.128128     19.002464     19.002464     38.004928
     -3.118118     21.946976     21.946976     43.893953
     -3.108108     25.185925     25.185925     50.371850
     -3.098098     28.608379     28.608379     57.216758
     -3.088088     31.863804     31.863804     63.727608
     -3.078078     34.434855     34.434855     68.869711
     -3.068068     35.818316     35.818316     71.636633
     -3.058058     35.723076     35.723076     71.446152
     -3.048048     34.178830     34.178830     68.357661
     -3.038038     31.500924     31.500924     63.001849
     -3.028028     28.142312     28.142312     56.284623
     -3.018018     24.526076     24.526076     49.052153
     -3.008008     20.951552     20.951552     41.903104
     -2.997998     17.609192     17.609192     35.218383
     -2.987988     14.668047     14.668047     29.336094
     -2.977978     12.362276     12.362276     24.724553
     -2.967968     11.015919     11.015919     22.031837
     -2.957958     10.988407     10.988407     21.976814
     -2.947948     12.564169     12.564169     25.128338
     -2.937938     15.829415     15.829415     31.658830
     -2.927928     20.580156     20.580156     41.160312
     -2.917918     26.297652     26.297652     52.595304
     -2.907908     32.213869     32.213869     64.427739
     -2.897898     37.465874     37.465874     74.931748
     -2.887888     41.304222     41.304222     82.608444
     -2.877878     43.288672     43.288672     86.577344
     -2.867868     43.395211     43.395211     86.790422
     -2.857858     41.984909     41.984909     83.969817
     -2.847848     39.641517     39.641517     79.283034
     -2.837838     36.945142     36.945142     73.890284
     -2.827828     34.281016     34.281016     68.562032
     -2.817818     31.765320     31.765320     63.530641
     -2.807808     29.310266     29.310266     58.620533
     -2.797798     26.779438     26.779438     53.558876
     -2.787788     24.140855     24.140855     48.281710
     -2.777778     21.533587     21.533587     43.067174
     -2.767768     19.218593     19.218593     38.437186
     -2.757758     17.453513     17.453513     34.907026
     -2.747748     16.373836     16.373836     32.747671
     -2.737738     15.953925     15.953925     31.907850
     -2.727728     16.066408     16.066408     32.132815
     -2.717718     16.591896     16.591896     33.183791
     -2.707708     17.496820     17.496820     34.993641
     -2.697698     18.820114     18.820114     37.640229
     -2.687688     20.576672     20.576672     41.153345
     -2.677678     22.651143     22.651143     45.302287
     -2.667668     24.770984     24.770984     49.541969
     -2.657658     26.597111     26.597111     53.194221
     -2.647648     27.886432     27.886432     55.772863
     -2.637638     28.623411     28.623411     57.246822
     -2.627628     29.031542     29.031542     58.063084
     -2.617618     29.452740     29.452740     58.905480
     -2.607608     30.167694     30.167694     60.335388
     -2.597598     31.261737     31.261737     62.523474
     -2.587588     32.599803     32.599803     65.199606
     -2.577578     33.897391     33.897391     67.794783
     -2.567568     34.823113     34.823113     69.646226
     -2.557558     35.076037     35.076037     70.152075
     -2.547548     34.428905     34.428905     68.857809
     -2.537538     32.766265     32.766265     65.532530
     -2.527528     30.140239     30.140239     60.280479
     -2.517518     26.826346     26.826346     53.652691
     -2.507508     23.329704     23.329704     46.659409
     -2.497497     20.301266     20.301266     40.602532
     -2.487487     18.370993     18.370993     36.741986
     -2.477477     17.956630     17.956630     35.913260
     -2.467467     19.128689     19.128689     38.257377
     -2.457457     21.592965     21.592965     43.185931
     -2.447447     24.802989     24.802989     49.605978
     -2.437437     28.159451     28.159451     56.318902
     -2.427427     31.214805     31.214805     62.429611
     -2.417417     33.795727     33.795727     67.591454
     -2.407407     35.989071     35.989071     71.978141
     -2.397397     37.997467     37.997467     75.994935
     -2.387387     39.933345     39.933345     79.866690
     -2.377377     41.655387     41.655387     83.310774
     -2.367367     42.739003     42.739003     85.478006
     -2.357357     42.612421     42.612421     85.224842
     -2.347347     40.806965     40.806965     81.613930
     -2.337337     37.206149     37.206149     74.412299
     -2.327327     32.171951     32.171951     64.343903
     -2.317317     26.486214     26.486214     52.972428
     -2.307307     21.137018     21.137018     42.274036
     -2.297297     17.048896     17.048896     34.097791
     -2.287287     14.864615     14.864615     29.729231
     -2.277277     14.840795     14.840795     29.681590
     -2.267267     16.858179     16.858179     33.716359
     -2.257257     20.507352     20.507352     41.014704
     -2.247247     25.203292     25.203292     50.406585
     -2.237237     30.295097     30.295097     60.590193
     -2.227227     35.153179     35.153179     70.306358
     -2.217217     39.228040     39.228040     78.456079
     -2.207207     42.084164     42.084164     84.168329
     -2.197197     43.421338     43.421338     86.842676
     -2.187187     43.098794     43.098794     86.197588
     -2.177177     41.167905     41.167905     82.335810
     -2.167167     37.897527     37.897527     75.795054
     -2.157157     33.757781     33.757781     67.515562
     -2.147147     29.333624     29.333624     58.667247
     -2.137137     25.175857     25.175857     50.351715
     -2.127127     21.644093     21.644093     43.288187
     -2.117117     18.817550     18.817550     37.635100
     -2.107107     16.522519     16.522519     33.045038
     -2.097097     14.462733     14.462733     28.925465
     -2.087087     12.382285     12.382285     24.764570
     -2.077077     10.178398     10.178398     20.356796
     -2.067067      7.918699      7.918699     15.837399
     -2.057057      5.775671      5.775671     11.551341
     -2.047047      3.930800      3.930800      7.861601
     -2.037037      2.502929      2.502929      5.005858
     -2.027027      1.527828      1.527828      3.055656
     -2.017017      0.983158      0.983158      1.966315
     -2.007007      0.833729      0.833729      1.667458
     -1.996997      1.070509      1.070509      2.141018
     -1.986987      1.725996      1.725996      3.451993
     -1.976977      2.860313      2.860313      5.720626
     -1.966967      4.523333      4.523333      9.046667
     -1.956957      6.708085      6.708085     13.416170
     -1.946947      9.317214      9.317214     18.634428
     -1.936937     12.162145     12.162145     24.324290
     -1.926927     15.000423     15.000423     30.000845
     -1.916917     17.595980     17.595980     35.191959
     -1.906907     19.772876     19.772876     39.545752
     -1.896897     21.436846     21.436846     42.873692
     -1.886887     22.559580     22.559580     45.119159
     -1.876877     23.143982     23.143982     46.287963
     -1.866867     23.198616     23.198616     46.397231
     -1.856857     22.740277     22.740277     45.480554
     -1.846847     21.822039     21.822039     43.644078
     -1.836837     20.563536     20.563536     41.127072
     -1.826827     19.153010     19.153010     38.306020
     -1.816817     17.803160     17.803160     35.606321
     -1.806807     16.671561     16.671561     33.343122
     -1.796797     15.785575     15.785575     31.571149
     -1.786787     15.019803     15.019803     30.039607
     -1.776777     14.149759     14.149759     28.299518
     -1.766767     12.960526     12.960526     25.921052
     -1.756757     11.353981     11.353981     22.707962
     -1.746747      9.398443      9.398443     18.796887
     -1.736737      7.300468      7.300468     14.600936
     -1.726727      5.323842      5.323842     10.647683
     -1.716717      3.705068      3.705068      7.410135
     -1.706707      2.605272      2.605272      5.210545
     -1.696697      2.107454      2.107454      4.214907
     -1.686687      2.238590      2.238590      4.477180
     -1.676677      2.985816      2.985816      5.971631
     -1.666667      4.287539      4.287539      8.575077
     -1.656657      6.004560      6.004560     12.009119
     -1.646647      7.897853      7.897853     15.795705
     -1.636637      9.645010      9.645010     19.290020
     -1.626627     10.910795     10.910795     21.821589
     -1.616617     11.456065     11.456065     22.912130
     -1.606607     11.241936     11.241936     22.483873
     -1.596597     10.480754     10.480754     20.961507
     -1.586587      9.606475      9.606475     19.212951
     -1.576577      9.170566      9.170566     18.341132
     -1.566567      9.695042      9.695042     19.390084
     -1.556557     11.521980     11.521980     23.043961
     -1.546547     14.694640     14.694640     29.389279
     -1.536537     18.900295     18.900295     37.800589
     -1.526527     23.500026     23.500026     47.000053
     -1.516517     27.655961     27.655961     55.311923
     -1.506507     30.535217     30.535217     61.070435
     -1.496496     31.532613     31.532613     63.065225
     -1.486486     30.435116     30.435116     60.870232
     -1.476476     27.468030     27.468030     54.936059
     -1.466466     23.210994     23.210994     46.421987
     -1.456456     18.424911     18.424911     36.849823
     -1.446446     13.860152     13.860152     27.720305
     -1.436436     10.109470     10.109470     20.218939
     -1.426426      7.535442      7.535442     15.070884
     -1.416416      6.264466      6.264466     12.528932
     -1.406406      6.218356      6.218356     12.436711
     -1.396396      7.158210      7.158210     14.316419
     -1.386386      8.734146      8.734146     17.468291
     -1.376376     10.549504     10.549504     21.099007
     -1.366366     12.243796     12.243796     24.487593
     -1.356356     13.577092     13.577092     27.154184
     -1.346346     14.479478     14.479478     28.958957
     -1.336336     15.035053     15.035053     30.070106
     -1.326326     15.403829     15.403829     30.807658
     -1.316316     15.724237     15.724237     31.448474
     -1.306306     16.051376     16.051376     32.102753
     -1.296296     16.358666     16.358666     32.717332
     -1.286286     16.583587     16.583587     33.167174
     -1.276276     16.670031     16.670031     33.340062
     -1.266266     16.573224     16.573224     33.146448
     -1.256256     16.234529     16.234529     32.469058
     -1.246246     15.564707     15.564707     31.129413
     -1.236236     14.467589     14.467589     28.935179
     -1.226226     12.898739     12.898739     25.797478
     -1.216216     10.919639     10.919639     21.839278
     -1.206206      8.706669      8.706669     17.413339
     -1.196196      6.505172      6.505172     13.010344
     -1.186186      4.555596      4.555596      9.111193
     -1.176176      3.033362      3.033362      6.066724
     -1.166166      2.029732      2.029732      4.059464
     -1.156156      1.572237      1.572237      3.144475
     -1.146146      1.660508      1.660508      3.321015
     -1.136136      2.288281      2.288281      4.576563
     -1.126126      3.434259      3.434259      6.868517
     -1.116116      5.025349      5.025349     10.050698
     -1.106106      6.895942      6.895942     13.791884
     -1.096096      8.776186      8.776186     17.552371
     -1.086086     10.333513     10.333513     20.667026
     -1.076076     11.265305     11.265305     22.530611
     -1.066066     11.408951     11.408951     22.817903
     -1.056056     10.818142     10.818142     21.636285
     -1.046046      9.764261      9.764261     19.528522
     -1.036036      8.655039      8.655039     17.310078
     -1.026026      7.899841      7.899841     15.799681
     -1.016016      7.772120      7.772120     15.544240
     -1.006006      8.317823      8.317823     16.635646
     -0.995996      9.340055      9.340055     18.680110
     -0.985986     10.464903     10.464903     20.929807
     -0.975976     11.267028     11.267028     22.534056
     -0.965966     11.411614     11.411614     22.823228
     -0.955956     10.760187     10.760187     21.520374
     -0.945946      9.400417      9.400417     18.800835
     -0.935936      7.593024      7.593024     15.186048
     -0.925926      5.666171      5.666171     11.332342
     -0.915916      3.907883      3.907883      7.815766
     -0.905906      2.499528      2.499528      4.999057
     -0.895896      1.506206      1.506206      3.012413
     -0.885886      0.911742      0.911742      1.823485
     -0.875876      0.671538      0.671538      1.343076
     -0.865866      0.757817      0.757817      1.515635
     -0.855856      1.181281      1.181281      2.362562
     -0.845846      1.983059      1.983059      3.966118
     -0.835836      3.199070      3.199070      6.398141
     -0.825826      4.807829      4.807829      9.615658
     -0.815816      6.682965      6.682965     13.365930
     -0.805806      8.577850      8.577850     17.155701
     -0.795796     10.162944     10.162944     20.325888
     -0.785786     11.113669     11.113669     22.227338
     -0.775776     11.217202     11.217202     22.434404
     -0.765766     10.449591     10.449591     20.899182
     -0.755756      8.984682      8.984682     17.969365
     -0.745746      7.130196      7.130196     14.260391
     -0.735736      5.223100      5.223100     10.446199
     -0.725726      3.533006      3.533006      7.066013
     -0.715716      2.210743      2.210743      4.421487
     -0.705706      1.291016      1.291016      2.582033
     -0.695696      0.732839      0.732839      1.465678
     -0.685686      0.471753      0.471753      0.943507
     -0.675676      0.462930      0.462930      0.925861
     -0.665666      0.704652      0.704652      1.409305
     -0.655656      1.239147      1.239147      2.478294
     -0.645646      2.130698      2.130698      4.261396
     -0.635636      3.423737      3.423737      6.847474
     -0.625626      5.090700      5.090700     10.181400
     -0.615616      6.989862      6.989862     13.979724
     -0.605606      8.859166      8.859166     17.718333
     -0.595596     10.363666     10.363666     20.727332
     -0.585586     11.189811     11.189811     22.379622
     -0.575576     11.151141     11.151141     22.302283
     -0.565566     10.256586     10.256586     20.513172
     -0.555556      8.707093      8.707093     17.414186
     -0.545546      6.822294      6.822294     13.644587
     -0.535536      4.933720      4.933720      9.867440
     -0.525526      3.293104      3.293104      6.586207
     -0.515516      2.028725      2.028725      4.057450
     -0.505506      1.153527      1.153527      2.307054
     -0.495495      0.605368      0.605368      1.210736
     -0.485485      0.293223      0.293223      0.586445
     -0.475475      0.131088      0.131088      0.262176
     -0.465465      0.054090      0.054090      0.108179
     -0.455455      0.020599      0.020599      0.041199
     -0.445445      0.007241      0.007241      0.014482
     -0.435435      0.002350      0.002350      0.004699
     -0.425425      0.000706      0.000706      0.001413
     -0.415415      0.000208      0.000208      0.000416
     -0.405405      0.000107      0.000107      0.000214
     -0.395395      0.000236      0.000236      0.000471
     -0.385385      0.000806      0.000806      0.001613
     -0.375375      0.002662      0.002662      0.005324
     -0.365365      0.008133      0.008133      0.016266
     -0.355355      0.022939      0.022939      0.045877
     -0.345345      0.059716      0.059716      0.119431
     -0.335335      0.143481      0.143481      0.286963
     -0.325325      0.318193      0.318193      0.636386
     -0.315315      0.651286      0.651286      1.302572
     -0.305305      1.230383      1.230383      2.460765
     -0.295295      2.145336      2.145336      4.290672
     -0.285285      3.452529      3.452529      6.905057
     -0.275275      5.128214      5.128214     10.256428
     -0.265265      7.030429      7.030429     14.060858
     -0.255255      8.895787      8.895787     17.791574
     -0.245245     10.389000     10.389000     20.778001
     -0.235235     11.198246     11.198246     22.396492
     -0.225225     11.140716     11.140716     22.281432
     -0.215215     10.229703     10.229703     20.459407
     -0.205205      8.669615      8.669615     17.339231
     -0.195195      6.781464      6.781464     13.562928
     -0.185185      4.895916      4.895916      9.791832
     -0.175175      3.262356      3.262356      6.524711
     -0.165165      2.006391      2.006391      4.012781
     -0.155155      1.138902      1.138902      2.277805
     -0.145145      0.596684      0.596684      1.193368
     -0.135135      0.288529      0.288529      0.577058
     -0.125125      0.128772      0.128772      0.257544
     -0.115115      0.053044      0.053044      0.106089
     -0.105105      0.020167      0.020167      0.040334
     -0.095095      0.007077      0.007077      0.014154
     -0.085085      0.002292      0.002292      0.004584
     -0.075075      0.000685      0.000685      0.001370
     -0.065065      0.000189      0.000189      0.000378
     -0.055055      0.000048      0.000048      0.000096
     -0.045045      0.000011      0.000011      0.000023
     -0.035035      0.000002      0.000002      0.000005
     -0.025025      0.000000      0.000000      0.000001
     -0.015015      0.000000      0.000000      0.000000
     -0.005005      0.000000      0.000000      0.000000
      0.005005      0.000000      0.000000      0.000000
      0.015015      0.000000      0.000000      0.000000
      0.025025      0.000000      0.000000      0.000001
      0.035035      0.000002      0.000002      0.000005
      0.045045      0.000011      0.000011      0.000023
      0.055055      0.000048      0.000048      0.000096
      0.065065      0.000189      0.000189      0.000378
      0.075075      0.000685      0.000685      0.001370
      0.085085      0.002292      0.002292      0.004584
      0.095095      0.007077      0.007077      0.014154
      0.105105      0.020167      0.020167      0.040334
      0.115115      0.053044      0.053044      0.106089
      0.125125      0.128772      0.128772      0.257543
      0.135135      0.288529      0.288529      0.577057
      0.145145      0.596684      0.596684      1.193367
      0.155155      1.138902      1.138902      2.277804
      0.165165      2.006390      2.006390      4.012779
      0.175175      3.262354      3.262354      6.524708
      0.185185      4.895914      4.895914      9.791829
      0.195195      6.781462      6.781462     13.562925
      0.205205      8.669614      8.669614     17.339227
      0.215215     10.229702     10.229702     20.459404
      0.225225     11.140715     11.140715     22.281431
      0.235235     11.198246     11.198246     22.396493
      0.245245     10.389002     10.389002     20.778003
      0.255255      8.895789      8.895789     17.791577
      0.265265      7.030431      7.030431     14.060862
      0.275275      5.128216      5.128216     10.256431
      0.285285      3.452530      3.452530      6.905060
      0.295295      2.145337      2.145337      4.290674
      0.305305      1.230383      1.230383      2.460766
      0.315315      0.651287      0.651287      1.302573
      0.325325      0.318193      0.318193      0.636386
      0.335335      0.143482      0.143482      0.286963
      0.345345      0.059716      0.059716      0.119431
      0.355355      0.022939      0.022939      0.045877
      0.365365      0.008133      0.008133      0.016266
      0.375375      0.002662      0.002662      0.005324
      0.385385      0.000807      0.000807      0.001613
      0.395395      0.000237      0.000237      0.000475
      0.405405      0.000113      0.000113      0.000227
      0.415415      0.000231      0.000231      0.000462
      0.425425      0.000784      0.000784      0.001567
      0.435435      0.002590      0.002590      0.005180
      0.445445      0.007929      0.007929      0.015857
      0.455455      0.022405      0.022405      0.044811
      0.465465      0.058438      0.058438      0.116875
      0.475475      0.140676      0.140676      0.281352
      0.485485      0.312562      0.312562      0.625124
      0.495495      0.640971      0.640971      1.281941
      0.505506      1.213185      1.213185      2.426371
      0.515516      2.119352      2.119352      4.238705
      0.525526      3.417165      3.417165      6.834330
      0.535536      5.085289      5.085289     10.170577
      0.545546      6.984771      6.984771     13.969542
      0.555556      8.854738      8.854738     17.709475
      0.565566     10.360642     10.360642     20.721283
      0.575576     11.188879     11.188879     22.377757
      0.585586     11.152732     11.152732     22.305464
      0.595596     10.261074     10.261074     20.522148
      0.605606      8.715745      8.715745     17.431489
      0.615616      6.839593      6.839593     13.679187
      0.625626      4.972214      4.972214      9.944428
      0.635636      3.382462      3.382462      6.764923
      0.645646      2.230772      2.230772      4.461544
      0.655656      1.583448      1.583448      3.166896
      0.665666      1.455090      1.455090      2.910181
      0.675676      1.846409      1.846409      3.692819
      0.685686      2.753105      2.753105      5.506210
      0.695696      4.140558      4.140558      8.281115
      0.705706      5.900233      5.900233     11.800467
      0.715716      7.818588      7.818588     15.637175
      0.725726      9.589641      9.589641     19.179282
      0.735736     10.884146     10.884146     21.768292
      0.745746     11.457126     11.457126     22.914253
      0.755756     11.248351     11.248351     22.496702
      0.765766     10.425307     10.425307     20.850614
      0.775776      9.341322      9.341322     18.682645
      0.785786      8.420126      8.420126     16.840251
      0.795796      8.010523      8.010523     16.021046
      0.805806      8.265719      8.265719     16.531439
      0.815816      9.090375      9.090375     18.180750
      0.825826     10.173538     10.173538     20.347076
      0.835836     11.096219     11.096219     22.192437
      0.845846     11.475637     11.475637     22.951273
      0.855856     11.092522     11.092522     22.185045
      0.865866      9.952860      9.952860     19.905720
      0.875876      8.263432      8.263432     16.526864
      0.885886      6.339465      6.339465     12.678931
      0.895896      4.491076      4.491076      8.982152
      0.905906      2.937199      2.937199      5.874397
      0.915916      1.773196      1.773196      3.546391
      0.925926      0.988236      0.988236      1.976471
      0.935936      0.508954      0.508954      1.017908
      0.945946      0.243937      0.243937      0.487874
      0.955956      0.114028      0.114028      0.228056
      0.965966      0.066251      0.066251      0.132502
      0.975976      0.077063      0.077063      0.154126
      0.985986      0.152078      0.152078      0.304156
      0.995996      0.326301      0.326301      0.652602
      1.006006      0.663949      0.663949      1.327897
      1.016016      1.252451      1.252451      2.504902
      1.026026      2.183683      2.183683      4.367366
      1.036036      3.519448      3.519448      7.038896
      1.046046      5.248513      5.248513     10.497027
      1.056056      7.254927      7.254927     14.509855
      1.066066      9.322614      9.322614     18.645228
      1.076076     11.190013     11.190013     22.380026
      1.086086     12.641132     12.641132     25.282265
      1.096096     13.590881     13.590881     27.181763
      1.106106     14.115394     14.115394     28.230789
      1.116116     14.404429     14.404429     28.808859
      1.126126     14.660009     14.660009     29.320017
      1.136136     15.000880     15.000880     30.001760
      1.146146     15.427914     15.427914     30.855828
      1.156156     15.862254     15.862254     31.724507
      1.166166     16.218128     16.218128     32.436256
      1.176176     16.454332     16.454332     32.908664
      1.186186     16.574891     16.574891     33.149782
      1.196196     16.595609     16.595609     33.191218
      1.206206     16.518382     16.518382     33.036763
      1.216216     16.338951     16.338951     32.677902
      1.226226     16.073993     16.073993     32.147985
      1.236236     15.769356     15.769356     31.538712
      1.246246     15.466888     15.466888     30.933776
      1.256256     15.148809     15.148809     30.297618
      1.266266     14.707495     14.707495     29.414991
      1.276276     13.976801     13.976801     27.953602
      1.286286     12.816872     12.816872     25.633745
      1.296296     11.204046     11.204046     22.408092
      1.306306      9.273079      9.273079     18.546157
      1.316316      7.292001      7.292001     14.584003
      1.326326      5.592214      5.592214     11.184428
      1.336336      4.496048      4.496048      8.992097
      1.346346      4.270387      4.270387      8.540774
      1.356356      5.104139      5.104139     10.208278
      1.366366      7.086472      7.086472     14.172945
      1.376376     10.168300     10.168300     20.336601
      1.386386     14.116499     14.116499     28.232997
      1.396396     18.496169     18.496169     36.992337
      1.406406     22.717264     22.717264     45.434528
      1.416416     26.151659     26.151659     52.303317
      1.426426     28.283561     28.283561     56.567121
      1.436436     28.831529     28.831529     57.663059
      1.446446     27.793853     27.793853     55.587706
      1.456456     25.411224     25.411224     50.822448
      1.466466     22.080203     22.080203     44.160406
      1.476476     18.262061     18.262061     36.524122
      1.486486     14.414249     14.414249     28.828497
      1.496496     10.947210     10.947210     21.894420
      1.506507      8.196751      8.196751     16.393503
      1.516517      6.403911      6.403911     12.807823
      1.526527      5.700017      5.700017     11.400034
      1.536537      6.097069      6.097069     12.194139
      1.546547      7.484545      7.484545     14.969090
      1.556557      9.637052      9.637052     19.274104
      1.566567     12.240864     12.240864     24.481729
      1.576577     14.944522     14.944522     29.889045
      1.586587     17.427565     17.427565     34.855129
      1.596597     19.469297     19.469297     38.938593
      1.606607     20.996004     20.996004     41.992008
      1.616617     22.092227     22.092227     44.184454
      1.626627     22.972611     22.972611     45.945221
      1.636637     23.918552     23.918552     47.837103
      1.646647     25.189518     25.189518     50.379036
      1.656657     26.928205     26.928205     53.856411
      1.666667     29.090911     29.090911     58.181822
      1.676677     31.438572     31.438572     62.877145
      1.686687     33.607269     33.607269     67.214539
      1.696697     35.239743     35.239743     70.479485
      1.706707     36.119982     36.119982     72.239965
      1.716717     36.239072     36.239072     72.478144
      1.726727     35.750564     35.750564     71.501127
      1.736737     34.838434     34.838434     69.676868
      1.746747     33.581420     33.581420     67.162841
      1.756757     31.908606     31.908606     63.817212
      1.766767     29.686095     29.686095     59.372190
      1.776777     26.885828     26.885828     53.771656
      1.786787     23.726567     23.726567     47.453133
      1.796797     20.687432     20.687432     41.374863
      1.806807     18.368167     18.368167     36.736335
      1.816817     17.257219     17.257219     34.514438
      1.826827     17.517175     17.517175     35.034350
      1.836837     18.887477     18.887477     37.774954
      1.846847     20.750889     20.750889     41.501778
      1.856857     22.341468     22.341468     44.682935
      1.866867     23.013942     23.013942     46.027883
      1.876877     22.467566     22.467566     44.935131
      1.886887     20.833953     20.833953     41.667905
      1.896897     18.595373     18.595373     37.190747
      1.906907     16.374364     16.374364     32.748727
      1.916917     14.691615     14.691615     29.383229
      1.926927     13.798928     13.798928     27.597857
      1.936937     13.653295     13.653295     27.306591
      1.946947     14.027705     14.027705     28.055409
      1.956957     14.688070     14.688070     29.376140
      1.966967     15.535195     15.535195     31.070390
      1.976977     16.632195     16.632195     33.264391
      1.986987     18.103576     18.103576     36.207152
      1.996997     19.969701     19.969701     39.939403
      2.007007     22.025167     22.025167     44.050334
      2.017017     23.850095     23.850095     47.700191
      2.027027     24.964987     24.964987     49.929974
      2.037037     25.047990     25.047990     50.095980
      2.047047     24.088143     24.088143     48.176287
      2.057057     22.382501     22.382501     44.765001
      2.067067     20.379205     20.379205     40.758411
      2.077077     18.461016     18.461016     36.922032
      2.087087     16.794228     16.794228     33.588457
      2.097097     15.320012     15.320012     30.640023
      2.107107     13.875555     13.875555     27.751110
      2.117117     12.361150     12.361150     24.722300
      2.127127     10.856674     10.856674     21.713349
      2.137137      9.633534      9.633534     19.267067
      2.147147      9.069546      9.069546     18.139092
      2.157157      9.515839      9.515839     19.031677
      2.167167     11.171283     11.171283     22.342566
      2.177177     14.001642     14.001642     28.003285
      2.187187     17.717432     17.717432     35.434863
      2.197197     21.809165     21.809165     43.618331
      2.207207     25.631602     25.631602     51.263203
      2.217217     28.523797     28.523797     57.047595
      2.227227     29.944725     29.944725     59.889451
      2.237237     29.595283     29.595283     59.190566
      2.247247     27.492291     27.492291     54.984582
      2.257257     23.966300     23.966300     47.932599
      2.267267     19.576736     19.576736     39.153471
      2.277277     14.969352     14.969352     29.938704
      2.287287     10.726323     10.726323     21.452646
      2.297297      7.262661      7.262661     14.525321
      2.307307      4.800147      4.800147      9.600295
      2.317317      3.413862      3.413862      6.827725
      2.327327      3.116058      3.116058      6.232116
      2.337337      3.931066      3.931066      7.862131
      2.347347      5.924120      5.924120     11.848240
      2.357357      9.168842      9.168842     18.337684
      2.367367     13.663311     13.663311     27.326621
      2.377377     19.226519     19.226519     38.453039
      2.387387     25.420398     25.420398     50.840797
      2.397397     31.542578     31.542578     63.085156
      2.407407     36.717507     36.717507     73.435014
      2.417417     40.079093     40.079093     80.158187
      2.427427     40.996299     40.996299     81.992598
      2.437437     39.262767     39.262767     78.525534
      2.447447     35.172672     35.172672     70.345343
      2.457457     29.445009     29.445009     58.890018
      2.467467     23.022352     23.022352     46.044704
      2.477477     16.824551     16.824551     33.649103
      2.487487     11.552349     11.552349     23.104697
      2.497497      7.603351      7.603351     15.206702
      2.507508      5.104570      5.104570     10.209139
      2.517518      4.015224      4.015224      8.030449
      2.527528      4.234461      4.234461      8.468921
      2.537538      5.663186      5.663186     11.326373
      2.547548      8.202920      8.202920     16.405840
      2.557558     11.708293     11.708293     23.416585
      2.567568     15.930003     15.930003     31.860007
      2.577578     20.486701     20.486701     40.973402
      2.587588     24.890121     24.890121     49.780243
      2.597598     28.625131     28.625131     57.250263
      2.607608     31.263313     31.263313     62.526626
      2.617618     32.572493     32.572493     65.144986
      2.627628     32.581119     32.581119     65.162238
      2.637638     31.569785     31.569785     63.139571
      2.647648     29.990966     29.990966     59.981932
      2.657658     28.350050     28.350050     56.700100
      2.667668     27.097075     27.097075     54.194150
      2.677678     26.566553     26.566553     53.133105
      2.687688     26.969340     26.969340     53.938680
      2.697698     28.408911     28.408911     56.817821
      2.707708     30.886021     30.886021     61.772042
      2.717718     34.273908     34.273908     68.547816
      2.727728     38.276456     38.276456     76.552912
      2.737738     42.405628     42.405628     84.811256
      2.747748     46.019316     46.019316     92.038633
      2.757758     48.441455     48.441455     96.882910
      2.767768     49.145736     49.145736     98.291473
      2.777778     47.938259     47.938259     95.876517
      2.787788     45.051397     45.051397     90.102793
      2.797798     41.086031     41.086031     82.172062
      2.807808     36.809147     36.809147     73.618294
      2.817818     32.890750     32.890750     65.781499
      2.827828     29.698518     29.698518     59.397037
      2.837838     27.237355     27.237355     54.474710
      2.847848     25.244883     25.244883     50.489766
      2.857858     23.380353     23.380353     46.760707
      2.867868     21.411489     21.411489     42.822979
      2.877878     19.319158     19.319158     38.638315
      2.887888     17.285908     17.285908     34.571817
      2.897898     15.587145     15.587145     31.174290
      2.907908     14.443824     14.443824     28.887649
      2.917918     13.909998     13.909998     27.819997
      2.927928     13.850115     13.850115     27.700230
      2.937938     14.014541     14.014541     28.029082
      2.947948     14.168188     14.168188     28.336377
      2.957958     14.197065     14.197065     28.394129
      2.967968     14.132106     14.132106     28.264212
      2.977978     14.082821     14.082821     28.165643
      2.987988     14.131631     14.131631     28.263261
      2.997998     14.263590     14.263590     28.527179
      3.008008     14.378155     14.378155     28.756311
      3.018018     14.369134     14.369134     28.738269
      3.028028     14.209248     14.209248     28.418496
      3.038038     13.972832     13.972832     27.945665
      3.048048     13.776033     13.776033     27.552066
      3.058058     13.674960     13.674960     27.349921
      3.068068     13.594291     13.594291     27.188583
      3.078078     13.339326     13.339326     26.678651
      3.088088     12.688485     12.688485     25.376970
      3.098098     11.510990     11.510990     23.021980
      3.108108      9.841213      9.841213     19.682426
      3.118118      7.872522      7.872522     15.745044
      3.128128      5.884001      5.884001     11.768003
      3.138138      4.148432      4.148432      8.296864
      3.148148      2.870281      2.870281      5.740562
      3.158158      2.174695      2.174695      4.349390
      3.168168      2.134757      2.134757      4.269513
      3.178178      2.804584      2.804584      5.609167
      3.188188      4.227494      4.227494      8.454987
      3.198198      6.406557      6.406557     12.813113
      3.208208      9.249059      9.249059     18.498119
      3.218218     12.515648     12.515648     25.031297
      3.228228     15.810089     15.810089     31.620179
      3.238238     18.632292     18.632292     37.264584
      3.248248     20.489323     20.489323     40.978645
      3.258258     21.029106     21.029106     42.058211
      3.268268     20.145378     20.145378     40.290756
      3.278278     18.010333     18.010333     36.020666
      3.288288     15.020751     15.020751     30.041501
      3.298298     11.679843     11.679843     23.359685
      3.308308      8.462064      8.462064     16.924127
      3.318318      5.710073      5.710073     11.420146
      3.328328      3.593095      3.593095      7.186190
      3.338338      2.126898      2.126898      4.253797
      3.348348      1.232963      1.232963      2.465925
      3.358358      0.806802      0.806802      1.613603
      3.368368      0.771234      0.771234      1.542469
      3.378378      1.101517      1.101517      2.203033
      3.388388      1.818742      1.818742      3.637484
      3.398398      2.954683      2.954683      5.909367
      3.408408      4.498496      4.498496      8.996991
      3.418418      6.345225      6.345225     12.690449
      3.428428      8.273393      8.273393     16.546786
      3.438438      9.975065      9.975065     19.950129
      3.448448     11.141344     11.141344     22.282687
      3.458458     11.575781     11.575781     23.151562
      3.468468     11.285470     11.285470     22.570940
      3.478478     10.501945     10.501945     21.003889
      3.488488      9.613857      9.613857     19.227713
      3.498498      9.035108      9.035108     18.070217
      3.508509      9.062593      9.062593     18.125186
      3.518519      9.781903      9.781903     19.563806
      3.528529     11.057099     11.057099     22.114199
      3.538539     12.603142     12.603142     25.206284
      3.548549     14.102971     14.102971     28.205941
      3.558559     15.312027     15.312027     30.624054
      3.568569     16.102963     16.102963     32.205926
      3.578579     16.440270     16.440270     32.880540
      3.588589     16.317939     16.317939     32.635878
      3.598599     15.713615     15.713615     31.427230
      3.608609     14.594479     14.594479     29.188958
      3.618619     12.966749     12.966749     25.933499
      3.628629     10.926037     10.926037     21.852074
      3.638639      8.665804      8.665804     17.331607
      3.648649      6.433091      6.433091     12.866182
      3.658659      4.457332      4.457332      8.914664
      3.668669      2.892714      2.892714      5.785427
      3.678679      1.801216      1.801216      3.602433
      3.688689      1.176681      1.176681      2.353362
      3.698699      0.989215      0.989215      1.978430
      3.708709      1.223270      1.223270      2.446540
      3.718719      1.889515      1.889515      3.779031
      3.728729      3.003579      3.003579      6.007158
      3.738739      4.539485      4.539485      9.078971
      3.748749      6.379426      6.379426     12.758852
      3.758759      8.289528      8.289528     16.579055
      3.768769      9.946167      9.946167     19.892335
      3.778779     11.015771     11.015771     22.031542
      3.788789     11.260874     11.260874     22.521749
      3.798799     10.624755     10.624755     21.249509
      3.808809      9.252375      9.252375     18.504749
      3.818819      7.436602      7.436602     14.873204
      3.828829      5.516744      5.516744     11.033487
      3.838839      3.777274      3.777274      7.554548
      3.848849      2.387067      2.387067      4.774134
      3.858859      1.392396      1.392396      2.784792
      3.868869      0.749934      0.749934      1.499868
      3.878879      0.373841      0.373841      0.747681
      3.888889      0.175337      0.175337      0.350673
      3.898899      0.085684      0.085684      0.171369
      3.908909      0.064655      0.064655      0.129310
      3.918919      0.101586      0.101586      0.203172
      3.928929      0.215282      0.215282      0.430565
      3.938939      0.454871      0.454871      0.909743
      3.948949      0.898799      0.898799      1.797597
      3.958959      1.645776      1.645776      3.291552
      3.968969      2.792098      2.792098      5.584195
      3.978979      4.396190      4.396190      8.792381
      3.988989      6.442198      6.442198     12.884396
      3.998999      8.823141      8.823141     17.646282
      4.009009     11.361378     11.361378     22.722757
      4.019019     13.865342     13.865342     27.730685
      4.029029     16.195294     16.195294     32.390588
      4.039039     18.296652     18.296652     36.593304
      4.049049     20.173653     20.173653     40.347305
      4.059059     21.815202     21.815202     43.630404
      4.069069     23.123036     23.123036     46.246072
      4.079079     23.899581     23.899581     47.799162
      4.089089     23.919506     23.919506     47.839011
      4.099099     23.055202     23.055202     46.110404
      4.109109     21.388085     21.388085     42.776170
      4.119119     19.239823     19.239823     38.479647
      4.129129     17.098645     17.098645     34.197290
      4.139139     15.470619     15.470619     30.941238
      4.149149     14.723411     14.723411     29.446823
      4.159159     14.990950     14.990950     29.981901
      4.169169     16.172861     16.172861     32.345722
      4.179179     18.012347     18.012347     36.024694
      4.189189     20.199338     20.199338     40.398676
      4.199199     22.443797     22.443797     44.887594
      4.209209     24.496890     24.496890     48.993781
      4.219219     26.140605     26.140605     52.281210
      4.229229     27.186512     27.186512     54.373023
      4.239239     27.506580     27.506580     55.013161
      4.249249     27.080001     27.080001     54.160003
      4.259259     26.015413     26.015413     52.030827
      4.269269     24.521003     24.521003     49.042007
      4.279279     22.834695     22.834695     45.669390
      4.289289     21.157397     21.157397     42.314793
      4.299299     19.626380     19.626380     39.252760
      4.309309     18.329620     18.329620     36.659241
      4.319319     17.329801     17.329801     34.659603
      4.329329     16.668202     16.668202     33.336404
      4.339339     16.350111     16.350111     32.700221
      4.349349     16.341154     16.341154     32.682309
      4.359359     16.597330     16.597330     33.194659
      4.369369     17.113699     17.113699     34.227399
      4.379379     17.943737     17.943737     35.887474
      4.389389     19.149605     19.149605     38.299210
      4.399399     20.695173     20.695173     41.390345
      4.409409     22.350140     22.350140     44.700280
      4.419419     23.686937     23.686937     47.373874
      4.429429     24.203943     24.203943     48.407887
      4.439439     23.528458     23.528458     47.056916
      4.449449     21.596491     21.596491     43.192982
      4.459459     18.713493     18.713493     37.426986
      4.469469     15.464468     15.464468     30.928936
      4.479479     12.518888     12.518888     25.037777
      4.489489     10.418546     10.418546     20.837091
      4.499499      9.428967      9.428967     18.857933
      4.509510      9.495899      9.495899     18.991798
      4.519520     10.306910     10.306910     20.613821
      4.529530     11.429749     11.429749     22.859498
      4.539540     12.481640     12.481640     24.963280
      4.549550     13.272574     13.272574     26.545149
      4.559560     13.866455     13.866455     27.732910
      4.569570     14.527554     14.527554     29.055108
      4.579580     15.566628     15.566628     31.133256
      4.589590     17.152297     17.152297     34.304594
      4.599600     19.179475     19.179475     38.358951
      4.609610     21.267348     21.267348     42.534696
      4.619620     22.898790     22.898790     45.797580
      4.629630     23.640584     23.640584     47.281168
      4.639640     23.338597     23.338597     46.677195
      4.649650     22.191322     22.191322     44.382644
      4.659660     20.666207     20.666207     41.332414
      4.669670     19.302803     19.302803     38.605606
      4.679680     18.499963     18.499963     36.999926
      4.689690     18.382545     18.382545     36.765090
      4.699700     18.792176     18.792176     37.584351
      4.709710     19.381864     19.381864     38.763728
      4.719720     19.754617     19.754617     39.509234
      4.729730     19.587830     19.587830     39.175659
      4.739740     18.714029     18.714029     37.428057
      4.749750     17.156460     17.156460     34.312919
      4.759760     15.127705     15.127705     30.255409
      4.769770     12.995124     12.995124     25.990248
      4.779780     11.214016     11.214016     22.428032
      4.789790     10.236744     10.236744     20.473488
      4.799800     10.418271     10.418271     20.836542
      4.809810     11.943752     11.943752     23.887503
      4.819820     14.795960     14.795960     29.591920
      4.829830     18.763742     18.763742     37.527483
      4.839840     23.478045     23.478045     46.956090
      4.849850     28.459132     28.459132     56.918263
      4.859860     33.169096     33.169096     66.338192
      4.869870     37.078291     37.078291     74.156582
      4.879880     39.755848     39.755848     79.511695
      4.889890     40.973385     40.973385     81.946771
      4.899900     40.778826     40.778826     81.557652
      4.909910     39.484454     39.484454     78.968908
      4.919920     37.544560     37.544560     75.089120
      4.929930     35.363618     35.363618     70.727237
      4.939940     33.131017     33.131017     66.262035
      4.949950     30.775882     30.775882     61.551764
      4.959960     28.068331     28.068331     56.136661
      4.969970     24.805140     24.805140     49.610279
      4.979980     20.969771     20.969771     41.939542
      4.989990     16.780393     16.780393     33.560785
      5.000000     12.613255     12.613255     25.226510
