# EIG2DOS: Utility for SIESTA to obtain the electronic density of states
#  E. Artacho, Apr 1999, A. Garcia, Apr 2012
#  Nick R. Papior, Feb 2017
# ------------------------------------------
# Eigenvalues calculated from a non-polarized calculation
# Eigenvalues read from siesta.EIG
# Kpoint weights read from siesta.KP
# Using smearing parameter:   0.0500
# Using 1000 points in the energy range
# Selected bands: 1 to: 2981
# Emin, Emax in file for selected band(s):    -27.2273598    218.3576740
# Nbands, Nspin, Nk   =   2981     1     1
# E_F                 =    -4.2483 eV --> (shifted to ZERO)
# Broadening          =     0.0500 eV
#
#        E            N(up)  (=)   N(down)         Ntot
     -5.000000     32.670467     32.670467     65.340934
     -4.989990     36.921903     36.921903     73.843806
     -4.979980     40.771953     40.771953     81.543905
     -4.969970     43.613085     43.613085     87.226170
     -4.959960     44.950705     44.950705     89.901410
     -4.949950     44.557588     44.557588     89.115176
     -4.939940     42.553926     42.553926     85.107852
     -4.929930     39.392386     39.392386     78.784772
     -4.919920     35.771291     35.771291     71.542583
     -4.909910     32.516184     32.516184     65.032369
     -4.899900     30.453662     30.453662     60.907325
     -4.889890     30.272948     30.272948     60.545897
     -4.879880     32.364124     32.364124     64.728249
     -4.869870     36.653649     36.653649     73.307297
     -4.859860     42.506652     42.506652     85.013305
     -4.849850     48.784301     48.784301     97.568601
     -4.839840     54.098203     54.098203    108.196405
     -4.829830     57.204768     57.204768    114.409537
     -4.819820     57.390098     57.390098    114.780196
     -4.809810     54.677216     54.677216    109.354433
     -4.799800     49.764912     49.764912     99.529825
     -4.789790     43.738269     43.738269     87.476539
     -4.779780     37.694965     37.694965     75.389931
     -4.769770     32.448613     32.448613     64.897226
     -4.759760     28.402084     28.402084     56.804168
     -4.749750     25.585043     25.585043     51.170087
     -4.739740     23.782985     23.782985     47.565971
     -4.729730     22.675852     22.675852     45.351705
     -4.719720     21.936392     21.936392     43.872783
     -4.709710     21.279080     21.279080     42.558159
     -4.699700     20.477985     20.477985     40.955970
     -4.689690     19.381050     19.381050     38.762100
     -4.679680     17.941245     17.941245     35.882490
     -4.669670     16.266177     16.266177     32.532355
     -4.659660     14.665290     14.665290     29.330580
     -4.649650     13.659634     13.659634     27.319269
     -4.639640     13.921645     13.921645     27.843290
     -4.629630     16.131007     16.131007     32.262015
     -4.619620     20.762071     20.762071     41.524142
     -4.609610     27.853288     27.853288     55.706576
     -4.599600     36.841927     36.841927     73.683855
     -4.589590     46.559039     46.559039     93.118078
     -4.579580     55.445658     55.445658    110.891316
     -4.569570     61.964905     61.964905    123.929811
     -4.559560     65.079097     65.079097    130.158193
     -4.549550     64.599419     64.599419    129.198838
     -4.539540     61.248291     61.248291    122.496582
     -4.529530     56.395438     56.395438    112.790876
     -4.519520     51.574680     51.574680    103.149361
     -4.509510     47.980346     47.980346     95.960692
     -4.499499     46.136314     46.136314     92.272628
     -4.489489     45.840040     45.840040     91.680080
     -4.479479     46.361745     46.361745     92.723490
     -4.469469     46.783899     46.783899     93.567798
     -4.459459     46.333906     46.333906     92.667812
     -4.449449     44.595718     44.595718     89.191436
     -4.439439     41.558347     41.558347     83.116694
     -4.429429     37.532922     37.532922     75.065844
     -4.419419     33.012062     33.012062     66.024123
     -4.409409     28.541987     28.541987     57.083974
     -4.399399     24.639578     24.639578     49.279156
     -4.389389     21.742806     21.742806     43.485612
     -4.379379     20.163832     20.163832     40.327663
     -4.369369     20.030386     20.030386     40.060771
     -4.359359     21.235899     21.235899     42.471797
     -4.349349     23.440314     23.440314     46.880628
     -4.339339     26.150131     26.150131     52.300262
     -4.329329     28.864405     28.864405     57.728810
     -4.319319     31.232097     31.232097     62.464195
     -4.309309     33.153712     33.153712     66.307424
     -4.299299     34.783353     34.783353     69.566706
     -4.289289     36.429561     36.429561     72.859122
     -4.279279     38.391077     38.391077     76.782155
     -4.269269     40.784589     40.784589     81.569178
     -4.259259     43.426666     43.426666     86.853333
     -4.249249     45.823979     45.823979     91.647959
     -4.239239     47.298965     47.298965     94.597930
     -4.229229     47.227201     47.227201     94.454402
     -4.219219     45.301354     45.301354     90.602708
     -4.209209     41.701167     41.701167     83.402333
     -4.199199     37.075194     37.075194     74.150387
     -4.189189     32.327515     32.327515     64.655031
     -4.179179     28.304358     28.304358     56.608716
     -4.169169     25.527593     25.527593     51.055185
     -4.159159     24.091760     24.091760     48.183521
     -4.149149     23.750740     23.750740     47.501479
     -4.139139     24.126377     24.126377     48.252755
     -4.129129     24.923517     24.923517     49.847034
     -4.119119     26.047792     26.047792     52.095583
     -4.109109     27.577382     27.577382     55.154765
     -4.099099     29.610621     29.610621     59.221242
     -4.089089     32.072947     32.072947     64.145895
     -4.079079     34.595630     34.595630     69.191260
     -4.069069     36.554519     36.554519     73.109038
     -4.059059     37.278838     37.278838     74.557676
     -4.049049     36.341810     36.341810     72.683620
     -4.039039     33.785893     33.785893     67.571787
     -4.029029     30.160069     30.160069     60.320138
     -4.019019     26.346218     26.346218     52.692436
     -4.009009     23.264498     23.264498     46.528996
     -3.998999     21.602438     21.602438     43.204876
     -3.988989     21.679880     21.679880     43.359759
     -3.978979     23.472128     23.472128     46.944255
     -3.968969     26.730146     26.730146     53.460293
     -3.958959     31.108935     31.108935     62.217871
     -3.948949     36.248083     36.248083     72.496167
     -3.938939     41.804761     41.804761     83.609522
     -3.928929     47.472382     47.472382     94.944763
     -3.918919     53.007281     53.007281    106.014562
     -3.908909     58.249930     58.249930    116.499859
     -3.898899     63.105517     63.105517    126.211034
     -3.888889     67.466245     67.466245    134.932490
     -3.878879     71.104037     71.104037    142.208073
     -3.868869     73.601370     73.601370    147.202740
     -3.858859     74.386277     74.386277    148.772554
     -3.848849     72.889861     72.889861    145.779723
     -3.838839     68.776577     68.776577    137.553154
     -3.828829     62.148708     62.148708    124.297417
     -3.818819     53.626201     53.626201    107.252402
     -3.808809     44.253119     44.253119     88.506238
     -3.798799     35.256336     35.256336     70.512672
     -3.788789     27.742267     27.742267     55.484535
     -3.778779     22.435870     22.435870     44.871741
     -3.768769     19.540329     19.540329     39.080659
     -3.758759     18.745880     18.745880     37.491759
     -3.748749     19.368136     19.368136     38.736273
     -3.738739     20.566331     20.566331     41.132662
     -3.728729     21.581738     21.581738     43.163476
     -3.718719     21.939767     21.939767     43.879534
     -3.708709     21.569529     21.569529     43.139058
     -3.698699     20.810373     20.810373     41.620747
     -3.688689     20.297272     20.297272     40.594545
     -3.678679     20.746739     20.746739     41.493478
     -3.668669     22.698422     22.698422     45.396843
     -3.658659     26.293629     26.293629     52.587258
     -3.648649     31.174495     31.174495     62.348990
     -3.638639     36.553659     36.553659     73.107318
     -3.628629     41.438782     41.438782     82.877565
     -3.618619     44.927275     44.927275     89.854550
     -3.608609     46.454090     46.454090     92.908180
     -3.598599     45.902632     45.902632     91.805264
     -3.588589     43.560212     43.560212     87.120425
     -3.578579     39.968980     39.968980     79.937959
     -3.568569     35.749784     35.749784     71.499569
     -3.558559     31.456034     31.456034     62.912068
     -3.548549     27.478120     27.478120     54.956241
     -3.538539     23.998882     23.998882     47.997765
     -3.528529     21.001303     21.001303     42.002606
     -3.518519     18.330875     18.330875     36.661749
     -3.508509     15.799910     15.799910     31.599821
     -3.498498     13.296996     13.296996     26.593993
     -3.488488     10.855110     10.855110     21.710219
     -3.478478      8.650032      8.650032     17.300064
     -3.468468      6.935342      6.935342     13.870684
     -3.458458      5.947097      5.947097     11.894194
     -3.448448      5.815804      5.815804     11.631607
     -3.438438      6.511263      6.511263     13.022526
     -3.428428      7.832713      7.832713     15.665426
     -3.418418      9.449600      9.449600     18.899200
     -3.408408     10.990906     10.990906     21.981811
     -3.398398     12.164825     12.164825     24.329651
     -3.388388     12.869643     12.869643     25.739286
     -3.378378     13.247755     13.247755     26.495509
     -3.368368     13.652212     13.652212     27.304424
     -3.358358     14.534001     14.534001     29.068003
     -3.348348     16.294515     16.294515     32.589030
     -3.338338     19.157041     19.157041     38.314081
     -3.328328     23.090595     23.090595     46.181190
     -3.318318     27.790518     27.790518     55.581036
     -3.308308     32.708457     32.708457     65.416914
     -3.298298     37.133392     37.133392     74.266783
     -3.288288     40.331765     40.331765     80.663531
     -3.278278     41.733185     41.733185     83.466370
     -3.268268     41.103878     41.103878     82.207756
     -3.258258     38.623497     38.623497     77.246995
     -3.248248     34.810892     34.810892     69.621784
     -3.238238     30.324969     30.324969     60.649939
     -3.228228     25.742088     25.742088     51.484175
     -3.218218     21.422520     21.422520     42.845041
     -3.208208     17.516203     17.516203     35.032407
     -3.198198     14.070866     14.070866     28.141732
     -3.188188     11.156498     11.156498     22.312996
     -3.178178      8.933838      8.933838     17.867675
     -3.168168      7.645886      7.645886     15.291772
     -3.158158      7.555820      7.555820     15.111640
     -3.148148      8.867460      8.867460     17.734919
     -3.138138     11.652988     11.652988     23.305976
     -3.128128     15.798839     15.798839     31.597678
     -3.118118     20.977538     20.977538     41.955077
     -3.108108     26.657168     26.657168     53.314335
     -3.098098     32.159907     32.159907     64.319814
     -3.088088     36.770583     36.770583     73.541166
     -3.078078     39.877612     39.877612     79.755224
     -3.068068     41.109798     41.109798     82.219596
     -3.058058     40.422404     40.422404     80.844807
     -3.048048     38.093922     38.093922     76.187844
     -3.038038     34.625381     34.625381     69.250763
     -3.028028     30.578037     30.578037     61.156074
     -3.018018     26.419349     26.419349     52.838697
     -3.008008     22.445907     22.445907     44.891814
     -2.997998     18.810270     18.810270     37.620539
     -2.987988     15.620690     15.620690     31.241381
     -2.977978     13.045643     13.045643     26.091286
     -2.967968     11.360227     11.360227     22.720454
     -2.957958     10.909258     10.909258     21.818517
     -2.947948     12.003878     12.003878     24.007756
     -2.937938     14.792991     14.792991     29.585982
     -2.927928     19.155510     19.155510     38.311021
     -2.917918     24.653092     24.653092     49.306183
     -2.907908     30.570856     30.570856     61.141711
     -2.897898     36.052033     36.052033     72.104065
     -2.887888     40.299517     40.299517     80.599034
     -2.877878     42.782734     42.782734     85.565467
     -2.867868     43.372120     43.372120     86.744240
     -2.857858     42.342264     42.342264     84.684528
     -2.847848     40.236623     40.236623     80.473247
     -2.837838     37.648897     37.648897     75.297794
     -2.827828     35.016031     35.016031     70.032061
     -2.817818     32.512156     32.512156     65.024312
     -2.807808     30.081846     30.081846     60.163693
     -2.797798     27.580514     27.580514     55.161029
     -2.787788     24.937227     24.937227     49.874454
     -2.777778     22.249242     22.249242     44.498484
     -2.767768     19.761221     19.761221     39.522442
     -2.757758     17.750436     17.750436     35.500872
     -2.747748     16.393137     16.393137     32.786275
     -2.737738     15.695330     15.695330     31.390660
     -2.727728     15.528494     15.528494     31.056988
     -2.717718     15.742648     15.742648     31.485297
     -2.707708     16.278004     16.278004     32.556009
     -2.697698     17.196239     17.196239     34.392478
     -2.687688     18.605955     18.605955     37.211911
     -2.677678     20.531015     20.531015     41.062030
     -2.667668     22.815148     22.815148     45.630297
     -2.657658     25.138147     25.138147     50.276293
     -2.647648     27.146272     27.146272     54.292545
     -2.637638     28.620453     28.620453     57.240906
     -2.627628     29.576323     29.576323     59.152646
     -2.617618     30.233258     30.233258     60.466516
     -2.607608     30.875356     30.875356     61.750712
     -2.597598     31.693808     31.693808     63.387617
     -2.587588     32.700380     32.700380     65.400760
     -2.577578     33.741456     33.741456     67.482911
     -2.567568     34.573589     34.573589     69.147177
     -2.557558     34.938376     34.938376     69.876753
     -2.547548     34.606511     34.606511     69.213021
     -2.537538     33.408848     33.408848     66.817697
     -2.527528     31.287357     31.287357     62.574715
     -2.517518     28.367602     28.367602     56.735204
     -2.507508     25.009485     25.009485     50.018971
     -2.497497     21.779531     21.779531     43.559063
     -2.487487     19.322819     19.322819     38.645638
     -2.477477     18.171926     18.171926     36.343851
     -2.467467     18.572700     18.572700     37.145401
     -2.457457     20.406179     20.406179     40.812357
     -2.447447     23.244637     23.244637     46.489274
     -2.437437     26.520110     26.520110     53.040220
     -2.427427     29.733048     29.733048     59.466096
     -2.417417     32.609139     32.609139     65.218277
     -2.407407     35.133719     35.133719     70.267438
     -2.397397     37.448991     37.448991     74.897982
     -2.387387     39.665824     39.665824     79.331649
     -2.377377     41.687685     41.687685     83.375371
     -2.367367     43.144696     43.144696     86.289392
     -2.357357     43.486663     43.486663     86.973326
     -2.347347     42.205373     42.205373     84.410747
     -2.337337     39.086953     39.086953     78.173905
     -2.327327     34.373241     34.373241     68.746482
     -2.317317     28.752653     28.752653     57.505307
     -2.307307     23.184141     23.184141     46.368282
     -2.297297     18.634519     18.634519     37.269037
     -2.287287     15.837082     15.837082     31.674164
     -2.277277     15.150486     15.150486     30.300973
     -2.267267     16.539228     16.539228     33.078456
     -2.257257     19.648220     19.648220     39.296441
     -2.247247     23.923676     23.923676     47.847351
     -2.237237     28.736721     28.736721     57.473441
     -2.227227     33.480870     33.480870     66.961740
     -2.217217     37.630459     37.630459     75.260919
     -2.207207     40.763023     40.763023     81.526046
     -2.197197     42.563374     42.563374     85.126748
     -2.187187     42.834331     42.834331     85.668662
     -2.177177     41.529928     41.529928     83.059856
     -2.167167     38.801009     38.801009     77.602018
     -2.157157     35.015430     35.015430     70.030861
     -2.147147     30.709889     30.709889     61.419779
     -2.137137     26.461299     26.461299     52.922597
     -2.127127     22.718543     22.718543     45.437086
     -2.117117     19.673221     19.673221     39.346441
     -2.107107     17.238007     17.238007     34.476014
     -2.097097     15.144524     15.144524     30.289048
     -2.087087     13.105787     13.105787     26.211573
     -2.077077     10.956598     10.956598     21.913197
     -2.067067      8.707418      8.707418     17.414836
     -2.057057      6.503506      6.503506     13.007013
     -2.047047      4.531707      4.531707      9.063414
     -2.037037      2.932942      2.932942      5.865884
     -2.027027      1.758823      1.758823      3.517646
     -2.017017      0.977121      0.977121      1.954243
     -2.007007      0.506621      0.506621      1.013242
     -1.996997      0.256868      0.256868      0.513735
     -1.986987      0.157524      0.157524      0.315047
     -1.976977      0.174289      0.174289      0.348579
     -1.966967      0.315546      0.315546      0.631092
     -1.956957      0.634004      0.634004      1.268008
     -1.946947      1.223407      1.223407      2.446814
     -1.936937      2.206216      2.206216      4.412431
     -1.926927      3.708084      3.708084      7.416168
     -1.916917      5.820463      5.820463     11.640927
     -1.906907      8.561242      8.561242     17.122483
     -1.896897     11.848681     11.848681     23.697362
     -1.886887     15.500314     15.500314     31.000628
     -1.876877     19.256597     19.256597     38.513193
     -1.866867     22.817893     22.817893     45.635785
     -1.856857     25.882413     25.882413     51.764825
     -1.846847     28.182097     28.182097     56.364194
     -1.836837     29.521026     29.521026     59.042052
     -1.826827     29.815121     29.815121     59.630241
     -1.816817     29.116301     29.116301     58.232603
     -1.806807     27.597742     27.597742     55.195485
     -1.796797     25.493972     25.493972     50.987943
     -1.786787     23.021603     23.021603     46.043207
     -1.776777     20.325591     20.325591     40.651181
     -1.766767     17.481441     17.481441     34.962882
     -1.756757     14.544598     14.544598     29.089196
     -1.746747     11.605845     11.605845     23.211689
     -1.736737      8.811935      8.811935     17.623870
     -1.726727      6.340818      6.340818     12.681636
     -1.716717      4.354203      4.354203      8.708407
     -1.706707      2.961411      2.961411      5.922823
     -1.696697      2.213194      2.213194      4.426388
     -1.686687      2.118266      2.118266      4.236532
     -1.676677      2.658850      2.658850      5.317701
     -1.666667      3.784632      3.784632      7.569265
     -1.656657      5.383625      5.383625     10.767250
     -1.646647      7.250901      7.250901     14.501803
     -1.636637      9.087368      9.087368     18.174736
     -1.626627     10.551355     10.551355     21.102709
     -1.616617     11.358098     11.358098     22.716196
     -1.606607     11.391308     11.391308     22.782616
     -1.596597     10.776908     10.776908     21.553816
     -1.586587      9.881898      9.881898     19.763795
     -1.576577      9.232872      9.232872     18.465744
     -1.566567      9.378968      9.378968     18.757936
     -1.556557     10.737954     10.737954     21.475907
     -1.546547     13.462939     13.462939     26.925878
     -1.536537     17.361722     17.361722     34.723444
     -1.526527     21.896292     21.896292     43.792584
     -1.516517     26.279158     26.279158     52.558316
     -1.506507     29.656630     29.656630     59.313261
     -1.496496     31.331818     31.331818     62.663635
     -1.486486     30.953430     30.953430     61.906859
     -1.476476     28.602235     28.602235     57.204470
     -1.466466     24.747437     24.747437     49.494874
     -1.456456     20.098891     20.098891     40.197782
     -1.446446     15.418413     15.418413     30.836826
     -1.436436     11.356949     11.356949     22.713899
     -1.426426      8.357899      8.357899     16.715798
     -1.416416      6.629715      6.629715     13.259431
     -1.406406      6.164634      6.164634     12.329268
     -1.396396      6.776666      6.776666     13.553332
     -1.386386      8.147115      8.147115     16.294230
     -1.376376      9.883408      9.883408     19.766816
     -1.366366     11.599270     11.599270     23.198541
     -1.356356     13.006504     13.006504     26.013009
     -1.346346     13.985229     13.985229     27.970458
     -1.336336     14.594213     14.594213     29.188426
     -1.326326     15.008260     15.008260     30.016520
     -1.316316     15.411933     15.411933     30.823865
     -1.306306     15.906577     15.906577     31.813154
     -1.296296     16.476915     16.476915     32.953829
     -1.286286     17.021151     17.021151     34.042302
     -1.276276     17.408062     17.408062     34.816125
     -1.266266     17.517544     17.517544     35.035089
     -1.256256     17.249426     17.249426     34.498853
     -1.246246     16.520017     16.520017     33.040034
     -1.236236     15.274692     15.274692     30.549384
     -1.226226     13.522291     13.522291     27.044582
     -1.216216     11.367429     11.367429     22.734858
     -1.206206      9.009314      9.009314     18.018627
     -1.196196      6.697113      6.697113     13.394226
     -1.186186      4.662835      4.662835      9.325670
     -1.176176      3.067501      3.067501      6.135001
     -1.166166      1.985720      1.985720      3.971439
     -1.156156      1.428581      1.428581      2.857161
     -1.146146      1.383384      1.383384      2.766768
     -1.136136      1.842397      1.842397      3.684795
     -1.126126      2.801510      2.801510      5.603019
     -1.116116      4.227265      4.227265      8.454531
     -1.106106      6.009919      6.009919     12.019838
     -1.096096      7.933215      7.933215     15.866431
     -1.086086      9.690596      9.690596     19.381192
     -1.076076     10.958334     10.958334     21.916669
     -1.066066     11.504805     11.504805     23.009610
     -1.056056     11.288730     11.288730     22.577460
     -1.046046     10.495932     10.495932     20.991863
     -1.036036      9.489008      9.489008     18.978016
     -1.026026      8.684323      8.684323     17.368646
     -1.016016      8.403617      8.403617     16.807233
     -1.006006      8.757810      8.757810     17.515620
     -0.995996      9.606847      9.606847     19.213693
     -0.985986     10.610390     10.610390     21.220779
     -0.975976     11.350635     11.350635     22.701269
     -0.965966     11.480701     11.480701     22.961402
     -0.955956     10.840864     10.840864     21.681729
     -0.945946      9.498148      9.498148     18.996297
     -0.935936      7.699537      7.699537     15.399074
     -0.925926      5.768250      5.768250     11.536500
     -0.915916      3.994362      3.994362      7.988724
     -0.905906      2.564654      2.564654      5.129309
     -0.895896      1.549522      1.549522      3.099044
     -0.885886      0.935905      0.935905      1.871810
     -0.875876      0.679739      0.679739      1.359477
     -0.865866      0.751971      0.751971      1.503942
     -0.855856      1.161502      1.161502      2.323005
     -0.845846      1.948433      1.948433      3.896866
     -0.835836      3.149384      3.149384      6.298767
     -0.825826      4.745599      4.745599      9.491198
     -0.815816      6.614823      6.614823     13.229646
     -0.805806      8.514314      8.514314     17.028628
     -0.795796     10.116176     10.116176     20.232351
     -0.785786     11.093809     11.093809     22.187618
     -0.775776     11.228825     11.228825     22.457649
     -0.765766     10.490001     10.490001     20.980001
     -0.755756      9.044921      9.044921     18.089843
     -0.745746      7.198242      7.198242     14.396484
     -0.735736      5.287648      5.287648     10.575296
     -0.725726      3.586113      3.586113      7.172226
     -0.715716      2.248363      2.248363      4.496726
     -0.705706      1.311461      1.311461      2.622921
     -0.695696      0.733829      0.733829      1.467657
     -0.685686      0.446922      0.446922      0.893844
     -0.675676      0.398732      0.398732      0.797464
     -0.665666      0.579012      0.579012      1.158024
     -0.655656      1.023755      1.023755      2.047510
     -0.645646      1.798796      1.798796      3.597592
     -0.635636      2.963486      2.963486      5.926972
     -0.625626      4.520583      4.520583      9.041166
     -0.615616      6.368679      6.368679     12.737358
     -0.605606      8.282210      8.282210     16.564420
     -0.595596      9.941249      9.941249     19.882497
     -0.585586     11.013482     11.013482     22.026965
     -0.575576     11.261485     11.261485     22.522971
     -0.565566     10.628051     10.628051     21.256102
     -0.555556      9.257601      9.257601     18.515202
     -0.545546      7.442694      7.442694     14.885387
     -0.535536      5.522665      5.522665     11.045329
     -0.525526      3.782283      3.782283      7.564566
     -0.515516      2.390817      2.390817      4.781633
     -0.505506      1.394843      1.394843      2.789686
     -0.495495      0.751089      0.751089      1.502178
     -0.485485      0.373288      0.373288      0.746576
     -0.475475      0.171232      0.171232      0.342463
     -0.465465      0.072495      0.072495      0.144991
     -0.455455      0.028329      0.028329      0.056657
     -0.445445      0.010217      0.010217      0.020434
     -0.435435      0.003402      0.003402      0.006803
     -0.425425      0.001047      0.001047      0.002095
     -0.415415      0.000308      0.000308      0.000616
     -0.405405      0.000127      0.000127      0.000254
     -0.395395      0.000213      0.000213      0.000426
     -0.385385      0.000707      0.000707      0.001413
     -0.375375      0.002347      0.002347      0.004693
     -0.365365      0.007231      0.007231      0.014463
     -0.355355      0.020575      0.020575      0.041149
     -0.345345      0.054030      0.054030      0.108060
     -0.335335      0.130956      0.130956      0.261911
     -0.325325      0.292955      0.292955      0.585910
     -0.315315      0.604873      0.604873      1.209745
     -0.305305      1.152694      1.152694      2.305388
     -0.295295      2.027454      2.027454      4.054908
     -0.285285      3.291356      3.291356      6.582711
     -0.275275      4.931573      4.931573      9.863146
     -0.265265      6.819978      6.819978     13.639957
     -0.255255      8.704972      8.704972     17.409944
     -0.245245     10.255069     10.255069     20.510139
     -0.235235     11.150560     11.150560     22.301120
     -0.225225     11.190297     11.190297     22.380593
     -0.215215     10.365097     10.365097     20.730194
     -0.205205      8.861189      8.861189     17.722378
     -0.195195      6.991936      6.991936     13.983873
     -0.185185      5.092016      5.092016     10.184033
     -0.175175      3.422701      3.422701      6.845402
     -0.165165      2.123416      2.123416      4.246831
     -0.155155      1.215872      1.215872      2.431744
     -0.145145      0.642581      0.642581      1.285161
     -0.135135      0.313440      0.313440      0.626880
     -0.125125      0.141113      0.141113      0.282226
     -0.115115      0.058636      0.058636      0.117273
     -0.105105      0.022488      0.022488      0.044976
     -0.095095      0.007960      0.007960      0.015921
     -0.085085      0.002601      0.002601      0.005201
     -0.075075      0.000784      0.000784      0.001568
     -0.065065      0.000218      0.000218      0.000437
     -0.055055      0.000056      0.000056      0.000112
     -0.045045      0.000013      0.000013      0.000027
     -0.035035      0.000003      0.000003      0.000006
     -0.025025      0.000001      0.000001      0.000001
     -0.015015      0.000000      0.000000      0.000000
     -0.005005      0.000000      0.000000      0.000000
      0.005005      0.000000      0.000000      0.000000
      0.015015      0.000000      0.000000      0.000000
      0.025025      0.000001      0.000001      0.000001
      0.035035      0.000003      0.000003      0.000006
      0.045045      0.000013      0.000013      0.000027
      0.055055      0.000056      0.000056      0.000112
      0.065065      0.000218      0.000218      0.000437
      0.075075      0.000784      0.000784      0.001568
      0.085085      0.002601      0.002601      0.005201
      0.095095      0.007960      0.007960      0.015921
      0.105105      0.022488      0.022488      0.044977
      0.115115      0.058637      0.058637      0.117273
      0.125125      0.141114      0.141114      0.282227
      0.135135      0.313441      0.313441      0.626881
      0.145145      0.642582      0.642582      1.285164
      0.155155      1.215874      1.215874      2.431748
      0.165165      2.123419      2.123419      4.246838
      0.175175      3.422706      3.422706      6.845411
      0.185185      5.092022      5.092022     10.184044
      0.195195      6.991942      6.991942     13.983884
      0.205205      8.861194      8.861194     17.722388
      0.215215     10.365101     10.365101     20.730201
      0.225225     11.190298     11.190298     22.380596
      0.235235     11.150558     11.150558     22.301117
      0.245245     10.255065     10.255065     20.510131
      0.255255      8.704967      8.704967     17.409933
      0.265265      6.819973      6.819973     13.639945
      0.275275      4.931568      4.931568      9.863135
      0.285285      3.291351      3.291351      6.582702
      0.295295      2.027451      2.027451      4.054901
      0.305305      1.152692      1.152692      2.305384
      0.315315      0.604871      0.604871      1.209743
      0.325325      0.292954      0.292954      0.585908
      0.335335      0.130955      0.130955      0.261911
      0.345345      0.054030      0.054030      0.108060
      0.355355      0.020575      0.020575      0.041149
      0.365365      0.007231      0.007231      0.014463
      0.375375      0.002346      0.002346      0.004692
      0.385385      0.000704      0.000704      0.001407
      0.395395      0.000200      0.000200      0.000400
      0.405405      0.000076      0.000076      0.000151
      0.415415      0.000118      0.000118      0.000236
      0.425425      0.000401      0.000401      0.000801
      0.435435      0.001379      0.001379      0.002757
      0.445445      0.004404      0.004404      0.008809
      0.455455      0.012991      0.012991      0.025981
      0.465465      0.035365      0.035365      0.070729
      0.475475      0.088858      0.088858      0.177717
      0.485485      0.206070      0.206070      0.412140
      0.495495      0.441081      0.441081      0.882161
      0.505506      0.871381      0.871381      1.742761
      0.515516      1.588857      1.588857      3.177714
      0.525526      2.673920      2.673920      5.347841
      0.535536      4.153354      4.153354      8.306709
      0.545546      5.954378      5.954378     11.908757
      0.555556      7.878813      7.878813     15.757627
      0.565566      9.622159      9.622159     19.244318
      0.575576     10.846080     10.846080     21.692160
      0.585586     11.284080     11.284080     22.568160
      0.595596     10.836005     10.836005     21.672011
      0.605606      9.606007      9.606007     19.212013
      0.615616      7.865207      7.865207     15.730413
      0.625626      5.959161      5.959161     11.918323
      0.635636      4.206414      4.206414      8.412829
      0.645646      2.832517      2.832517      5.665034
      0.655656      1.958105      1.958105      3.916209
      0.665666      1.628446      1.628446      3.256893
      0.675676      1.853280      1.853280      3.706560
      0.685686      2.626717      2.626717      5.253434
      0.695696      3.913764      3.913764      7.827527
      0.705706      5.613097      5.613097     11.226194
      0.715716      7.524610      7.524610     15.049220
      0.725726      9.354861      9.354861     18.709721
      0.735736     10.778331     10.778331     21.556662
      0.745746     11.541513     11.541513     23.083026
      0.755756     11.566364     11.566364     23.132728
      0.765766     10.999527     10.999527     21.999054
      0.775776     10.173685     10.173685     20.347370
      0.785786      9.488332      9.488332     18.976664
      0.795796      9.256684      9.256684     18.513367
      0.805806      9.582674      9.582674     19.165348
      0.815816     10.319801     10.319801     20.639602
      0.825826     11.129082     11.129082     22.258165
      0.835836     11.611776     11.611776     23.223553
      0.845846     11.460955     11.460955     22.921910
      0.855856     10.568772     10.568772     21.137545
      0.865866      9.048262      9.048262     18.096524
      0.875876      7.169758      7.169758     14.339516
      0.885886      5.250527      5.250527     10.501054
      0.895896      3.551057      3.551057      7.102113
      0.905906      2.217311      2.217311      4.434622
      0.915916      1.278050      1.278050      2.556100
      0.925926      0.680031      0.680031      1.360063
      0.935936      0.334240      0.334240      0.668479
      0.945946      0.152561      0.152561      0.305122
      0.955956      0.067273      0.067273      0.134545
      0.965966      0.036236      0.036236      0.072472
      0.975976      0.041065      0.041065      0.082130
      0.985986      0.084799      0.084799      0.169597
      0.995996      0.192415      0.192415      0.384829
      1.006006      0.413701      0.413701      0.827403
      1.016016      0.824296      0.824296      1.648591
      1.026026      1.518104      1.518104      3.036208
      1.036036      2.584942      2.584942      5.169884
      1.046046      4.073381      4.073381      8.146763
      1.056056      5.950114      5.950114     11.900227
      1.066066      8.077676      8.077676     16.155353
      1.076076     10.232332     10.232332     20.464664
      1.086086     12.166774     12.166774     24.333548
      1.096096     13.694124     13.694124     27.388248
      1.106106     14.749451     14.749451     29.498901
      1.116116     15.392137     15.392137     30.784274
      1.126126     15.748123     15.748123     31.496246
      1.136136     15.931756     15.931756     31.863513
      1.146146     16.000247     16.000247     32.000494
      1.156156     15.966386     15.966386     31.932771
      1.166166     15.847814     15.847814     31.695627
      1.176176     15.703015     15.703015     31.406030
      1.186186     15.619184     15.619184     31.238369
      1.196196     15.661745     15.661745     31.323490
      1.206206     15.829884     15.829884     31.659769
      1.216216     16.056526     16.056526     32.113052
      1.226226     16.250897     16.250897     32.501794
      1.236236     16.344304     16.344304     32.688608
      1.246246     16.299085     16.299085     32.598170
      1.256256     16.077055     16.077055     32.154110
      1.266266     15.603578     15.603578     31.207155
      1.276276     14.770379     14.770379     29.540758
      1.286286     13.488255     13.488255     26.976510
      1.296296     11.758281     11.758281     23.516561
      1.306306      9.713407      9.713407     19.426815
      1.316316      7.603631      7.603631     15.207262
      1.326326      5.737217      5.737217     11.474433
      1.336336      4.415327      4.415327      8.830655
      1.346346      3.890908      3.890908      7.781817
      1.356356      4.354372      4.354372      8.708745
      1.366366      5.923615      5.923615     11.847230
      1.376376      8.614177      8.614177     17.228353
      1.386386     12.288274     12.288274     24.576548
      1.396396     16.611597     16.611597     33.223195
      1.406406     21.060116     21.060116     42.120233
      1.416416     25.001612     25.001612     50.003225
      1.426426     27.836087     27.836087     55.672174
      1.436436     29.142372     29.142372     58.284744
      1.446446     28.771742     28.771742     57.543484
      1.456456     26.857877     26.857877     53.715754
      1.466466     23.754775     23.754775     47.509550
      1.476476     19.941108     19.941108     39.882217
      1.486486     15.928390     15.928390     31.856780
      1.496496     12.191600     12.191600     24.383200
      1.506507      9.123457      9.123457     18.246914
      1.516517      7.006595      7.006595     14.013190
      1.526527      5.998279      5.998279     11.996559
      1.536537      6.123982      6.123982     12.247963
      1.546547      7.278444      7.278444     14.556888
      1.556557      9.237414      9.237414     18.474827
      1.566567     11.687291     11.687291     23.374582
      1.576577     14.277280     14.277280     28.554559
      1.586587     16.687535     16.687535     33.375070
      1.596597     18.694916     18.694916     37.389832
      1.606607     20.215707     20.215707     40.431414
      1.616617     21.314112     21.314112     42.628224
      1.626627     22.177500     22.177500     44.354999
      1.636637     23.064735     23.064735     46.129470
      1.646647     24.233384     24.233384     48.466768
      1.656657     25.854940     25.854940     51.709880
      1.666667     27.939476     27.939476     55.878953
      1.676677     30.303378     30.303378     60.606756
      1.686687     32.609332     32.609332     65.218664
      1.696697     34.478542     34.478542     68.957083
      1.706707     35.632622     35.632622     71.265244
      1.716717     35.993962     35.993962     71.987924
      1.726727     35.684243     35.684243     71.368486
      1.736737     34.915211     34.915211     69.830421
      1.746747     33.835510     33.835510     67.671020
      1.756757     32.434634     32.434634     64.869267
      1.766767     30.576127     30.576127     61.152255
      1.776777     28.148686     28.148686     56.297372
      1.786787     25.240827     25.240827     50.481653
      1.796797     22.221238     22.221238     44.442475
      1.806807     19.659573     19.659573     39.319146
      1.816817     18.114841     18.114841     36.229682
      1.826827     17.892145     17.892145     35.784289
      1.836837     18.884987     18.884987     37.769973
      1.846847     20.579529     20.579529     41.159058
      1.856857     22.225086     22.225086     44.450173
      1.866867     23.103985     23.103985     46.207970
      1.876877     22.790893     22.790893     45.581786
      1.886887     21.294699     21.294699     42.589398
      1.896897     19.026442     19.026442     38.052885
      1.906907     16.613882     16.613882     33.227763
      1.916917     14.650283     14.650283     29.300567
      1.926927     13.489237     13.489237     26.978473
      1.936937     13.168845     13.168845     26.337689
      1.946947     13.484021     13.484021     26.968042
      1.956957     14.155917     14.155917     28.311835
      1.966967     15.003651     15.003651     30.007303
      1.976977     16.025518     16.025518     32.051036
      1.986987     17.346430     17.346430     34.692860
      1.996997     19.064441     19.064441     38.128882
      2.007007     21.092269     21.092269     42.184539
      2.017017     23.100142     23.100142     46.200284
      2.027027     24.610743     24.610743     49.221485
      2.037037     25.203788     25.203788     50.407576
      2.047047     24.714745     24.714745     49.429491
      2.057057     23.309668     23.309668     46.619337
      2.067067     21.391572     21.391572     42.783144
      2.077077     19.396212     19.396212     38.792424
      2.087087     17.599006     17.599006     35.198011
      2.097097     16.040063     16.040063     32.080125
      2.107107     14.595592     14.595592     29.191185
      2.117117     13.136891     13.136891     26.273783
      2.127127     11.676928     11.676928     23.353855
      2.137137     10.426069     10.426069     20.852139
      2.147147      9.737806      9.737806     19.475611
      2.157157      9.980665      9.980665     19.961330
      2.167167     11.396372     11.396372     22.792745
      2.177177     13.995955     13.995955     27.991911
      2.187187     17.521653     17.521653     35.043307
      2.197197     21.479340     21.479340     42.958680
      2.207207     25.229988     25.229988     50.459977
      2.217217     28.118302     28.118302     56.236604
      2.227227     29.609963     29.609963     59.219925
      2.237237     29.406200     29.406200     58.812401
      2.247247     27.507207     27.507207     55.014415
      2.257257     24.205970     24.205970     48.411940
      2.267267     20.011847     20.011847     40.023693
      2.277277     15.525387     15.525387     31.050773
      2.287287     11.304158     11.304158     22.608315
      2.297297      7.763586      7.763586     15.527172
      2.307307      5.142252      5.142252     10.284505
      2.317317      3.533598      3.533598      7.067196
      2.327327      2.958906      2.958906      5.917812
      2.337337      3.442012      3.442012      6.884024
      2.347347      5.048739      5.048739     10.097478
      2.357357      7.870020      7.870020     15.740040
      2.367367     11.950224     11.950224     23.900447
      2.377377     17.184937     17.184937     34.369874
      2.387387     23.229615     23.229615     46.459230
      2.397397     29.465929     29.465929     58.931858
      2.407407     35.060875     35.060875     70.121750
      2.417417     39.123599     39.123599     78.247199
      2.427427     40.923804     40.923804     81.847609
      2.437437     40.100271     40.100271     80.200543
      2.447447     36.778658     36.778658     73.557315
      2.457457     31.545967     31.545967     63.091934
      2.467467     25.286806     25.286806     50.573612
      2.477477     18.945804     18.945804     37.891608
      2.487487     13.309158     13.309158     26.618315
      2.497497      8.880897      8.880897     17.761794
      2.507508      5.878144      5.878144     11.756288
      2.517518      4.314673      4.314673      8.629346
      2.527528      4.111173      4.111173      8.222346
      2.537538      5.173752      5.173752     10.347504
      2.547548      7.410625      7.410625     14.821249
      2.557558     10.692927     10.692927     21.385855
      2.567568     14.793102     14.793102     29.586204
      2.577578     19.343915     19.343915     38.687829
      2.587588     23.851360     23.851360     47.702719
      2.597598     27.770680     27.770680     55.541359
      2.607608     30.626320     30.626320     61.252639
      2.617618     32.134908     32.134908     64.269817
      2.627628     32.284293     32.284293     64.568586
      2.637638     31.335507     31.335507     62.671013
      2.647648     29.745145     29.745145     59.490290
      2.657658     28.040302     28.040302     56.080604
      2.667668     26.698096     26.698096     53.396192
      2.677678     26.073232     26.073232     52.146464
      2.687688     26.384035     26.384035     52.768069
      2.697698     27.731985     27.731985     55.463970
      2.707708     30.116210     30.116210     60.232419
      2.717718     33.419691     33.419691     66.839381
      2.727728     37.374495     37.374495     74.748990
      2.737738     41.537953     41.537953     83.075907
      2.747748     45.317360     45.317360     90.634720
      2.757758     48.065562     48.065562     96.131124
      2.767768     49.238258     49.238258     98.476516
      2.777778     48.565658     48.565658     97.131316
      2.787788     46.164789     46.164789     92.329578
      2.797798     42.526506     42.526506     85.053012
      2.807808     38.361443     38.361443     76.722885
      2.817818     34.360336     34.360336     68.720671
      2.827828     30.973194     30.973194     61.946389
      2.837838     28.304879     28.304879     56.609757
      2.847848     26.164470     26.164470     52.328939
      2.857858     24.229766     24.229766     48.459532
      2.867868     22.239315     22.239315     44.478630
      2.877878     20.123159     20.123159     40.246319
      2.887888     18.021815     18.021815     36.043630
      2.897898     16.197715     16.197715     32.395430
      2.907908     14.890909     14.890909     29.781818
      2.917918     14.193654     14.193654     28.387308
      2.927928     14.006821     14.006821     28.013642
      2.937938     14.097544     14.097544     28.195088
      2.947948     14.221741     14.221741     28.443482
      2.957958     14.238025     14.238025     28.476049
      2.967968     14.145639     14.145639     28.291279
      2.977978     14.027666     14.027666     28.055332
      2.987988     13.941918     13.941918     27.883837
      2.997998     13.835210     13.835210     27.670421
      3.008008     13.539304     13.539304     27.078608
      3.018018     12.851404     12.851404     25.702808
      3.028028     11.647319     11.647319     23.294639
      3.038038      9.958017      9.958017     19.916035
      3.048048      7.968471      7.968471     15.936942
      3.058058      5.947898      5.947898     11.895797
      3.068068      4.157495      4.157495      8.314990
      3.078078      2.784880      2.784880      5.569760
      3.088088      1.928727      1.928727      3.857455
      3.098098      1.623974      1.623974      3.247949
      3.108108      1.877915      1.877915      3.755829
      3.118118      2.687991      2.687991      5.375982
      3.128128      4.028906      4.028906      8.057813
      3.138138      5.819539      5.819539     11.639078
      3.148148      7.897683      7.897683     15.795367
      3.158158     10.032475     10.032475     20.064950
      3.168168     11.985674     11.985674     23.971348
      3.178178     13.600476     13.600476     27.200952
      3.188188     14.869652     14.869652     29.739304
      3.198198     15.935182     15.935182     31.870364
      3.208208     17.005479     17.005479     34.010958
      3.218218     18.225620     18.225620     36.451239
      3.228228     19.568266     19.568266     39.136533
      3.238238     20.805580     20.805580     41.611160
      3.248248     21.579677     21.579677     43.159354
      3.258258     21.538359     21.538359     43.076718
      3.268268     20.473255     20.473255     40.946509
      3.278278     18.401711     18.401711     36.803422
      3.288288     15.564010     15.564010     31.128020
      3.298298     12.345402     12.345402     24.690804
      3.308308      9.160724      9.160724     18.321448
      3.318318      6.348165      6.348165     12.696329
      3.328328      4.107610      4.107610      8.215221
      3.338338      2.495591      2.495591      4.991183
      3.348348      1.465357      1.465357      2.930714
      3.358358      0.927183      0.927183      1.854367
      3.368368      0.803472      0.803472      1.606944
      3.378378      1.061045      1.061045      2.122089
      3.388388      1.712716      1.712716      3.425433
      3.398398      2.788673      2.788673      5.577346
      3.408408      4.286857      4.286857      8.573715
      3.418418      6.121770      6.121770     12.243541
      3.428428      8.099119      8.099119     16.198238
      3.438438      9.940811      9.940811     19.881622
      3.448448     11.364687     11.364687     22.729373
      3.458458     12.191532     12.191532     24.383065
      3.468468     12.426863     12.426863     24.853726
      3.478478     12.267186     12.267186     24.534371
      3.488488     12.015678     12.015678     24.031356
      3.498498     11.943135     11.943135     23.886271
      3.508509     12.165427     12.165427     24.330853
      3.518519     12.604124     12.604124     25.208249
      3.528529     13.052035     13.052035     26.104070
      3.538539     13.305269     13.305269     26.610537
      3.548549     13.284294     13.284294     26.568588
      3.558559     13.072768     13.072768     26.145536
      3.568569     12.852270     12.852270     25.704541
      3.578579     12.774043     12.774043     25.548086
      3.588589     12.846697     12.846697     25.693394
      3.598599     12.908261     12.908261     25.816522
      3.608609     12.699078     12.699078     25.398156
      3.618619     11.992238     11.992238     23.984475
      3.628629     10.707638     10.707638     21.415275
      3.638639      8.951115      8.951115     17.902231
      3.648649      6.967660      6.967660     13.935320
      3.658659      5.044902      5.044902     10.089803
      3.668669      3.422032      3.422032      6.844064
      3.678679      2.244387      2.244387      4.488774
      3.688689      1.570983      1.570983      3.141966
      3.698699      1.413626      1.413626      2.827251
      3.708709      1.775326      1.775326      3.550652
      3.718719      2.663129      2.663129      5.326259
      3.728729      4.068694      4.068694      8.137389
      3.738739      5.930173      5.930173     11.860347
      3.748749      8.102568      8.102568     16.205135
      3.758759     10.362962     10.362962     20.725924
      3.768769     12.458650     12.458650     24.917301
      3.778779     14.177829     14.177829     28.355658
      3.788789     15.402904     15.402904     30.805808
      3.798799     16.113321     16.113321     32.226642
      3.808809     16.338176     16.338176     32.676352
      3.818819     16.095591     16.095591     32.191181
      3.828829     15.366191     15.366191     30.732382
      3.838839     14.121492     14.121492     28.242985
      3.848849     12.384803     12.384803     24.769605
      3.858859     10.276858     10.276858     20.553715
      3.868869      8.009983      8.009983     16.019966
      3.878879      5.831578      5.831578     11.663156
      3.888889      3.950280      3.950280      7.900559
      3.898899      2.484207      2.484207      4.968414
      3.908909      1.451610      1.451610      2.903221
      3.918919      0.798374      0.798374      1.596748
      3.928929      0.441880      0.441880      0.883761
      3.938939      0.311426      0.311426      0.622853
      3.948949      0.374811      0.374811      0.749621
      3.958959      0.649131      0.649131      1.298262
      3.968969      1.196641      1.196641      2.393282
      3.978979      2.105663      2.105663      4.211326
      3.988989      3.457505      3.457505      6.915011
      3.998999      5.286590      5.286590     10.573179
      4.009009      7.549983      7.549983     15.099965
      4.019019     10.125677     10.125677     20.251355
      4.029029     12.847707     12.847707     25.695415
      4.039039     15.562089     15.562089     31.124177
      4.049049     18.166520     18.166520     36.333039
      4.059059     20.599881     20.599881     41.199763
      4.069069     22.781692     22.781692     45.563384
      4.079079     24.546471     24.546471     49.092941
      4.089089     25.636577     25.636577     51.273153
      4.099099     25.786458     25.786458     51.572917
      4.109109     24.866429     24.866429     49.732857
      4.119119     23.001532     23.001532     46.003063
      4.129129     20.582798     20.582798     41.165596
      4.139139     18.147519     18.147519     36.295037
      4.149149     16.183413     16.183413     32.366827
      4.159159     14.957301     14.957301     29.914603
      4.169169     14.454185     14.454185     28.908370
      4.179179     14.448990     14.448990     28.897980
      4.189189     14.660458     14.660458     29.320916
      4.199199     14.897226     14.897226     29.794452
      4.209209     15.120757     15.120757     30.241514
      4.219219     15.406499     15.406499     30.812999
      4.229229     15.846157     15.846157     31.692313
      4.239239     16.461237     16.461237     32.922474
      4.249249     17.177055     17.177055     34.354109
      4.259259     17.857939     17.857939     35.715878
      4.269269     18.367019     18.367019     36.734037
      4.279279     18.611970     18.611970     37.223940
      4.289289     18.563161     18.563161     37.126322
      4.299299     18.253487     18.253487     36.506975
      4.309309     17.770202     17.770202     35.540404
      4.319319     17.236319     17.236319     34.472637
      4.329329     16.775906     16.775906     33.551812
      4.339339     16.473502     16.473502     32.947003
      4.349349     16.355736     16.355736     32.711472
      4.359359     16.417036     16.417036     32.834072
      4.369369     16.676431     16.676431     33.352862
      4.379379     17.216207     17.216207     34.432413
      4.389389     18.152200     18.152200     36.304399
      4.399399     19.530796     19.530796     39.061592
      4.409409     21.210023     21.210023     42.420045
      4.419419     22.812452     22.812452     45.624904
      4.429429     23.806441     23.806441     47.612882
      4.439439     23.695171     23.695171     47.390343
      4.449449     22.221689     22.221689     44.443378
      4.459459     19.482487     19.482487     38.964975
      4.469469     15.893077     15.893077     31.786154
      4.479479     12.031098     12.031098     24.062196
      4.489489      8.442180      8.442180     16.884360
      4.499499      5.498147      5.498147     10.996295
      4.509510      3.354046      3.354046      6.708092
      4.519520      1.994921      1.994921      3.989843
      4.529530      1.328312      1.328312      2.656624
      4.539540      1.274146      1.274146      2.548293
      4.549550      1.819112      1.819112      3.638224
      4.559560      3.021280      3.021280      6.042560
      4.569570      4.965172      4.965172      9.930344
      4.579580      7.680198      7.680198     15.360396
      4.589590     11.050734     11.050734     22.101469
      4.599600     14.760252     14.760252     29.520504
      4.609610     18.312098     18.312098     36.624196
      4.619620     21.144270     21.144270     42.288540
      4.629630     22.808636     22.808636     45.617271
      4.639640     23.140610     23.140610     46.281220
      4.649650     22.334631     22.334631     44.669263
      4.659660     20.878903     20.878903     41.757806
      4.669670     19.372744     19.372744     38.745489
      4.679680     18.310399     18.310399     36.620799
      4.689690     17.928854     17.928854     35.857709
      4.699700     18.177109     18.177109     36.354218
      4.709710     18.798592     18.798592     37.597183
      4.719720     19.468848     19.468848     38.937697
      4.729730     19.922524     19.922524     39.845049
      4.739740     20.030133     20.030133     40.060265
      4.749750     19.818197     19.818197     39.636394
      4.759760     19.443553     19.443553     38.887106
      4.769770     19.133882     19.133882     38.267763
      4.779780     19.107427     19.107427     38.214854
      4.789790     19.494470     19.494470     38.988941
      4.799800     20.292709     20.292709     40.585419
      4.809810     21.382061     21.382061     42.764122
      4.819820     22.597444     22.597444     45.194888
      4.829830     23.825442     23.825442     47.650883
      4.839840     25.073609     25.073609     50.147217
      4.849850     26.471132     26.471132     52.942263
      4.859860     28.192370     28.192370     56.384741
      4.869870     30.335165     30.335165     60.670330
      4.879880     32.813887     32.813887     65.627774
      4.889890     35.325994     35.325994     70.651988
      4.899900     37.416288     37.416288     74.832577
      4.909910     38.612148     38.612148     77.224296
      4.919920     38.567264     38.567264     77.134528
      4.929930     37.154355     37.154355     74.308710
      4.939940     34.483749     34.483749     68.967498
      4.949950     30.864474     30.864474     61.728948
      4.959960     26.739078     26.739078     53.478156
      4.969970     22.610061     22.610061     45.220121
      4.979980     18.956829     18.956829     37.913658
      4.989990     16.140858     16.140858     32.281715
      5.000000     14.315892     14.315892     28.631783
