# EIG2DOS: Utility for SIESTA to obtain the electronic density of states
#  E. Artacho, Apr 1999, A. Garcia, Apr 2012
#  Nick R. Papior, Feb 2017
# ------------------------------------------
# Eigenvalues calculated from a non-polarized calculation
# Eigenvalues read from siesta.EIG
# Kpoint weights read from siesta.KP
# Using smearing parameter:   0.0500
# Using 1000 points in the energy range
# Selected bands: 1 to: 2981
# Emin, Emax in file for selected band(s):    -27.2441675    218.3573160
# Nbands, Nspin, Nk   =   2981     1     1
# E_F                 =    -4.2471 eV --> (shifted to ZERO)
# Broadening          =     0.0500 eV
#
#        E            N(up)  (=)   N(down)         Ntot
     -5.000000     33.131360     33.131360     66.262720
     -4.989990     37.237379     37.237379     74.474759
     -4.979980     40.859775     40.859775     81.719550
     -4.969970     43.447709     43.447709     86.895418
     -4.959960     44.562444     44.562444     89.124889
     -4.949950     44.019207     44.019207     88.038413
     -4.939940     41.958682     41.958682     83.917363
     -4.929930     38.830908     38.830908     77.661816
     -4.919920     35.313948     35.313948     70.627895
     -4.909910     32.204222     32.204222     64.408445
     -4.899900     30.298807     30.298807     60.597614
     -4.889890     30.262877     30.262877     60.525755
     -4.879880     32.470642     32.470642     64.941284
     -4.869870     36.840906     36.840906     73.681813
     -4.859860     42.737796     42.737796     85.475593
     -4.849850     49.025975     49.025975     98.051949
     -4.839840     54.323106     54.323106    108.646211
     -4.829830     57.392781     57.392781    114.785561
     -4.819820     57.528354     57.528354    115.056707
     -4.809810     54.759255     54.759255    109.518511
     -4.799800     49.789111     49.789111     99.578221
     -4.789790     43.706177     43.706177     87.412355
     -4.779780     37.610485     37.610485     75.220971
     -4.769770     32.318474     32.318474     64.636948
     -4.759760     28.236970     28.236970     56.473940
     -4.749750     25.399917     25.399917     50.799835
     -4.739740     23.595562     23.595562     47.191125
     -4.729730     22.503737     22.503737     45.007474
     -4.719720     21.794961     21.794961     43.589922
     -4.709710     21.182767     21.182767     42.365534
     -4.699700     20.446950     20.446950     40.893901
     -4.689690     19.453568     19.453568     38.907137
     -4.679680     18.189473     18.189473     36.378947
     -4.669670     16.808773     16.808773     33.617545
     -4.659660     15.665226     15.665226     31.330452
     -4.649650     15.292883     15.292883     30.585765
     -4.639640     16.308171     16.308171     32.616342
     -4.629630     19.238192     19.238192     38.476384
     -4.619620     24.317909     24.317909     48.635819
     -4.609610     31.325919     31.325919     62.651838
     -4.599600     39.531400     39.531400     79.062801
     -4.589590     47.798177     47.798177     95.596353
     -4.579580     54.839775     54.839775    109.679550
     -4.569570     59.558879     59.558879    119.117757
     -4.559560     61.361559     61.361559    122.723118
     -4.549550     60.333959     60.333959    120.667919
     -4.539540     57.212143     57.212143    114.424287
     -4.529530     53.148568     53.148568    106.297136
     -4.519520     49.352159     49.352159     98.704317
     -4.509510     46.724951     46.724951     93.449902
     -4.499499     45.619076     45.619076     91.238151
     -4.489489     45.791978     45.791978     91.583956
     -4.479479     46.561520     46.561520     93.123041
     -4.469469     47.087104     47.087104     94.174209
     -4.459459     46.661432     46.661432     93.322865
     -4.449449     44.908232     44.908232     89.816463
     -4.439439     41.836031     41.836031     83.672061
     -4.429429     37.766376     37.766376     75.532753
     -4.419419     33.201019     33.201019     66.402037
     -4.409409     28.695894     28.695894     57.391787
     -4.399399     24.775981     24.775981     49.551963
     -4.389389     21.882483     21.882483     43.764966
     -4.379379     20.323849     20.323849     40.647699
     -4.369369     20.217384     20.217384     40.434768
     -4.359359     21.442128     21.442128     42.884255
     -4.349349     23.644403     23.644403     47.288805
     -4.339339     26.323139     26.323139     52.646279
     -4.329329     28.979672     28.979672     57.959344
     -4.319319     31.275550     31.275550     62.551100
     -4.309309     33.130644     33.130644     66.261288
     -4.299299     34.718662     34.718662     69.437325
     -4.289289     36.360692     36.360692     72.721384
     -4.279279     38.355577     38.355577     76.711153
     -4.269269     40.806441     40.806441     81.612882
     -4.259259     43.506712     43.506712     87.013423
     -4.249249     45.939002     45.939002     91.878003
     -4.239239     47.410982     47.410982     94.821964
     -4.229229     47.299746     47.299746     94.599491
     -4.219219     45.315345     45.315345     90.630690
     -4.209209     41.662313     41.662313     83.324626
     -4.199199     37.008948     37.008948     74.017896
     -4.189189     32.264433     32.264433     64.528866
     -4.179179     28.264049     28.264049     56.528099
     -4.169169     25.509805     25.509805     51.019611
     -4.159159     24.078381     24.078381     48.156762
     -4.149149     23.716023     23.716023     47.432047
     -4.139139     24.048680     24.048680     48.097360
     -4.129129     24.792386     24.792386     49.584772
     -4.119119     25.864358     25.864358     51.728715
     -4.109109     27.350472     27.350472     54.700944
     -4.099099     29.352991     29.352991     58.705983
     -4.089089     31.800662     31.800662     63.601325
     -4.079079     34.330237     34.330237     68.660474
     -4.069069     36.324838     36.324838     72.649675
     -4.059059     37.118870     37.118870     74.237739
     -4.049049     36.283674     36.283674     72.567348
     -4.039039     33.850062     33.850062     67.700124
     -4.029029     30.347130     30.347130     60.694261
     -4.019019     26.633788     26.633788     53.267575
     -4.009009     23.610497     23.610497     47.220993
     -3.998999     21.953509     21.953509     43.907017
     -3.988989     21.982389     21.982389     43.964778
     -3.978979     23.682937     23.682937     47.365875
     -3.968969     26.824617     26.824617     53.649234
     -3.958959     31.084330     31.084330     62.168659
     -3.948949     36.121707     36.121707     72.243415
     -3.938939     41.607613     41.607613     83.215226
     -3.928929     47.240218     47.240218     94.480436
     -3.918919     52.771637     52.771637    105.543274
     -3.908909     58.031875     58.031875    116.063750
     -3.898899     62.914637     62.914637    125.829273
     -3.888889     67.305637     67.305637    134.611274
     -3.878879     70.978744     70.978744    141.957488
     -3.868869     73.524320     73.524320    147.048641
     -3.858859     74.375895     74.375895    148.751791
     -3.848849     72.958683     72.958683    145.917365
     -3.838839     68.917595     68.917595    137.835191
     -3.828829     62.329719     62.329719    124.659438
     -3.818819     53.798124     53.798124    107.596247
     -3.808809     44.368829     44.368829     88.737658
     -3.798799     35.289249     35.289249     70.578499
     -3.788789     27.694458     27.694458     55.388916
     -3.778779     22.332807     22.332807     44.665614
     -3.768769     19.417274     19.417274     38.834548
     -3.758759     18.634088     18.634088     37.268176
     -3.748749     19.286607     19.286607     38.573215
     -3.738739     20.520270     20.520270     41.040539
     -3.728729     21.565647     21.565647     43.131294
     -3.718719     21.942335     21.942335     43.884670
     -3.708709     21.578288     21.578288     43.156576
     -3.698699     20.815134     20.815134     41.630268
     -3.688689     20.292027     20.292027     40.584054
     -3.678679     20.730167     20.730167     41.460334
     -3.668669     22.673445     22.673445     45.346890
     -3.658659     26.266596     26.266596     52.533192
     -3.648649     31.154340     31.154340     62.308680
     -3.638639     36.550862     36.550862     73.101725
     -3.628629     41.463535     41.463535     82.927069
     -3.618619     44.986373     44.986373     89.972747
     -3.608609     46.547033     46.547033     93.094066
     -3.598599     46.018620     46.018620     92.037240
     -3.588589     43.678351     43.678351     87.356701
     -3.578579     40.063019     40.063019     80.126038
     -3.568569     35.796399     35.796399     71.592799
     -3.558559     31.443273     31.443273     62.886546
     -3.548549     27.410001     27.410001     54.820002
     -3.538539     23.893821     23.893821     47.787642
     -3.528529     20.885179     20.885179     41.770359
     -3.518519     18.228102     18.228102     36.456204
     -3.508509     15.726428     15.726428     31.452856
     -3.498498     13.257589     13.257589     26.515177
     -3.488488     10.845089     10.845089     21.690178
     -3.478478      8.659490      8.659490     17.318980
     -3.468468      6.953653      6.953653     13.907306
     -3.458458      5.966025      5.966025     11.932050
     -3.448448      5.830688      5.830688     11.661376
     -3.438438      6.520685      6.520685     13.041371
     -3.428428      7.837421      7.837421     15.674842
     -3.418418      9.451359      9.451359     18.902718
     -3.408408     10.991634     10.991634     21.983268
     -3.398398     12.166113     12.166113     24.332227
     -3.388388     12.872689     12.872689     25.745378
     -3.378378     13.253862     13.253862     26.507725
     -3.368368     13.664292     13.664292     27.328584
     -3.358358     14.559952     14.559952     29.119904
     -3.348348     16.353720     16.353720     32.707441
     -3.338338     19.290982     19.290982     38.581963
     -3.328328     23.376769     23.376769     46.753537
     -3.318318     28.354775     28.354775     56.709549
     -3.308308     33.725224     33.725224     67.450448
     -3.298298     38.799575     38.799575     77.599151
     -3.288288     42.804260     42.804260     85.608519
     -3.278278     45.036291     45.036291     90.072583
     -3.268268     45.038236     45.038236     90.076472
     -3.258258     42.728004     42.728004     85.456008
     -3.248248     38.424136     38.424136     76.848272
     -3.238238     32.753701     32.753701     65.507402
     -3.228228     26.486001     26.486001     52.972002
     -3.218218     20.362459     20.362459     40.724918
     -3.208208     14.978868     14.978868     29.957737
     -3.198198     10.738807     10.738807     21.477615
     -3.188188      7.863795      7.863795     15.727589
     -3.178178      6.431309      6.431309     12.862617
     -3.168168      6.414662      6.414662     12.829324
     -3.158158      7.710771      7.710771     15.421541
     -3.148148     10.155320     10.155320     20.310639
     -3.138138     13.533070     13.533070     27.066139
     -3.128128     17.589565     17.589565     35.179130
     -3.118118     22.041623     22.041623     44.083245
     -3.108108     26.578162     26.578162     53.156324
     -3.098098     30.850591     30.850591     61.701182
     -3.088088     34.470217     34.470217     68.940433
     -3.078078     37.040734     37.040734     74.081469
     -3.068068     38.238425     38.238425     76.476850
     -3.058058     37.914666     37.914666     75.829332
     -3.048048     36.163548     36.163548     72.327096
     -3.038038     33.303723     33.303723     66.607446
     -3.028028     29.772089     29.772089     59.544178
     -3.018018     25.984781     25.984781     51.969562
     -3.008008     22.243501     22.243501     44.487003
     -2.997998     18.734028     18.734028     37.468056
     -2.987988     15.602254     15.602254     31.204508
     -2.977978     13.046388     13.046388     26.092776
     -2.967968     11.360931     11.360931     22.721861
     -2.957958     10.902395     10.902395     21.804789
     -2.947948     11.989252     11.989252     23.978503
     -2.937938     14.775226     14.775226     29.550453
     -2.927928     19.141726     19.141726     38.283452
     -2.917918     24.650142     24.650142     49.300284
     -2.907908     30.582775     30.582775     61.165550
     -2.897898     36.078882     36.078882     72.157764
     -2.887888     40.338248     40.338248     80.676495
     -2.877878     42.829329     42.829329     85.658658
     -2.867868     43.423279     43.423279     86.846557
     -2.857858     42.395283     42.395283     84.790565
     -2.847848     40.287779     40.287779     80.575559
     -2.837838     37.692209     37.692209     75.384418
     -2.827828     35.044293     35.044293     70.088585
     -2.817818     32.520397     32.520397     65.040795
     -2.807808     30.071216     30.071216     60.142433
     -2.797798     27.559835     27.559835     55.119670
     -2.787788     24.920743     24.920743     49.841487
     -2.777778     22.251509     22.251509     44.503018
     -2.767768     19.791873     19.791873     39.583745
     -2.757758     17.811717     17.811717     35.623434
     -2.747748     16.481621     16.481621     32.963241
     -2.737738     15.807096     15.807096     31.614193
     -2.727728     15.665074     15.665074     31.330148
     -2.717718     15.914036     15.914036     31.828072
     -2.707708     16.499633     16.499633     32.999266
     -2.697698     17.479342     17.479342     34.958683
     -2.687688     18.944621     18.944621     37.889243
     -2.677678     20.892584     20.892584     41.785167
     -2.667668     23.140825     23.140825     46.281649
     -2.657658     25.356606     25.356606     50.713212
     -2.647648     27.196151     27.196151     54.392301
     -2.637638     28.472046     28.472046     56.944092
     -2.627628     29.242468     29.242468     58.484937
     -2.617618     29.764816     29.764816     59.529632
     -2.607608     30.344533     30.344533     60.689066
     -2.597598     31.173757     31.173757     62.347513
     -2.587588     32.249333     32.249333     64.498666
     -2.577578     33.395333     33.395333     66.790665
     -2.567568     34.346126     34.346126     68.692252
     -2.557558     34.825385     34.825385     69.650770
     -2.547548     34.591234     34.591234     69.182468
     -2.537538     33.467118     33.467118     66.934237
     -2.527528     31.392543     31.392543     62.785087
     -2.517518     28.495470     28.495470     56.990941
     -2.507508     25.142363     25.142363     50.284727
     -2.497497     21.908465     21.908465     43.816931
     -2.487487     19.446495     19.446495     38.892990
     -2.477477     18.292170     18.292170     36.584339
     -2.467467     18.688041     18.688041     37.376082
     -2.457457     20.506333     20.506333     41.012666
     -2.447447     23.308973     23.308973     46.617946
     -2.437437     26.521605     26.521605     53.043210
     -2.427427     29.646487     29.646487     59.292973
     -2.417417     32.419849     32.419849     64.839697
     -2.407407     34.842850     34.842850     69.685701
     -2.397397     37.073730     37.073730     74.147459
     -2.387387     39.236301     39.236301     78.472603
     -2.377377     41.243755     41.243755     82.487509
     -2.367367     42.733778     42.733778     85.467556
     -2.357357     43.160341     43.160341     86.320682
     -2.347347     42.011300     42.011300     84.022600
     -2.337337     39.055911     39.055911     78.111821
     -2.327327     34.506654     34.506654     69.013309
     -2.317317     29.018425     29.018425     58.036850
     -2.307307     23.525395     23.525395     47.050791
     -2.297297     18.988471     18.988471     37.976941
     -2.287287     16.155165     16.155165     32.310330
     -2.277277     15.410187     15.410187     30.820374
     -2.267267     16.742903     16.742903     33.485807
     -2.257257     19.811124     19.811124     39.622247
     -2.247247     24.058506     24.058506     48.117012
     -2.237237     28.843019     28.843019     57.686037
     -2.227227     33.544417     33.544417     67.088834
     -2.217217     37.632346     37.632346     75.264692
     -2.207207     40.692953     40.692953     81.385906
     -2.197197     42.429687     42.429687     84.859373
     -2.187187     42.665211     42.665211     85.330422
     -2.177177     41.365101     41.365101     82.730201
     -2.167167     38.678137     38.678137     77.356275
     -2.157157     34.957786     34.957786     69.915572
     -2.147147     30.720658     30.720658     61.441316
     -2.137137     26.526137     26.526137     53.052274
     -2.127127     22.813968     22.813968     45.627935
     -2.117117     19.776168     19.776168     39.552337
     -2.107107     17.332390     17.332390     34.664780
     -2.097097     15.223023     15.223023     30.446046
     -2.087087     13.167821     13.167821     26.335642
     -2.077077     11.004830     11.004830     22.009660
     -2.067067      8.744914      8.744914     17.489828
     -2.057057      6.532462      6.532462     13.064924
     -2.047047      4.553457      4.553457      9.106913
     -2.037037      2.948480      2.948480      5.896960
     -2.027027      1.769215      1.769215      3.538430
     -2.017017      0.983607      0.983607      1.967213
     -2.007007      0.510546      0.510546      1.021092
     -1.996997      0.259741      0.259741      0.519482
     -1.986987      0.161557      0.161557      0.323114
     -1.976977      0.183974      0.183974      0.367949
     -1.966967      0.341190      0.341190      0.682380
     -1.956957      0.698533      0.698533      1.397066
     -1.946947      1.373611      1.373611      2.747221
     -1.936937      2.527966      2.527966      5.055933
     -1.926927      4.341033      4.341033      8.682065
     -1.916917      6.961629      6.961629     13.923258
     -1.906907     10.441917     10.441917     20.883835
     -1.896897     14.671263     14.671263     29.342527
     -1.886887     19.336791     19.336791     38.673582
     -1.876877     23.937498     23.937498     47.874995
     -1.866867     27.866410     27.866410     55.732819
     -1.856857     30.551665     30.551665     61.103330
     -1.846847     31.618886     31.618886     63.237772
     -1.836837     31.015623     31.015623     62.031246
     -1.826827     29.038942     29.038942     58.077884
     -1.816817     26.238932     26.238932     52.477865
     -1.806807     23.226497     23.226497     46.452993
     -1.796797     20.465477     20.465477     40.930954
     -1.786787     18.143119     18.143119     36.286238
     -1.776777     16.174503     16.174503     32.349005
     -1.766767     14.325581     14.325581     28.651163
     -1.756757     12.379424     12.379424     24.758848
     -1.746747     10.257685     10.257685     20.515369
     -1.736737      8.047847      8.047847     16.095694
     -1.726727      5.946358      5.946358     11.892717
     -1.716717      4.169134      4.169134      8.338268
     -1.706707      2.883224      2.883224      5.766448
     -1.696697      2.184468      2.184468      4.368935
     -1.686687      2.110577      2.110577      4.221153
     -1.676677      2.659726      2.659726      5.319451
     -1.666667      3.789138      3.789138      7.578276
     -1.656657      5.389776      5.389776     10.779552
     -1.646647      7.257552      7.257552     14.515104
     -1.636637      9.093522      9.093522     18.187044
     -1.626627     10.556234     10.556234     21.112468
     -1.616617     11.361540     11.361540     22.723081
     -1.606607     11.394134     11.394134     22.788268
     -1.596597     10.780958     10.780958     21.561917
     -1.586587      9.889525      9.889525     19.779051
     -1.576577      9.245904      9.245904     18.491809
     -1.566567      9.397442      9.397442     18.794885
     -1.556557     10.759237     10.759237     21.518473
     -1.546547     13.481904     13.481904     26.963809
     -1.536537     17.372313     17.372313     34.744626
     -1.526527     21.894031     21.894031     43.788062
     -1.516517     26.263395     26.263395     52.526789
     -1.506507     29.631190     29.631190     59.262380
     -1.496496     31.303506     31.303506     62.607013
     -1.486486     30.929175     30.929175     61.858351
     -1.476476     28.586537     28.586537     57.173074
     -1.466466     24.741567     24.741567     49.483133
     -1.456456     20.102090     20.102090     40.204179
     -1.446446     15.430089     15.430089     30.860177
     -1.436436     11.378375     11.378375     22.756749
     -1.426426      8.392328      8.392328     16.784656
     -1.416416      6.680721      6.680721     13.361442
     -1.406406      6.233302      6.233302     12.466605
     -1.396396      6.858869      6.858869     13.717738
     -1.386386      8.232266      8.232266     16.464531
     -1.376376      9.955756      9.955756     19.911511
     -1.366366     11.641793     11.641793     23.283585
     -1.356356     13.006099     13.006099     26.012198
     -1.346346     13.936946     13.936946     27.873891
     -1.336336     14.502479     14.502479     29.004958
     -1.326326     14.884484     14.884484     29.768968
     -1.316316     15.269774     15.269774     30.539548
     -1.306306     15.757388     15.757388     31.514777
     -1.296296     16.327689     16.327689     32.655379
     -1.286286     16.875831     16.875831     33.751662
     -1.276276     17.271103     17.271103     34.542206
     -1.266266     17.397234     17.397234     34.794468
     -1.256256     17.158440     17.158440     34.316879
     -1.246246     16.472222     16.472222     32.944444
     -1.236236     15.279538     15.279538     30.559077
     -1.226226     13.579803     13.579803     27.159605
     -1.216216     11.466692     11.466692     22.933383
     -1.206206      9.131376      9.131376     18.262753
     -1.196196      6.820713      6.820713     13.641427
     -1.186186      4.769944      4.769944      9.539888
     -1.176176      3.146163      3.146163      6.292326
     -1.166166      2.029478      2.029478      4.058956
     -1.156156      1.433700      1.433700      2.867400
     -1.146146      1.346127      1.346127      2.692253
     -1.136136      1.758442      1.758442      3.516885
     -1.126126      2.668508      2.668508      5.337015
     -1.116116      4.049825      4.049825      8.099649
     -1.106106      5.804652      5.804652     11.609304
     -1.096096      7.730664      7.730664     15.461329
     -1.086086      9.531779      9.531779     19.063558
     -1.076076     10.886328     10.886328     21.772656
     -1.066066     11.554793     11.554793     23.109586
     -1.056056     11.481028     11.481028     22.962056
     -1.046046     10.834376     10.834376     21.668752
     -1.036036      9.962995      9.962995     19.925990
     -1.026026      9.270042      9.270042     18.540084
     -1.016016      9.061442      9.061442     18.122884
     -1.006006      9.427903      9.427903     18.855806
     -0.995996     10.209703     10.209703     20.419405
     -0.985986     11.058630     11.058630     22.117260
     -0.975976     11.571730     11.571730     23.143459
     -0.965966     11.441724     11.441724     22.883447
     -0.955956     10.562425     10.562425     21.124850
     -0.945946      9.049086      9.049086     18.098173
     -0.935936      7.174180      7.174180     14.348360
     -0.925926      5.257113      5.257113     10.514226
     -0.915916      3.561258      3.561258      7.122517
     -0.905906      2.237846      2.237846      4.475692
     -0.895896      1.326351      1.326351      2.652702
     -0.885886      0.794669      0.794669      1.589337
     -0.875876      0.591791      0.591791      1.183581
     -0.865866      0.689934      0.689934      1.379869
     -0.855856      1.103158      1.103158      2.206316
     -0.845846      1.878102      1.878102      3.756204
     -0.835836      3.058820      3.058820      6.117639
     -0.825826      4.635170      4.635170      9.270340
     -0.815816      6.494208      6.494208     12.988415
     -0.805806      8.401151      8.401151     16.802303
     -0.795796     10.031690     10.031690     20.063381
     -0.785786     11.056153     11.056153     22.112307
     -0.775776     11.246634     11.246634     22.493267
     -0.765766     10.559137     10.559137     21.118275
     -0.755756      9.150023      9.150023     18.300045
     -0.745746      7.318252      7.318252     14.636504
     -0.735736      5.402597      5.402597     10.805195
     -0.725726      3.682151      3.682151      7.364302
     -0.715716      2.319403      2.319403      4.638807
     -0.705706      1.357657      1.357657      2.715314
     -0.695696      0.758295      0.758295      1.516590
     -0.685686      0.452258      0.452258      0.904515
     -0.675676      0.384395      0.384395      0.768790
     -0.665666      0.540079      0.540079      1.080158
     -0.655656      0.951480      0.951480      1.902961
     -0.645646      1.683373      1.683373      3.366746
     -0.635636      2.799041      2.799041      5.598082
     -0.625626      4.311312      4.311312      8.622624
     -0.615616      6.133545      6.133545     12.267090
     -0.605606      8.054954      8.054954     16.109908
     -0.595596      9.763686      9.763686     19.527372
     -0.585586     10.923300     10.923300     21.846600
     -0.575576     11.279277     11.279277     22.558553
     -0.565566     10.749681     10.749681     21.499362
     -0.555556      9.455768      9.455768     18.911535
     -0.545546      7.676882      7.676882     15.353763
     -0.535536      5.752541      5.752541     11.505083
     -0.525526      3.978520      3.978520      7.957039
     -0.515516      2.539628      2.539628      5.079256
     -0.505506      1.496255      1.496255      2.992510
     -0.495495      0.813632      0.813632      1.627263
     -0.485485      0.408354      0.408354      0.816708
     -0.475475      0.189162      0.189162      0.378323
     -0.465465      0.080875      0.080875      0.161751
     -0.455455      0.031914      0.031914      0.063829
     -0.445445      0.011624      0.011624      0.023247
     -0.435435      0.003908      0.003908      0.007816
     -0.425425      0.001215      0.001215      0.002430
     -0.415415      0.000360      0.000360      0.000720
     -0.405405      0.000146      0.000146      0.000292
     -0.395395      0.000235      0.000235      0.000469
     -0.385385      0.000769      0.000769      0.001539
     -0.375375      0.002540      0.002540      0.005080
     -0.365365      0.007784      0.007784      0.015568
     -0.355355      0.022027      0.022027      0.044054
     -0.345345      0.057529      0.057529      0.115058
     -0.335335      0.138678      0.138678      0.277356
     -0.325325      0.308544      0.308544      0.617088
     -0.315315      0.633597      0.633597      1.267193
     -0.305305      1.200868      1.200868      2.401736
     -0.295295      2.100703      2.100703      4.201407
     -0.285285      3.391728      3.391728      6.783456
     -0.275275      5.054336      5.054336     10.108672
     -0.265265      6.951749      6.951749     13.903497
     -0.255255      8.824922      8.824922     17.649843
     -0.245245     10.339857     10.339857     20.679713
     -0.235235     11.181627     11.181627     22.363255
     -0.225225     11.160467     11.160467     22.320934
     -0.215215     10.281266     10.281266     20.562531
     -0.205205      8.741735      8.741735     17.483470
     -0.195195      6.860180      6.860180     13.720361
     -0.185185      4.968900      4.968900      9.937801
     -0.175175      3.321788      3.321788      6.643576
     -0.165165      2.049606      2.049606      4.099212
     -0.155155      1.167228      1.167228      2.334456
     -0.145145      0.613519      0.613519      1.227037
     -0.135135      0.297637      0.297637      0.595274
     -0.125125      0.133270      0.133270      0.266540
     -0.115115      0.055076      0.055076      0.110153
     -0.105105      0.021008      0.021008      0.042016
     -0.095095      0.007396      0.007396      0.014792
     -0.085085      0.002403      0.002403      0.004806
     -0.075075      0.000721      0.000721      0.001441
     -0.065065      0.000199      0.000199      0.000399
     -0.055055      0.000051      0.000051      0.000102
     -0.045045      0.000012      0.000012      0.000024
     -0.035035      0.000003      0.000003      0.000005
     -0.025025      0.000001      0.000001      0.000001
     -0.015015      0.000000      0.000000      0.000000
     -0.005005      0.000000      0.000000      0.000000
      0.005005      0.000000      0.000000      0.000000
      0.015015      0.000000      0.000000      0.000000
      0.025025      0.000001      0.000001      0.000001
      0.035035      0.000003      0.000003      0.000005
      0.045045      0.000012      0.000012      0.000024
      0.055055      0.000051      0.000051      0.000102
      0.065065      0.000199      0.000199      0.000399
      0.075075      0.000721      0.000721      0.001441
      0.085085      0.002403      0.002403      0.004806
      0.095095      0.007396      0.007396      0.014792
      0.105105      0.021008      0.021008      0.042016
      0.115115      0.055076      0.055076      0.110153
      0.125125      0.133270      0.133270      0.266540
      0.135135      0.297637      0.297637      0.595274
      0.145145      0.613519      0.613519      1.227037
      0.155155      1.167228      1.167228      2.334456
      0.165165      2.049606      2.049606      4.099212
      0.175175      3.321788      3.321788      6.643576
      0.185185      4.968900      4.968900      9.937801
      0.195195      6.860180      6.860180     13.720361
      0.205205      8.741735      8.741735     17.483470
      0.215215     10.281266     10.281266     20.562531
      0.225225     11.160467     11.160467     22.320934
      0.235235     11.181627     11.181627     22.363255
      0.245245     10.339857     10.339857     20.679713
      0.255255      8.824922      8.824922     17.649843
      0.265265      6.951749      6.951749     13.903497
      0.275275      5.054336      5.054336     10.108672
      0.285285      3.391728      3.391728      6.783456
      0.295295      2.100703      2.100703      4.201407
      0.305305      1.200868      1.200868      2.401736
      0.315315      0.633597      0.633597      1.267193
      0.325325      0.308544      0.308544      0.617088
      0.335335      0.138678      0.138678      0.277356
      0.345345      0.057529      0.057529      0.115058
      0.355355      0.022027      0.022027      0.044054
      0.365365      0.007784      0.007784      0.015568
      0.375375      0.002539      0.002539      0.005079
      0.385385      0.000766      0.000766      0.001533
      0.395395      0.000222      0.000222      0.000444
      0.405405      0.000096      0.000096      0.000191
      0.415415      0.000176      0.000176      0.000352
      0.425425      0.000600      0.000600      0.001200
      0.435435      0.002016      0.002016      0.004033
      0.445445      0.006279      0.006279      0.012558
      0.455455      0.018051      0.018051      0.036101
      0.465465      0.047897      0.047897      0.095793
      0.475475      0.117301      0.117301      0.234602
      0.485485      0.265146      0.265146      0.530292
      0.495495      0.553167      0.553167      1.106334
      0.505506      1.065158      1.065158      2.130317
      0.515516      1.893036      1.893036      3.786072
      0.525526      3.105206      3.105206      6.210413
      0.535536      4.701202      4.701202      9.402403
      0.545546      6.569226      6.569226     13.138451
      0.555556      8.472401      8.472401     16.944802
      0.565566     10.085241     10.085241     20.170482
      0.575576     11.080394     11.080394     22.160787
      0.585586     11.236196     11.236196     22.472392
      0.595596     10.517225     10.517225     21.034451
      0.605606      9.088329      9.088329     18.176658
      0.615616      7.255628      7.255628     14.511256
      0.625626      5.365410      5.365410     10.730819
      0.635636      3.709895      3.709895      7.419790
      0.645646      2.477985      2.477985      4.955970
      0.655656      1.759422      1.759422      3.518844
      0.665666      1.582142      1.582142      3.164285
      0.675676      1.949919      1.949919      3.899838
      0.685686      2.853709      2.853709      5.707417
      0.695696      4.249366      4.249366      8.498733
      0.705706      6.016933      6.016933     12.033866
      0.715716      7.932584      7.932584     15.865168
      0.725726      9.684518      9.684518     19.369037
      0.735736     10.944846     10.944846     21.889691
      0.745746     11.477748     11.477748     22.955496
      0.755756     11.237437     11.237437     22.474874
      0.765766     10.405877     10.405877     20.811753
      0.775776      9.344760      9.344760     18.689520
      0.785786      8.475460      8.475460     16.950920
      0.795796      8.132596      8.132596     16.265193
      0.805806      8.446633      8.446633     16.893267
      0.815816      9.298101      9.298101     18.596203
      0.825826     10.359510     10.359510     20.719021
      0.835836     11.210245     11.210245     22.420489
      0.845846     11.482806     11.482806     22.965612
      0.855856     10.985069     10.985069     21.970137
      0.865866      9.751772      9.751772     19.503544
      0.875876      8.009465      8.009465     16.018930
      0.885886      6.078285      6.078285     12.156571
      0.895896      4.259471      4.259471      8.518942
      0.905906      2.755571      2.755571      5.511142
      0.915916      1.645517      1.645517      3.291035
      0.925926      0.907080      0.907080      1.814159
      0.935936      0.461873      0.461873      0.923746
      0.945946      0.218298      0.218298      0.436597
      0.955956      0.099118      0.099118      0.198236
      0.965966      0.052795      0.052795      0.105591
      0.975976      0.054856      0.054856      0.109712
      0.985986      0.106491      0.106491      0.212982
      0.995996      0.234724      0.234724      0.469448
      1.006006      0.493987      0.493987      0.987974
      1.016016      0.964654      0.964654      1.929309
      1.026026      1.741519      1.741519      3.483038
      1.036036      2.906842      2.906842      5.813685
      1.046046      4.490322      4.490322      8.980644
      1.056056      6.430386      6.430386     12.860772
      1.066066      8.560376      8.560376     17.120753
      1.076076     10.639268     10.639268     21.278536
      1.086086     12.425339     12.425339     24.850679
      1.096096     13.762063     13.762063     27.524127
      1.106106     14.629466     14.629466     29.258932
      1.116116     15.128660     15.128660     30.257321
      1.126126     15.408218     15.408218     30.816436
      1.136136     15.580593     15.580593     31.161185
      1.146146     15.683181     15.683181     31.366361
      1.156156     15.703796     15.703796     31.407593
      1.166166     15.640439     15.640439     31.280877
      1.176176     15.540616     15.540616     31.081232
      1.186186     15.486502     15.486502     30.973005
      1.196196     15.540500     15.540500     31.081000
      1.206206     15.699660     15.699660     31.399321
      1.216216     15.897922     15.897922     31.795845
      1.226226     16.051705     16.051705     32.103409
      1.236236     16.106217     16.106217     32.212434
      1.246246     16.040967     16.040967     32.081935
      1.256256     15.831899     15.831899     31.663797
      1.266266     15.409253     15.409253     30.818506
      1.276276     14.657472     14.657472     29.314944
      1.286286     13.470008     13.470008     26.940017
      1.296296     11.826949     11.826949     23.653898
      1.306306      9.844403      9.844403     19.688807
      1.316316      7.765257      7.765257     15.530513
      1.326326      5.901480      5.901480     11.802960
      1.336336      4.565470      4.565470      9.130939
      1.346346      4.023381      4.023381      8.046763
      1.356356      4.475593      4.475593      8.951187
      1.366366      6.043578      6.043578     12.087156
      1.376376      8.739554      8.739554     17.479109
      1.386386     12.417405     12.417405     24.834809
      1.396396     16.733109     16.733109     33.466218
      1.406406     21.155876     21.155876     42.311752
      1.416416     25.053120     25.053120     50.106239
      1.426426     27.831814     27.831814     55.663627
      1.436436     29.082798     29.082798     58.165596
      1.446446     28.669716     28.669716     57.339431
      1.456456     26.734153     26.734153     53.468306
      1.466466     23.630912     23.630912     47.261824
      1.476476     19.832903     19.832903     39.665806
      1.486486     15.842285     15.842285     31.684569
      1.496496     12.124743     12.124743     24.249486
      1.506507      9.066558      9.066558     18.133116
      1.516517      6.948192      6.948192     13.896383
      1.526527      5.929312      5.929312     11.858625
      1.536537      6.041929      6.041929     12.083858
      1.546547      7.190178      7.190178     14.380356
      1.556557      9.159586      9.159586     18.319171
      1.566567     11.643187     11.643187     23.286374
      1.576577     14.290301     14.290301     28.580602
      1.586587     16.773376     16.773376     33.546753
      1.596597     18.855853     18.855853     37.711705
      1.606607     20.439857     20.439857     40.879714
      1.616617     21.580013     21.580013     43.160026
      1.626627     22.461366     22.461366     44.922733
      1.636637     23.346370     23.346370     46.692739
      1.646647     24.497952     24.497952     48.995903
      1.656657     26.090678     26.090678     52.181355
      1.666667     28.133854     28.133854     56.267708
      1.676677     30.440750     30.440750     60.881500
      1.686687     32.671877     32.671877     65.343753
      1.696697     34.450451     34.450451     68.900902
      1.706707     35.506080     35.506080     71.012159
      1.716717     35.774644     35.774644     71.549288
      1.726727     35.393859     35.393859     70.787719
      1.736737     34.589171     34.589171     69.178341
      1.746747     33.515458     33.515458     67.030915
      1.756757     32.157928     32.157928     64.315856
      1.766767     30.366105     30.366105     60.732210
      1.776777     28.009566     28.009566     56.019133
      1.786787     25.159221     25.159221     50.318443
      1.796797     22.173443     22.173443     44.346886
      1.806807     19.621580     19.621580     39.243159
      1.816817     18.071210     18.071210     36.142420
      1.826827     17.840603     17.840603     35.681205
      1.836837     18.835361     18.835361     37.670721
      1.846847     20.547807     20.547807     41.095614
      1.856857     22.225310     22.225310     44.450621
      1.866867     23.141552     23.141552     46.283104
      1.876877     22.860128     22.860128     45.720255
      1.886887     21.381454     21.381454     42.762907
      1.896897     19.114096     19.114096     38.228192
      1.906907     16.689822     16.689822     33.379645
      1.916917     14.710410     14.710410     29.420820
      1.926927     13.539574     13.539574     27.079148
      1.936937     13.224778     13.224778     26.449556
      1.946947     13.567942     13.567942     27.135884
      1.956957     14.293346     14.293346     28.586692
      1.966967     15.217152     15.217152     30.434305
      1.976977     16.326103     16.326103     32.652206
      1.986987     17.724079     17.724079     35.448159
      1.996997     19.481908     19.481908     38.963816
      2.007007     21.487339     21.487339     42.974679
      2.017017     23.399115     23.399115     46.798231
      2.027027     24.750306     24.750306     49.500611
      2.037037     25.152736     25.152736     50.305472
      2.047047     24.485407     24.485407     48.970813
      2.057057     22.953300     22.953300     45.906601
      2.067067     20.980109     20.980109     41.960218
      2.077077     18.999353     18.999353     37.998706
      2.087087     17.266720     17.266720     34.533440
      2.097097     15.796164     15.796164     31.592329
      2.107107     14.441671     14.441671     28.883343
      2.117117     13.061534     13.061534     26.123068
      2.127127     11.664487     11.664487     23.328974
      2.137137     10.461401     10.461401     20.922802
      2.147147      9.806509      9.806509     19.613018
      2.157157     10.066950     10.066950     20.133900
      2.167167     11.481904     11.481904     22.963807
      2.177177     14.062309     14.062309     28.124618
      2.187187     17.556411     17.556411     35.112822
      2.197197     21.482450     21.482450     42.964901
      2.207207     25.215334     25.215334     50.430667
      2.217217     28.107433     28.107433     56.214867
      2.227227     29.620180     29.620180     59.240360
      2.237237     29.439892     29.439892     58.879783
      2.247247     27.549502     27.549502     55.099005
      2.257257     24.232560     24.232560     48.465119
      2.267267     20.002033     20.002033     40.004066
      2.277277     15.472269     15.472269     30.944538
      2.287287     11.216505     11.216505     22.433010
      2.297297      7.659796      7.659796     15.319593
      2.307307      5.041333      5.041333     10.082666
      2.317317      3.448595      3.448595      6.897190
      2.327327      2.895475      2.895475      5.790951
      2.337337      3.401476      3.401476      6.802952
      2.347347      5.033023      5.033023     10.066047
      2.357357      7.885546      7.885546     15.771093
      2.367367     12.008495     12.008495     24.016991
      2.377377     17.298760     17.298760     34.597520
      2.387387     23.405639     23.405639     46.811278
      2.397397     29.696366     29.696366     59.392732
      2.407407     35.318819     35.318819     70.637638
      2.417417     39.365871     39.365871     78.731742
      2.427427     41.102065     41.102065     82.204130
      2.437437     40.176587     40.176587     80.353174
      2.447447     36.738603     36.738603     73.477207
      2.457457     31.403071     31.403071     62.806141
      2.467467     25.076488     25.076488     50.152977
      2.477477     18.712275     18.712275     37.424551
      2.487487     13.091647     13.091647     26.183295
      2.497497      8.704669      8.704669     17.409339
      2.507508      5.752206      5.752206     11.504412
      2.517518      4.234505      4.234505      8.469010
      2.527528      4.063291      4.063291      8.126581
      2.537538      5.139753      5.139753     10.279506
      2.547548      7.370375      7.370375     14.740751
      2.557558     10.628059     10.628059     21.256117
      2.567568     14.691852     14.691852     29.383705
      2.577578     19.206642     19.206642     38.413283
      2.587588     23.694021     23.694021     47.388041
      2.597598     27.623060     27.623060     55.246120
      2.607608     30.523758     30.523758     61.047515
      2.617618     32.105867     32.105867     64.211734
      2.627628     32.339020     32.339020     64.678040
      2.637638     31.461011     31.461011     62.922021
      2.647648     29.908708     29.908708     59.817416
      2.657658     28.199716     28.199716     56.399431
      2.667668     26.814273     26.814273     53.628546
      2.677678     26.120887     26.120887     52.241773
      2.687688     26.357873     26.357873     52.715746
      2.697698     27.647734     27.647734     55.295468
      2.707708     30.006819     30.006819     60.013637
      2.717718     33.327388     33.327388     66.654776
      2.727728     37.339857     37.339857     74.679714
      2.737738     41.588241     41.588241     83.176483
      2.747748     45.457626     45.457626     90.915252
      2.757758     48.276210     48.276210     96.552420
      2.767768     49.480884     49.480884     98.961769
      2.777778     48.795421     48.795421     97.590841
      2.787788     46.344283     46.344283     92.688566
      2.797798     42.635493     42.635493     85.270986
      2.807808     38.399590     38.399590     76.799179
      2.817818     34.344588     34.344588     68.689175
      2.827828     30.934421     30.934421     61.868842
      2.837838     28.287774     28.287774     56.575548
      2.847848     26.230736     26.230736     52.461472
      2.857858     24.459742     24.459742     48.919484
      2.867868     22.724440     22.724440     45.448880
      2.877878     20.943189     20.943189     41.886377
      2.887888     19.207477     19.207477     38.414953
      2.897898     17.690023     17.690023     35.380045
      2.907908     16.517750     16.517750     33.035499
      2.917918     15.684887     15.684887     31.369775
      2.927928     15.055757     15.055757     30.111515
      2.937938     14.452793     14.452793     28.905586
      2.947948     13.772661     13.772661     27.545322
      2.957958     13.054709     13.054709     26.109419
      2.967968     12.455034     12.455034     24.910067
      2.977978     12.139086     12.139086     24.278172
      2.987988     12.158074     12.158074     24.316149
      2.997998     12.386240     12.386240     24.772481
      3.008008     12.560655     12.560655     25.121309
      3.018018     12.405256     12.405256     24.810512
      3.028028     11.773086     11.773086     23.546172
      3.038038     10.731931     10.731931     21.463862
      3.048048      9.550560      9.550560     19.101120
      3.058058      8.593540      8.593540     17.187081
      3.068068      8.173390      8.173390     16.346780
      3.078078      8.422373      8.422373     16.844747
      3.088088      9.233211      9.233211     18.466423
      3.098098     10.289556     10.289556     20.579113
      3.108108     11.174547     11.174547     22.349093
      3.118118     11.517521     11.517521     23.035043
      3.128128     11.123900     11.123900     22.247801
      3.138138     10.039849     10.039849     20.079697
      3.148148      8.532062      8.532062     17.064124
      3.158158      7.000246      7.000246     14.000492
      3.168168      5.864306      5.864306     11.728612
      3.178178      5.466969      5.466969     10.933938
      3.188188      6.011300      6.011300     12.022600
      3.198198      7.530451      7.530451     15.060903
      3.208208      9.879663      9.879663     19.759326
      3.218218     12.748067     12.748067     25.496135
      3.228228     15.697347     15.697347     31.394694
      3.238238     18.233227     18.233227     36.466453
      3.248248     19.902676     19.902676     39.805352
      3.258258     20.393852     20.393852     40.787705
      3.268268     19.608320     19.608320     39.216640
      3.278278     17.680860     17.680860     35.361721
      3.288288     14.938754     14.938754     29.877509
      3.298298     11.813018     11.813018     23.626036
      3.308308      8.730781      8.730781     17.461562
      3.318318      6.023853      6.023853     12.047705
      3.328328      3.880356      3.880356      7.760712
      3.338338      2.347716      2.347716      4.695432
      3.348348      1.375513      1.375513      2.751026
      3.358358      0.875092      0.875092      1.750185
      3.368368      0.772582      0.772582      1.545165
      3.378378      1.039271      1.039271      2.078543
      3.388388      1.692162      1.692162      3.384324
      3.398398      2.765286      2.765286      5.530572
      3.408408      4.260580      4.260580      8.521161
      3.418418      6.097221      6.097221     12.194441
      3.428428      8.086409      8.086409     16.172818
      3.438438      9.955889      9.955889     19.911778
      3.448448     11.428466     11.428466     22.856932
      3.458458     12.327015     12.327015     24.654030
      3.468468     12.653571     12.653571     25.307143
      3.478478     12.592952     12.592952     25.185904
      3.488488     12.427598     12.427598     24.855196
      3.498498     12.401810     12.401810     24.803620
      3.508509     12.607867     12.607867     25.215734
      3.518519     12.958963     12.958963     25.917926
      3.528529     13.265819     13.265819     26.531637
      3.538539     13.373214     13.373214     26.746428
      3.548549     13.276755     13.276755     26.553509
      3.558559     13.151347     13.151347     26.302694
      3.568569     13.273997     13.273997     26.547995
      3.578579     13.883052     13.883052     27.766103
      3.588589     15.048279     15.048279     30.096558
      3.598599     16.614981     16.614981     33.229963
      3.608609     18.242198     18.242198     36.484396
      3.618619     19.509201     19.509201     39.018401
      3.628629     20.041038     20.041038     40.082077
      3.638639     19.608669     19.608669     39.217339
      3.648649     18.179753     18.179753     36.359506
      3.658659     15.916149     15.916149     31.832299
      3.668669     13.126579     13.126579     26.253158
      3.678679     10.190611     10.190611     20.381221
      3.688689      7.476466      7.476466     14.952931
      3.698699      5.277085      5.277085     10.554170
      3.708709      3.780837      3.780837      7.561673
      3.718719      3.075686      3.075686      6.151373
      3.728729      3.168353      3.168353      6.336706
      3.738739      3.995143      3.995143      7.990287
      3.748749      5.413649      5.413649     10.827297
      3.758759      7.186665      7.186665     14.373330
      3.768769      8.985752      8.985752     17.971504
      3.778779     10.437934     10.437934     20.875868
      3.788789     11.214187     11.214187     22.428374
      3.798799     11.127443     11.127443     22.254887
      3.808809     10.192976     10.192976     20.385952
      3.818819      8.618315      8.618315     17.236630
      3.828829      6.725735      6.725735     13.451471
      3.838839      4.844478      4.844478      9.688955
      3.848849      3.220639      3.220639      6.441279
      3.858859      1.976177      1.976177      3.952354
      3.868869      1.119198      1.119198      2.238397
      3.878879      0.585135      0.585135      1.170271
      3.888889      0.282757      0.282757      0.565514
      3.898899      0.127491      0.127491      0.254982
      3.908909      0.057394      0.057394      0.114788
      3.918919      0.036330      0.036330      0.072661
      3.928929      0.051926      0.051926      0.103851
      3.938939      0.114429      0.114429      0.228857
      3.948949      0.259224      0.259224      0.518448
      3.958959      0.551983      0.551983      1.103967
      3.968969      1.091831      1.091831      2.183663
      3.978979      2.005421      2.005421      4.010842
      3.988989      3.425405      3.425405      6.850811
      3.998999      5.452328      5.452328     10.904656
      4.009009      8.108706      8.108706     16.217412
      4.019019     11.303001     11.303001     22.606001
      4.029029     14.822108     14.822108     29.644215
      4.039039     18.360304     18.360304     36.720608
      4.049049     21.575177     21.575177     43.150354
      4.059059     24.148590     24.148590     48.297180
      4.069069     25.832654     25.832654     51.665307
      4.079079     26.475336     26.475336     52.950673
      4.089089     26.035164     26.035164     52.070329
      4.099099     24.596281     24.596281     49.192561
      4.109109     22.381904     22.381904     44.763808
      4.119119     19.747724     19.747724     39.495447
      4.129129     17.133367     17.133367     34.266733
      4.139139     14.967539     14.967539     29.935077
      4.149149     13.552614     13.552614     27.105227
      4.159159     12.977553     12.977553     25.955105
      4.169169     13.105503     13.105503     26.211006
      4.179179     13.650061     13.650061     27.300122
      4.189189     14.307592     14.307592     28.615183
      4.199199     14.880197     14.880197     29.760393
      4.209209     15.328164     15.328164     30.656329
      4.219219     15.732492     15.732492     31.464983
      4.229229     16.201333     16.201333     32.402666
      4.239239     16.782949     16.782949     33.565897
      4.249249     17.433275     17.433275     34.866550
      4.259259     18.042982     18.042982     36.085963
      4.269269     18.492029     18.492029     36.984057
      4.279279     18.694874     18.694874     37.389748
      4.289289     18.621410     18.621410     37.242820
      4.299299     18.300377     18.300377     36.600754
      4.309309     17.813795     17.813795     35.627590
      4.319319     17.279635     17.279635     34.559271
      4.329329     16.817635     16.817635     33.635271
      4.339339     16.509113     16.509113     33.018226
      4.349349     16.379089     16.379089     32.758178
      4.359359     16.422402     16.422402     32.844804
      4.369369     16.660490     16.660490     33.320980
      4.379379     17.179476     17.179476     34.358952
      4.389389     18.099443     18.099443     36.198886
      4.399399     19.470284     19.470284     38.940568
      4.409409     21.151817     21.151817     42.303634
      4.419419     22.766133     22.766133     45.532267
      4.429429     23.778871     23.778871     47.557741
      4.439439     23.688950     23.688950     47.377900
      4.449449     22.234842     22.234842     44.469684
      4.459459     19.509535     19.509535     39.019069
      4.469469     15.927145     15.927145     31.854290
      4.479479     12.066445     12.066445     24.132891
      4.489489      8.476682      8.476682     16.953365
      4.499499      5.535918      5.535918     11.071836
      4.509510      3.409043      3.409043      6.818086
      4.519520      2.096506      2.096506      4.193012
      4.529530      1.528592      1.528592      3.057184
      4.539540      1.654254      1.654254      3.308507
      4.549550      2.488004      2.488004      4.976008
      4.559560      4.098500      4.098500      8.197000
      4.569570      6.541927      6.541927     13.083853
      4.579580      9.763699      9.763699     19.527398
      4.589590     13.512791     13.512791     27.025582
      4.599600     17.323416     17.323416     34.646832
      4.609610     20.602904     20.602904     41.205808
      4.619620     22.817185     22.817185     45.634371
      4.629630     23.705243     23.705243     47.410486
      4.639640     23.418352     23.418352     46.836705
      4.649650     22.499474     22.499474     44.998948
      4.659660     21.690617     21.690617     43.381233
      4.669670     21.643467     21.643467     43.286933
      4.679680     22.660791     22.660791     45.321582
      4.689690     24.583063     24.583063     49.166126
      4.699700     26.864090     26.864090     53.728180
      4.709710     28.790453     28.790453     57.580907
      4.719720     29.739931     29.739931     59.479862
      4.729730     29.372669     29.372669     58.745339
      4.739740     27.699613     27.699613     55.399226
      4.749750     25.038780     25.038780     50.077560
      4.759760     21.910078     21.910078     43.820157
      4.769770     18.917038     18.917038     37.834076
      4.779780     16.636483     16.636483     33.272965
      4.789790     15.516581     15.516581     31.033161
      4.799800     15.787395     15.787395     31.574790
      4.809810     17.406273     17.406273     34.812545
      4.819820     20.068575     20.068575     40.137149
      4.829830     23.295877     23.295877     46.591754
      4.839840     26.575359     26.575359     53.150717
      4.849850     29.491632     29.491632     58.983264
      4.859860     31.792616     31.792616     63.585233
      4.869870     33.370086     33.370086     66.740173
      4.879880     34.189002     34.189002     68.378004
      4.889890     34.228209     34.228209     68.456418
      4.899900     33.475604     33.475604     66.951209
      4.909910     31.969416     31.969416     63.938831
      4.919920     29.837820     29.837820     59.675640
      4.929930     27.294837     27.294837     54.589674
      4.939940     24.592426     24.592426     49.184852
      4.949950     21.965147     21.965147     43.930294
      4.959960     19.601236     19.601236     39.202473
      4.969970     17.639658     17.639658     35.279316
      4.979980     16.165049     16.165049     32.330097
      4.989990     15.180573     15.180573     30.361146
      5.000000     14.573651     14.573651     29.147303
