# EIG2DOS: Utility for SIESTA to obtain the electronic density of states
#  E. Artacho, Apr 1999, A. Garcia, Apr 2012
#  Nick R. Papior, Feb 2017
# ------------------------------------------
# Eigenvalues calculated from a non-polarized calculation
# Eigenvalues read from siesta.EIG
# Kpoint weights read from siesta.KP
# Using smearing parameter:   0.0500
# Using 1000 points in the energy range
# Selected bands: 1 to: 2981
# Emin, Emax in file for selected band(s):    -27.2143634    218.3796630
# Nbands, Nspin, Nk   =   2981     1     1
# E_F                 =    -4.2212 eV --> (shifted to ZERO)
# Broadening          =     0.0500 eV
#
#        E            N(up)  (=)   N(down)         Ntot
     -5.000000     33.557641     33.557641     67.115282
     -4.989990     38.307778     38.307778     76.615555
     -4.979980     42.470541     42.470541     84.941082
     -4.969970     45.326777     45.326777     90.653553
     -4.959960     46.354992     46.354992     92.709985
     -4.949950     45.404785     45.404785     90.809570
     -4.939940     42.750642     42.750642     85.501285
     -4.929930     39.023706     39.023706     78.047411
     -4.919920     35.070779     35.070779     70.141558
     -4.909910     31.798106     31.798106     63.596211
     -4.899900     30.026511     30.026511     60.053021
     -4.889890     30.350042     30.350042     60.700085
     -4.879880     32.989076     32.989076     65.978152
     -4.869870     37.666099     37.666099     75.332198
     -4.859860     43.573686     43.573686     87.147371
     -4.849850     49.502851     49.502851     99.005701
     -4.839840     54.137983     54.137983    108.275965
     -4.829830     56.432481     56.432481    112.864961
     -4.819820     55.917644     55.917644    111.835287
     -4.809810     52.812839     52.812839    105.625677
     -4.799800     47.894745     47.894745     95.789490
     -4.789790     42.195748     42.195748     84.391496
     -4.779780     36.671018     36.671018     73.342036
     -4.769770     31.965630     31.965630     63.931260
     -4.759760     28.342891     28.342891     56.685781
     -4.749750     25.752276     25.752276     51.504552
     -4.739740     23.965530     23.965530     47.931060
     -4.729730     22.707159     22.707159     45.414319
     -4.719720     21.735952     21.735952     43.471903
     -4.709710     20.872785     20.872785     41.745570
     -4.699700     19.998821     19.998821     39.997642
     -4.689690     19.057781     19.057781     38.115562
     -4.679680     18.083401     18.083401     36.166802
     -4.669670     17.244525     17.244525     34.489051
     -4.659660     16.873030     16.873030     33.746060
     -4.649650     17.433923     17.433923     34.867847
     -4.639640     19.419337     19.419337     38.838674
     -4.629630     23.185682     23.185682     46.371363
     -4.619620     28.784143     28.784143     57.568287
     -4.609610     35.845541     35.845541     71.691082
     -4.599600     43.571665     43.571665     87.143330
     -4.589590     50.861360     50.861360    101.722720
     -4.579580     56.561751     56.561751    113.123501
     -4.569570     59.785735     59.785735    119.571471
     -4.559560     60.192488     60.192488    120.384976
     -4.549550     58.117103     58.117103    116.234207
     -4.539540     54.479167     54.479167    108.958333
     -4.529530     50.487361     50.487361    100.974721
     -4.519520     47.246329     47.246329     94.492657
     -4.509510     45.415562     45.415562     90.831124
     -4.499499     45.045684     45.045684     90.091368
     -4.489489     45.639415     45.639415     91.278830
     -4.479479     46.392155     46.392155     92.784310
     -4.469469     46.502327     46.502327     93.004655
     -4.459459     45.429320     45.429320     90.858640
     -4.449449     43.016537     43.016537     86.033074
     -4.439439     39.465608     39.465608     78.931217
     -4.429429     35.211115     35.211115     70.422231
     -4.419419     30.773944     30.773944     61.547889
     -4.409409     26.655250     26.655250     53.310501
     -4.399399     23.286903     23.286903     46.573805
     -4.389389     21.010998     21.010998     42.021995
     -4.379379     20.050208     20.050208     40.100415
     -4.369369     20.457469     20.457469     40.914939
     -4.359359     22.073280     22.073280     44.146560
     -4.349349     24.536684     24.536684     49.073367
     -4.339339     27.374394     27.374394     54.748789
     -4.329329     30.145620     30.145620     60.291240
     -4.319319     32.581627     32.581627     65.163253
     -4.309309     34.655355     34.655355     69.310709
     -4.299299     36.547973     36.547973     73.095947
     -4.289289     38.524759     38.524759     77.049517
     -4.279279     40.768270     40.768270     81.536540
     -4.269269     43.232252     43.232252     86.464504
     -4.259259     45.576695     45.576695     91.153391
     -4.249249     47.224868     47.224868     94.449736
     -4.239239     47.543938     47.543938     95.087876
     -4.229229     46.095690     46.095690     92.191379
     -4.219219     42.855347     42.855347     85.710694
     -4.209209     38.289752     38.289752     76.579504
     -4.199199     33.240252     33.240252     66.480505
     -4.189189     28.649880     28.649880     57.299759
     -4.179179     25.254945     25.254945     50.509890
     -4.169169     23.378566     23.378566     46.757132
     -4.159159     22.908472     22.908472     45.816944
     -4.149149     23.448774     23.448774     46.897549
     -4.139139     24.556708     24.556708     49.113416
     -4.129129     25.945683     25.945683     51.891366
     -4.119119     27.560989     27.560989     55.121978
     -4.109109     29.498280     29.498280     58.996560
     -4.099099     31.812360     31.812360     63.624720
     -4.089089     34.324685     34.324685     68.649370
     -4.079079     36.550935     36.550935     73.101871
     -4.069069     37.816859     37.816859     75.633719
     -4.059059     37.528062     37.528062     75.056125
     -4.049049     35.463105     35.463105     70.926210
     -4.039039     31.933024     31.933024     63.866049
     -4.029029     27.717942     27.717942     55.435885
     -4.019019     23.812645     23.812645     47.625290
     -4.009009     21.110463     21.110463     42.220927
     -3.998999     20.170394     20.170394     40.340787
     -3.988989     21.146718     21.146718     42.293437
     -3.978979     23.865201     23.865201     47.730403
     -3.968969     27.966356     27.966356     55.932711
     -3.958959     33.033907     33.033907     66.067814
     -3.948949     38.670528     38.670528     77.341056
     -3.938939     44.531374     44.531374     89.062748
     -3.928929     50.343065     50.343065    100.686130
     -3.918919     55.916962     55.916962    111.833924
     -3.908909     61.137973     61.137973    122.275946
     -3.898899     65.906888     65.906888    131.813776
     -3.888889     70.044889     70.044889    140.089777
     -3.878879     73.209991     73.209991    146.419982
     -3.868869     74.890623     74.890623    149.781245
     -3.858859     74.512717     74.512717    149.025435
     -3.848849     71.637358     71.637358    143.274717
     -3.838839     66.171603     66.171603    132.343207
     -3.828829     58.497982     58.497982    116.995964
     -3.818819     49.457816     49.457816     98.915632
     -3.808809     40.183493     40.183493     80.366986
     -3.798799     31.834633     31.834633     63.669265
     -3.788789     25.326037     25.326037     50.652075
     -3.778779     21.131230     21.131230     42.262459
     -3.768769     19.212589     19.212589     38.425179
     -3.758759     19.085923     19.085923     38.171846
     -3.748749     19.990636     19.990636     39.981272
     -3.738739     21.114918     21.114918     42.229837
     -3.728729     21.818638     21.818638     43.637277
     -3.718719     21.801138     21.801138     43.602277
     -3.708709     21.173553     21.173553     42.347105
     -3.698699     20.414237     20.414237     40.828473
     -3.688689     20.211508     20.211508     40.423015
     -3.678679     21.228856     21.228856     42.457712
     -3.668669     23.858001     23.858001     47.716001
     -3.658659     28.042162     28.042162     56.084324
     -3.648649     33.240745     33.240745     66.481490
     -3.638639     38.560888     38.560888     77.121776
     -3.628629     43.014070     43.014070     86.028140
     -3.618619     45.799971     45.799971     91.599941
     -3.608609     46.508970     46.508970     93.017940
     -3.598599     45.178460     45.178460     90.356920
     -3.588589     42.209507     42.209507     84.419013
     -3.578579     38.204645     38.204645     76.409289
     -3.568569     33.796946     33.796946     67.593892
     -3.558559     29.514310     29.514310     59.028620
     -3.548549     25.693365     25.693365     51.386730
     -3.538539     22.446533     22.446533     44.893066
     -3.528529     19.687674     19.687674     39.375348
     -3.518519     17.215517     17.215517     34.431034
     -3.508509     14.831893     14.831893     29.663785
     -3.498498     12.449247     12.449247     24.898493
     -3.488488     10.141599     10.141599     20.283198
     -3.478478      8.120100      8.120100     16.240200
     -3.468468      6.650504      6.650504     13.301007
     -3.458458      5.951284      5.951284     11.902568
     -3.448448      6.109500      6.109500     12.219001
     -3.438438      7.037291      7.037291     14.074583
     -3.428428      8.479513      8.479513     16.959027
     -3.418418     10.075375     10.075375     20.150749
     -3.408408     11.465932     11.465932     22.931865
     -3.398398     12.420155     12.420155     24.840310
     -3.388388     12.934032     12.934032     25.868063
     -3.378378     13.257353     13.257353     26.514706
     -3.368368     13.829446     13.829446     27.658891
     -3.358358     15.145658     15.145658     30.291317
     -3.348348     17.604836     17.604836     35.209672
     -3.338338     21.386570     21.386570     42.773139
     -3.328328     26.381866     26.381866     52.763732
     -3.318318     32.176585     32.176585     64.353170
     -3.308308     38.083403     38.083403     76.166806
     -3.298298     43.230331     43.230331     86.460662
     -3.288288     46.716730     46.716730     93.433461
     -3.278278     47.822153     47.822153     95.644307
     -3.268268     46.210024     46.210024     92.420048
     -3.258258     42.043381     42.043381     84.086762
     -3.248248     35.952891     35.952891     71.905782
     -3.238238     28.861725     28.861725     57.723449
     -3.228228     21.738095     21.738095     43.476190
     -3.218218     15.373502     15.373502     30.747004
     -3.208208     10.261076     10.261076     20.522151
     -3.198198      6.594654      6.594654     13.189309
     -3.188188      4.358205      4.358205      8.716411
     -3.178178      3.448989      3.448989      6.897977
     -3.168168      3.779418      3.779418      7.558835
     -3.158158      5.322168      5.322168     10.644336
     -3.148148      8.089101      8.089101     16.178202
     -3.138138     12.058916     12.058916     24.117833
     -3.128128     17.086385     17.086385     34.172770
     -3.118118     22.833676     22.833676     45.667352
     -3.108108     28.758999     28.758999     57.517999
     -3.098098     34.179900     34.179900     68.359800
     -3.088088     38.402726     38.402726     76.805452
     -3.078078     40.883428     40.883428     81.766857
     -3.068068     41.366624     41.366624     82.733248
     -3.058058     39.948725     39.948725     79.897450
     -3.048048     37.033471     37.033471     74.066941
     -3.038038     33.191714     33.191714     66.383429
     -3.028028     28.983638     28.983638     57.967276
     -3.018018     24.822972     24.822972     49.645944
     -3.008008     20.940965     20.940965     41.881930
     -2.997998     17.452217     17.452217     34.904435
     -2.987988     14.469452     14.469452     28.938904
     -2.977978     12.194079     12.194079     24.388159
     -2.967968     10.931888     10.931888     21.863776
     -2.957958     11.027241     11.027241     22.054483
     -2.947948     12.745588     12.745588     25.491177
     -2.937938     16.148904     16.148904     32.297807
     -2.927928     21.006786     21.006786     42.013573
     -2.917918     26.777338     26.777338     53.554676
     -2.907908     32.678452     32.678452     65.356903
     -2.897898     37.846621     37.846621     75.693242
     -2.887888     41.546711     41.546711     83.093421
     -2.877878     43.364990     43.364990     86.729980
     -2.867868     43.309574     43.309574     86.619148
     -2.857858     41.770400     41.770400     83.540800
     -2.847848     39.348578     39.348578     78.697157
     -2.837838     36.625772     36.625772     73.251545
     -2.827828     33.974767     33.974767     67.949534
     -2.817818     31.492612     31.492612     62.985224
     -2.807808     29.075000     29.075000     58.150000
     -2.797798     26.578021     26.578021     53.156041
     -2.787788     23.971460     23.971460     47.942920
     -2.777778     21.399934     21.399934     42.799869
     -2.767768     19.126547     19.126547     38.253095
     -2.757758     17.403794     17.403794     34.807589
     -2.747748     16.356766     16.356766     32.713532
     -2.737738     15.950664     15.950664     31.901327
     -2.727728     16.056551     16.056551     32.113101
     -2.717718     16.562891     16.562891     33.125781
     -2.707708     17.449445     17.449445     34.898890
     -2.697698     18.767127     18.767127     37.534254
     -2.687688     20.536459     20.536459     41.072918
     -2.677678     22.641291     22.641291     45.282583
     -2.667668     24.805928     24.805928     49.611856
     -2.657658     26.690088     26.690088     53.380175
     -2.647648     28.052087     28.052087     56.104174
     -2.637638     28.876580     28.876580     57.753161
     -2.627628     29.380759     29.380759     58.761518
     -2.617618     29.891540     29.891540     59.783080
     -2.607608     30.669213     30.669213     61.338425
     -2.597598     31.780484     31.780484     63.560967
     -2.587588     33.079962     33.079962     66.159924
     -2.577578     34.283299     34.283299     68.566598
     -2.567568     35.067599     35.067599     70.135198
     -2.557558     35.145727     35.145727     70.291455
     -2.547548     34.308810     34.308810     68.617620
     -2.537538     32.465669     32.465669     64.931337
     -2.527528     29.698164     29.698164     59.396329
     -2.517518     26.311488     26.311488     52.622977
     -2.507508     22.830382     22.830382     45.660765
     -2.497497     19.905951     19.905951     39.811902
     -2.487487     18.145891     18.145891     36.291782
     -2.477477     17.929370     17.929370     35.858741
     -2.467467     19.284883     19.284883     38.569765
     -2.457457     21.886676     21.886676     43.773351
     -2.447447     25.176240     25.176240     50.352479
     -2.437437     28.562522     28.562522     57.125044
     -2.427427     31.619437     31.619437     63.238873
     -2.417417     34.196782     34.196782     68.393564
     -2.407407     36.394783     36.394783     72.789566
     -2.397397     38.412339     38.412339     76.824678
     -2.387387     40.340424     40.340424     80.680847
     -2.377377     42.005969     42.005969     84.011938
     -2.367367     42.956920     42.956920     85.913841
     -2.357357     42.615316     42.615316     85.230631
     -2.347347     40.538500     40.538500     81.077000
     -2.337337     36.665114     36.665114     73.330228
     -2.327327     31.422909     31.422909     62.845819
     -2.317317     25.644528     25.644528     51.289057
     -2.307307     20.334419     20.334419     40.668838
     -2.297297     16.395577     16.395577     32.791154
     -2.287287     14.424106     14.424106     28.848212
     -2.277277     14.625496     14.625496     29.250991
     -2.267267     16.842758     16.842758     33.685517
     -2.257257     20.650130     20.650130     41.300259
     -2.247247     25.464613     25.464613     50.929225
     -2.237237     30.645249     30.645249     61.290497
     -2.227227     35.568381     35.568381     71.136762
     -2.217217     39.679052     39.679052     79.358103
     -2.207207     42.526066     42.526066     85.052132
     -2.197197     43.792893     43.792893     87.585787
     -2.187187     43.334960     43.334960     86.669919
     -2.177177     41.221269     41.221269     82.442537
     -2.167167     37.758015     37.758015     75.516031
     -2.157157     33.459155     33.459155     66.918310
     -2.147147     28.941577     28.941577     57.883154
     -2.137137     24.762685     24.762685     49.525370
     -2.127127     21.262676     21.262676     42.525352
     -2.117117     18.487565     18.487565     36.975129
     -2.107107     16.234211     16.234211     32.468422
     -2.097097     14.193385     14.193385     28.386770
     -2.087087     12.114384     12.114384     24.228769
     -2.077077      9.909717      9.909717     19.819435
     -2.067067      7.661086      7.661086     15.322172
     -2.057057      5.546111      5.546111     11.092222
     -2.047047      3.741160      3.741160      7.482321
     -2.037037      2.353041      2.353041      4.706082
     -2.027027      1.402845      1.402845      2.805690
     -2.017017      0.853480      0.853480      1.706960
     -2.007007      0.655993      0.655993      1.311986
     -1.996997      0.790542      0.790542      1.581084
     -1.986987      1.287156      1.287156      2.574311
     -1.976977      2.220556      2.220556      4.441113
     -1.966967      3.680116      3.680116      7.360232
     -1.956957      5.722679      5.722679     11.445358
     -1.946947      8.323819      8.323819     16.647638
     -1.936937     11.348332     11.348332     22.696664
     -1.926927     14.557120     14.557120     29.114240
     -1.916917     17.652912     17.652912     35.305825
     -1.906907     20.347962     20.347962     40.695925
     -1.896897     22.425192     22.425192     44.850385
     -1.886887     23.768898     23.768898     47.537796
     -1.876877     24.359706     24.359706     48.719412
     -1.866867     24.248674     24.248674     48.497349
     -1.856857     23.533671     23.533671     47.067342
     -1.846847     22.351972     22.351972     44.703945
     -1.836837     20.882862     20.882862     41.765724
     -1.826827     19.338181     19.338181     38.676361
     -1.816817     17.921741     17.921741     35.843483
     -1.806807     16.762402     16.762402     33.524804
     -1.796797     15.854514     15.854514     31.709027
     -1.786787     15.048935     15.048935     30.097870
     -1.776777     14.114571     14.114571     28.229141
     -1.766767     12.847003     12.847003     25.694007
     -1.756757     11.168431     11.168431     22.336861
     -1.746747      9.166735      9.166735     18.333470
     -1.736737      7.058822      7.058822     14.117644
     -1.726727      5.107074      5.107074     10.214149
     -1.716717      3.538203      3.538203      7.076407
     -1.706707      2.501243      2.501243      5.002487
     -1.696697      2.069628      2.069628      4.139256
     -1.686687      2.264592      2.264592      4.529183
     -1.676677      3.069410      3.069410      6.138820
     -1.666667      4.417593      4.417593      8.835187
     -1.656657      6.162689      6.162689     12.325377
     -1.646647      8.057814      8.057814     16.115629
     -1.636637      9.776370      9.776370     19.552740
     -1.626627     10.986964     10.986964     21.973927
     -1.616617     11.463939     11.463939     22.927877
     -1.606607     11.188839     11.188839     22.377678
     -1.596597     10.395260     10.395260     20.790520
     -1.586587      9.532394      9.532394     19.064787
     -1.576577      9.156034      9.156034     18.312068
     -1.566567      9.779878      9.779878     19.559755
     -1.556557     11.726140     11.726140     23.452280
     -1.546547     15.010055     15.010055     30.020110
     -1.536537     19.288336     19.288336     38.576673
     -1.526527     23.896704     23.896704     47.793408
     -1.516517     27.985470     27.985470     55.970941
     -1.506507     30.729194     30.729194     61.458389
     -1.496496     31.549068     31.549068     63.098136
     -1.486486     30.269964     30.269964     60.539928
     -1.476476     27.154716     27.154716     54.309431
     -1.466466     22.808774     22.808774     45.617548
     -1.456456     18.001031     18.001031     36.002063
     -1.446446     13.472959     13.472959     26.945917
     -1.436436      9.797846      9.797846     19.595692
     -1.426426      7.316296      7.316296     14.632591
     -1.416416      6.136569      6.136569     12.273138
     -1.406406      6.169249      6.169249     12.338497
     -1.396396      7.171272      7.171272     14.342543
     -1.386386      8.794283      8.794283     17.588565
     -1.376376     10.646907     10.646907     21.293814
     -1.366366     12.375303     12.375303     24.750606
     -1.356356     13.744388     13.744388     27.488777
     -1.346346     14.683914     14.683914     29.367828
     -1.336336     15.270635     15.270635     30.541270
     -1.326326     15.652074     15.652074     31.304148
     -1.316316     15.954906     15.954906     31.909812
     -1.306306     16.230404     16.230404     32.460808
     -1.296296     16.459978     16.459978     32.919956
     -1.286286     16.598277     16.598277     33.196553
     -1.276276     16.607441     16.607441     33.214883
     -1.266266     16.453586     16.453586     32.907171
     -1.256256     16.078291     16.078291     32.156583
     -1.246246     15.385365     15.385365     30.770730
     -1.236236     14.271561     14.271561     28.543122
     -1.226226     12.690514     12.690514     25.381028
     -1.216216     10.707225     10.707225     21.414451
     -1.206206      8.503311      8.503311     17.006621
     -1.196196      6.326957      6.326957     12.653914
     -1.186186      4.417701      4.417701      8.835401
     -1.176176      2.948108      2.948108      5.896216
     -1.166166      2.007635      2.007635      4.015271
     -1.156156      1.624485      1.624485      3.248969
     -1.146146      1.799671      1.799671      3.599342
     -1.136136      2.524519      2.524519      5.049037
     -1.126126      3.766655      3.766655      7.533311
     -1.116116      5.431600      5.431600     10.863201
     -1.106106      7.326388      7.326388     14.652776
     -1.096096      9.158064      9.158064     18.316127
     -1.086086     10.587008     10.587008     21.174016
     -1.076076     11.326177     11.326177     22.652354
     -1.066066     11.247434     11.247434     22.494868
     -1.056056     10.444671     10.444671     20.889342
     -1.046046      9.219830      9.219830     18.439660
     -1.036036      7.993200      7.993200     15.986399
     -1.026026      7.172000      7.172000     14.344000
     -1.016016      7.024351      7.024351     14.048703
     -1.006006      7.598144      7.598144     15.196289
     -0.995996      8.706737      8.706737     17.413473
     -0.985986      9.985019      9.985019     19.970039
     -0.975976     11.001386     11.001386     22.002772
     -0.965966     11.392548     11.392548     22.785096
     -0.955956     10.975060     10.975060     21.950119
     -0.945946      9.791393      9.791393     19.582786
     -0.935936      8.074392      8.074392     16.148783
     -0.925926      6.150732      6.150732     12.301464
     -0.915916      4.330098      4.330098      8.660196
     -0.905906      2.826769      2.826769      5.653539
     -0.895896      1.737015      1.737015      3.474029
     -0.885886      1.066063      1.066063      2.132126
     -0.875876      0.779500      0.779500      1.559000
     -0.865866      0.851259      0.851259      1.702519
     -0.855856      1.288590      1.288590      2.577180
     -0.845846      2.125511      2.125511      4.251022
     -0.835836      3.386848      3.386848      6.773697
     -0.825826      5.035741      5.035741     10.071482
     -0.815816      6.928154      6.928154     13.856309
     -0.805806      8.802604      8.802604     17.605208
     -0.795796     10.324036     10.324036     20.648072
     -0.785786     11.176042     11.176042     22.352083
     -0.775776     11.166486     11.166486     22.332971
     -0.765766     10.297530     10.297530     20.595060
     -0.755756      8.764741      8.764741     17.529483
     -0.745746      6.885636      6.885636     13.771273
     -0.735736      4.993378      4.993378      9.986756
     -0.725726      3.344381      3.344381      6.688761
     -0.715716      2.073956      2.073956      4.147912
     -0.705706      1.205200      1.205200      2.410399
     -0.695696      0.692597      0.692597      1.385193
     -0.685686      0.474240      0.474240      0.948481
     -0.675676      0.512761      0.512761      1.025521
     -0.665666      0.815318      0.815318      1.630636
     -0.655656      1.429963      1.429963      2.859925
     -0.645646      2.418731      2.418731      4.837463
     -0.635636      3.811802      3.811802      7.623604
     -0.625626      5.555331      5.555331     11.110661
     -0.615616      7.475696      7.475696     14.951393
     -0.605606      9.285737      9.285737     18.571473
     -0.595596     10.645728     10.645728     21.291456
     -0.585586     11.264780     11.264780     22.529561
     -0.575576     11.001636     11.001636     22.003272
     -0.565566      9.916964      9.916964     19.833927
     -0.555556      8.250629      8.250629     16.501257
     -0.545546      6.335519      6.335519     12.671038
     -0.535536      4.490185      4.490185      8.980370
     -0.525526      2.937197      2.937197      5.874394
     -0.515516      1.773327      1.773327      3.546654
     -0.505506      0.988169      0.988169      1.976339
     -0.495495      0.508231      0.508231      1.016461
     -0.485485      0.241255      0.241255      0.482511
     -0.475475      0.105701      0.105701      0.211403
     -0.465465      0.042744      0.042744      0.085487
     -0.455455      0.015953      0.015953      0.031906
     -0.445445      0.005496      0.005496      0.010991
     -0.435435      0.001748      0.001748      0.003496
     -0.425425      0.000516      0.000516      0.001031
     -0.415415      0.000152      0.000152      0.000305
     -0.405405      0.000091      0.000091      0.000182
     -0.395395      0.000228      0.000228      0.000455
     -0.385385      0.000790      0.000790      0.001580
     -0.375375      0.002614      0.002614      0.005228
     -0.365365      0.007997      0.007997      0.015995
     -0.355355      0.022585      0.022585      0.045170
     -0.345345      0.058868      0.058868      0.117736
     -0.335335      0.141622      0.141622      0.283244
     -0.325325      0.314462      0.314462      0.628924
     -0.315315      0.644454      0.644454      1.288908
     -0.305305      1.218997      1.218997      2.437993
     -0.295295      2.128139      2.128139      4.256279
     -0.285285      3.429134      3.429134      6.858269
     -0.275275      5.099831      5.099831     10.199662
     -0.265265      7.000256      7.000256     14.000512
     -0.255255      8.868678      8.868678     17.737357
     -0.245245     10.370286     10.370286     20.740572
     -0.235235     11.192044     11.192044     22.384088
     -0.225225     11.148462     11.148462     22.296923
     -0.215215     10.249610     10.249610     20.499219
     -0.205205      8.697342      8.697342     17.394684
     -0.195195      6.811655      6.811655     13.623310
     -0.185185      4.923859      4.923859      9.847717
     -0.175175      3.285075      3.285075      6.570151
     -0.165165      2.022889      2.022889      4.045777
     -0.155155      1.149702      1.149702      2.299405
     -0.145145      0.603095      0.603095      1.206190
     -0.135135      0.291993      0.291993      0.583987
     -0.125125      0.130481      0.130481      0.260962
     -0.115115      0.053816      0.053816      0.107631
     -0.105105      0.020486      0.020486      0.040972
     -0.095095      0.007198      0.007198      0.014395
     -0.085085      0.002334      0.002334      0.004668
     -0.075075      0.000699      0.000699      0.001397
     -0.065065      0.000193      0.000193      0.000386
     -0.055055      0.000049      0.000049      0.000098
     -0.045045      0.000012      0.000012      0.000023
     -0.035035      0.000003      0.000003      0.000005
     -0.025025      0.000001      0.000001      0.000001
     -0.015015      0.000000      0.000000      0.000000
     -0.005005      0.000000      0.000000      0.000000
      0.005005      0.000000      0.000000      0.000000
      0.015015      0.000000      0.000000      0.000000
      0.025025      0.000001      0.000001      0.000001
      0.035035      0.000003      0.000003      0.000005
      0.045045      0.000012      0.000012      0.000023
      0.055055      0.000049      0.000049      0.000098
      0.065065      0.000193      0.000193      0.000386
      0.075075      0.000699      0.000699      0.001397
      0.085085      0.002334      0.002334      0.004668
      0.095095      0.007198      0.007198      0.014395
      0.105105      0.020486      0.020486      0.040972
      0.115115      0.053815      0.053815      0.107631
      0.125125      0.130481      0.130481      0.260961
      0.135135      0.291993      0.291993      0.583986
      0.145145      0.603094      0.603094      1.206189
      0.155155      1.149701      1.149701      2.299402
      0.165165      2.022887      2.022887      4.045773
      0.175175      3.285073      3.285073      6.570145
      0.185185      4.923855      4.923855      9.847710
      0.195195      6.811651      6.811651     13.623302
      0.205205      8.697339      8.697339     17.394677
      0.215215     10.249607     10.249607     20.499214
      0.225225     11.148461     11.148461     22.296921
      0.235235     11.192045     11.192045     22.384090
      0.245245     10.370288     10.370288     20.740577
      0.255255      8.868682      8.868682     17.737364
      0.265265      7.000260      7.000260     14.000520
      0.275275      5.099835      5.099835     10.199669
      0.285285      3.429137      3.429137      6.858275
      0.295295      2.128142      2.128142      4.256283
      0.305305      1.218998      1.218998      2.437996
      0.315315      0.644455      0.644455      1.288909
      0.325325      0.314462      0.314462      0.628925
      0.335335      0.141622      0.141622      0.283245
      0.345345      0.058868      0.058868      0.117737
      0.355355      0.022585      0.022585      0.045170
      0.365365      0.007997      0.007997      0.015995
      0.375375      0.002614      0.002614      0.005228
      0.385385      0.000791      0.000791      0.001582
      0.395395      0.000232      0.000232      0.000464
      0.405405      0.000109      0.000109      0.000217
      0.415415      0.000218      0.000218      0.000436
      0.425425      0.000740      0.000740      0.001481
      0.435435      0.002456      0.002456      0.004911
      0.445445      0.007545      0.007545      0.015090
      0.455455      0.021399      0.021399      0.042798
      0.465465      0.056019      0.056019      0.112038
      0.475475      0.135351      0.135351      0.270702
      0.485485      0.301839      0.301839      0.603679
      0.495495      0.621265      0.621265      1.242530
      0.505506      1.180225      1.180225      2.360450
      0.515516      2.069377      2.069377      4.138753
      0.525526      3.348892      3.348892      6.697783
      0.535536      5.002067      5.002067     10.004134
      0.545546      6.895803      6.895803     13.791605
      0.555556      8.774192      8.774192     17.548383
      0.565566     10.304260     10.304260     20.608519
      0.575576     11.169027     11.169027     22.338053
      0.585586     11.173991     11.173991     22.347981
      0.595596     10.318504     10.318504     20.637007
      0.605606      8.796702      8.796702     17.593403
      0.615616      6.928136      6.928136     13.856272
      0.625626      5.053912      5.053912     10.107823
      0.635636      3.447527      3.447527      6.895053
      0.645646      2.274625      2.274625      4.549251
      0.655656      1.605262      1.605262      3.210525
      0.665666      1.455689      1.455689      2.911379
      0.675676      1.826877      1.826877      3.653754
      0.685686      2.714824      2.714824      5.429648
      0.695696      4.086535      4.086535      8.173070
      0.705706      5.836866      5.836866     11.673731
      0.715716      7.756757      7.756757     15.513514
      0.725726      9.544409      9.544409     19.088818
      0.735736     10.873194     10.873194     21.746389
      0.745746     11.498938     11.498938     22.997876
      0.755756     11.361122     11.361122     22.722244
      0.765766     10.626390     10.626390     21.252781
      0.775776      9.645338      9.645338     19.290676
      0.785786      8.833377      8.833377     17.666755
      0.795796      8.521399      8.521399     17.042797
      0.805806      8.834841      8.834841     17.669681
      0.815816      9.647672      9.647672     19.295344
      0.825826     10.628624     10.628624     21.257247
      0.835836     11.362236     11.362236     22.724473
      0.845846     11.498157     11.498157     22.996315
      0.855856     10.870005     10.870005     21.740010
      0.865866      9.538012      9.538012     19.076025
      0.875876      7.744476      7.744476     15.488952
      0.885886      5.810633      5.810633     11.621266
      0.895896      4.026002      4.026002      8.052004
      0.905906      2.575244      2.575244      5.150489
      0.915916      1.520581      1.520581      3.041163
      0.925926      0.828886      0.828886      1.657773
      0.935936      0.417626      0.417626      0.835253
      0.945946      0.196155      0.196155      0.392309
      0.955956      0.090972      0.090972      0.181945
      0.965966      0.055510      0.055510      0.111019
      0.975976      0.071154      0.071154      0.142308
      0.985986      0.146382      0.146382      0.292763
      0.995996      0.317321      0.317321      0.634643
      1.006006      0.648282      0.648282      1.296565
      1.016016      1.226613      1.226613      2.453226
      1.026026      2.144831      2.144831      4.289661
      1.036036      3.466846      3.466846      6.933693
      1.046046      5.185189      5.185189     10.370378
      1.056056      7.188613      7.188613     14.377226
      1.066066      9.265065      9.265065     18.530130
      1.076076     11.154410     11.154410     22.308820
      1.086086     12.638332     12.638332     25.276664
      1.096096     13.626152     13.626152     27.252304
      1.106106     14.187348     14.187348     28.374696
      1.116116     14.506853     14.506853     29.013705
      1.126126     14.785784     14.785784     29.571569
      1.136136     15.145946     15.145946     30.291892
      1.146146     15.592964     15.592964     31.185929
      1.156156     16.050867     16.050867     32.101735
      1.166166     16.431908     16.431908     32.863815
      1.176176     16.687655     16.687655     33.375309
      1.186186     16.812828     16.812828     33.625655
      1.196196     16.817355     16.817355     33.634709
      1.206206     16.705236     16.705236     33.410472
      1.216216     16.482284     16.482284     32.964567
      1.226226     16.177579     16.177579     32.355158
      1.236236     15.843546     15.843546     31.687091
      1.246246     15.517772     15.517772     31.035545
      1.256256     15.169774     15.169774     30.339548
      1.266266     14.679690     14.679690     29.359380
      1.276276     13.879259     13.879259     27.758518
      1.286286     12.640417     12.640417     25.280833
      1.296296     10.960582     10.960582     21.921163
      1.306306      8.995169      8.995169     17.990338
      1.316316      7.023932      7.023932     14.047864
      1.326326      5.378351      5.378351     10.756703
      1.336336      4.372290      4.372290      8.744580
      1.346346      4.260719      4.260719      8.521439
      1.356356      5.220253      5.220253     10.440507
      1.366366      7.327029      7.327029     14.654058
      1.376376     10.516434     10.516434     21.032868
      1.386386     14.537489     14.537489     29.074978
      1.396396     18.938952     18.938952     37.877905
      1.406406     23.122008     23.122008     46.244017
      1.416416     26.461860     26.461860     52.923720
      1.426426     28.457980     28.457980     56.915960
      1.436436     28.851237     28.851237     57.702475
      1.446446     27.662715     27.662715     55.325431
      1.456456     25.151712     25.151712     50.303425
      1.466466     21.727711     21.727711     43.455423
      1.476476     17.859550     17.859550     35.719100
      1.486486     14.007088     14.007088     28.014177
      1.496496     10.577574     10.577574     21.155147
      1.506507      7.898038      7.898038     15.796075
      1.516517      6.196754      6.196754     12.393507
      1.526527      5.591185      5.591185     11.182370
      1.536537      6.081222      6.081222     12.162444
      1.546547      7.547634      7.547634     15.095268
      1.556557      9.760059      9.760059     19.520119
      1.566567     12.403213     12.403213     24.806425
      1.576577     15.127085     15.127085     30.254171
      1.586587     17.615317     17.615317     35.230633
      1.596597     19.653381     19.653381     39.306762
      1.606607     21.174749     21.174749     42.349497
      1.616617     22.270494     22.270494     44.540989
      1.626627     23.158974     23.158974     46.317948
      1.636637     24.120401     24.120401     48.240801
      1.646647     25.407450     25.407450     50.814900
      1.656657     27.152362     27.152362     54.304724
      1.666667     29.302079     29.302079     58.604158
      1.676677     31.615023     31.615023     63.230047
      1.686687     33.734981     33.734981     67.469961
      1.696697     35.320678     35.320678     70.641355
      1.706707     36.172702     36.172702     72.345403
      1.716717     36.289179     36.289179     72.578357
      1.726727     35.814379     35.814379     71.628758
      1.736737     34.908722     34.908722     69.817444
      1.746747     33.625025     33.625025     67.250049
      1.756757     31.880468     31.880468     63.760937
      1.766767     29.554471     29.554471     59.108942
      1.776777     26.655489     26.655489     53.310977
      1.786787     23.446101     23.446101     46.892202
      1.796797     20.434571     20.434571     40.869142
      1.806807     18.218738     18.218738     36.437476
      1.816817     17.252061     17.252061     34.504121
      1.826827     17.642517     17.642517     35.285035
      1.836837     19.077975     19.077975     38.155949
      1.846847     20.914244     20.914244     41.828487
      1.856857     22.394088     22.394088     44.788175
      1.866867     22.912416     22.912416     45.824831
      1.876877     22.222905     22.222905     44.445809
      1.886887     20.503628     20.503628     41.007256
      1.896897     18.258236     18.258236     36.516473
      1.906907     16.100563     16.100563     32.201127
      1.916917     14.520510     14.520510     29.041021
      1.926927     13.733021     13.733021     27.466042
      1.936937     13.668387     13.668387     27.336774
      1.946947     14.092434     14.092434     28.184869
      1.956957     14.782334     14.782334     29.564668
      1.966967     15.658014     15.658014     31.316029
      1.976977     16.795141     16.795141     33.590283
      1.986987     18.313771     18.313771     36.627541
      1.996997     20.212812     20.212812     40.425623
      2.007007     22.259741     22.259741     44.519481
      2.017017     24.018606     24.018606     48.037212
      2.027027     25.016965     25.016965     50.033930
      2.037037     24.962730     24.962730     49.925459
      2.047047     23.884061     23.884061     47.768123
      2.057057     22.107933     22.107933     44.215866
      2.067067     20.090334     20.090334     40.180668
      2.077077     18.199594     18.199594     36.399189
      2.087087     16.576638     16.576638     33.153276
      2.097097     15.141421     15.141421     30.282843
      2.107107     13.724192     13.724192     27.448383
      2.117117     12.233274     12.233274     24.466547
      2.127127     10.764398     10.764398     21.528796
      2.137137      9.602804      9.602804     19.205608
      2.147147      9.130588      9.130588     18.261177
      2.157157      9.690760      9.690760     19.381520
      2.167167     11.463325     11.463325     22.926649
      2.177177     14.389120     14.389120     28.778240
      2.187187     18.153922     18.153922     36.307844
      2.197197     22.230235     22.230235     44.460471
      2.207207     25.967030     25.967030     51.934059
      2.217217     28.712750     28.712750     57.425500
      2.227227     29.950077     29.950077     59.900154
      2.237237     29.412862     29.412862     58.825724
      2.247247     27.151847     27.151847     54.303695
      2.257257     23.523464     23.523464     47.046929
      2.267267     19.098491     19.098491     38.196983
      2.277277     14.518099     14.518099     29.036199
      2.287287     10.348106     10.348106     20.696213
      2.297297      6.983106      6.983106     13.966213
      2.307307      4.628183      4.628183      9.256366
      2.317317      3.350126      3.350126      6.700252
      2.327327      3.161490      3.161490      6.322981
      2.337337      4.091719      4.091719      8.183437
      2.347347      6.210111      6.210111     12.420222
      2.357357      9.587646      9.587646     19.175292
      2.367367     14.209616     14.209616     28.419231
      2.377377     19.872255     19.872255     39.744510
      2.387387     26.109132     26.109132     52.218263
      2.397397     32.191968     32.191968     64.383936
      2.407407     37.231671     37.231671     74.463341
      2.417417     40.369443     40.369443     80.738887
      2.427427     41.005372     41.005372     82.010744
      2.437437     38.982620     38.982620     77.965240
      2.447447     34.649822     34.649822     69.299644
      2.457457     28.768678     28.768678     57.537355
      2.467467     22.300043     22.300043     44.600085
      2.477477     16.154775     16.154775     32.309550
      2.487487     11.005010     11.005010     22.010020
      2.497497      7.213626      7.213626     14.427251
      2.507508      4.879090      4.879090      9.758180
      2.517518      3.944201      3.944201      7.888403
      2.527528      4.302403      4.302403      8.604806
      2.537538      5.853732      5.853732     11.707465
      2.547548      8.497657      8.497657     16.995315
      2.557558     12.082828     12.082828     24.165655
      2.567568     16.351529     16.351529     32.703058
      2.577578     20.915908     20.915908     41.831816
      2.587588     25.287616     25.287616     50.575232
      2.597598     28.960047     28.960047     57.920095
      2.607608     31.520591     31.520591     63.041182
      2.617618     32.755661     32.755661     65.511322
      2.627628     32.709117     32.709117     65.418234
      2.637638     31.668918     31.668918     63.337837
      2.647648     30.085458     30.085458     60.170917
      2.657658     28.455498     28.455498     56.910995
      2.667668     27.219327     27.219327     54.438655
      2.677678     26.704971     26.704971     53.409941
      2.687688     27.120541     27.120541     54.241081
      2.697698     28.567353     28.567353     57.134705
      2.707708     31.040953     31.040953     62.081906
      2.717718     34.405631     34.405631     68.811261
      2.727728     38.355872     38.355872     76.711744
      2.737738     42.399222     42.399222     84.798444
      2.747748     45.898656     45.898656     91.797313
      2.757758     48.193918     48.193918     96.387836
      2.767768     48.782200     48.782200     97.564401
      2.777778     47.494083     47.494083     94.988166
      2.787788     44.579104     44.579104     89.158209
      2.797798     40.641376     40.641376     81.282752
      2.807808     36.435461     36.435461     72.870921
      2.817818     32.607757     32.607757     65.215514
      2.827828     29.500102     29.500102     59.000204
      2.837838     27.098773     27.098773     54.197545
      2.847848     25.135891     25.135891     50.271782
      2.857858     23.278549     23.278549     46.557098
      2.867868     21.310627     21.310627     42.621254
      2.877878     19.229575     19.229575     38.459150
      2.887888     17.227413     17.227413     34.454826
      2.897898     15.577816     15.577816     31.155631
      2.907908     14.490163     14.490163     28.980325
      2.917918     14.003606     14.003606     28.007212
      2.927928     13.972963     13.972963     27.945925
      2.937938     14.149843     14.149843     28.299686
      2.947948     14.309760     14.309760     28.619520
      2.957958     14.349940     14.349940     28.699879
      2.967968     14.302214     14.302214     28.604428
      2.977978     14.261117     14.261117     28.522234
      2.987988     14.283118     14.283118     28.566236
      2.997998     14.330169     14.330169     28.660338
      3.008008     14.296526     14.296526     28.593052
      3.018018     14.095980     14.095980     28.191961
      3.028028     13.741624     13.741624     27.483247
      3.038038     13.354505     13.354505     26.709010
      3.048048     13.087913     13.087913     26.175825
      3.058058     13.014515     13.014515     26.029029
      3.068068     13.051698     13.051698     26.103396
      3.078078     12.977283     12.977283     25.954565
      3.088088     12.530361     12.530361     25.060722
      3.098098     11.539685     11.539685     23.079370
      3.108108     10.008509     10.008509     20.017017
      3.118118      8.115629      8.115629     16.231259
      3.128128      6.143550      6.143550     12.287100
      3.138138      4.381977      4.381977      8.763955
      3.148148      3.057990      3.057990      6.115981
      3.158158      2.317650      2.317650      4.635299
      3.168168      2.248960      2.248960      4.497919
      3.178178      2.914033      2.914033      5.828065
      3.188188      4.358028      4.358028      8.716056
      3.198198      6.580294      6.580294     13.160588
      3.208208      9.478543      9.478543     18.957086
      3.218218     12.797813     12.797813     25.595626
      3.228228     16.122069     16.122069     32.244138
      3.238238     18.932332     18.932332     37.864663
      3.248248     20.725118     20.725118     41.450236
      3.258258     21.152550     21.152550     42.305100
      3.268268     20.128621     20.128621     40.257242
      3.278278     17.856059     17.856059     35.712119
      3.288288     14.761601     14.761601     29.523202
      3.298298     11.367106     11.367106     22.734213
      3.308308      8.149067      8.149067     16.298134
      3.318318      5.437680      5.437680     10.875360
      3.328328      3.382588      3.382588      6.765176
      3.338338      1.981072      1.981072      3.962144
      3.348348      1.142519      1.142519      2.285038
      3.358358      0.757919      0.757919      1.515837
      3.368368      0.751233      0.751233      1.502466
      3.378378      1.101507      1.101507      2.203013
      3.388388      1.833642      1.833642      3.667285
      3.398398      2.981683      2.981683      5.963367
      3.408408      4.535101      4.535101      9.070203
      3.418418      6.387917      6.387917     12.775834
      3.428428      8.317719      8.317719     16.635439
      3.438438     10.017562     10.017562     20.035125
      3.448448     11.182924     11.182924     22.365847
      3.458458     11.625244     11.625244     23.250488
      3.468468     11.361086     11.361086     22.722171
      3.478478     10.629024     10.629024     21.258047
      3.488488      9.817358      9.817358     19.634716
      3.498498      9.328558      9.328558     18.657116
      3.508509      9.437301      9.437301     18.874601
      3.518519     10.202117     10.202117     20.404233
      3.528529     11.465592     11.465592     22.931184
      3.538539     12.937138     12.937138     25.874276
      3.548549     14.314220     14.314220     28.628440
      3.558559     15.381297     15.381297     30.762594
      3.568569     16.041563     16.041563     32.083127
      3.578579     16.278726     16.278726     32.557452
      3.588589     16.089583     16.089583     32.179167
      3.598599     15.443061     15.443061     30.886121
      3.608609     14.296205     14.296205     28.592410
      3.618619     12.651414     12.651414     25.302827
      3.628629     10.607508     10.607508     21.215017
      3.638639      8.363148      8.363148     16.726297
      3.648649      6.166787      6.166787     12.333574
      3.658659      4.243368      4.243368      8.486736
      3.668669      2.739053      2.739053      5.478106
      3.678679      1.708735      1.708735      3.417469
      3.688689      1.143532      1.143532      2.287065
      3.698699      1.015679      1.015679      2.031357
      3.708709      1.314003      1.314003      2.628006
      3.718719      2.051303      2.051303      4.102605
      3.728729      3.238627      3.238627      6.477254
      3.738739      4.836629      4.836629      9.673259
      3.748749      6.707692      6.707692     13.415384
      3.758759      8.598885      8.598885     17.197770
      3.768769     10.177871     10.177871     20.355743
      3.778779     11.119809     11.119809     22.239618
      3.788789     11.213314     11.213314     22.426627
      3.798799     10.436617     10.436617     20.873234
      3.808809      8.965468      8.965468     17.930936
      3.818819      7.108422      7.108422     14.216843
      3.828829      5.201882      5.201882     10.403765
      3.838839      3.513470      3.513470      7.026941
      3.848849      2.190330      2.190330      4.380659
      3.858859      1.260491      1.260491      2.520982
      3.868869      0.670231      0.670231      1.340462
      3.878879      0.331279      0.331279      0.662558
      3.888889      0.158217      0.158217      0.316435
      3.898899      0.089299      0.089299      0.178598
      3.908909      0.094101      0.094101      0.188203
      3.918919      0.175036      0.175036      0.350072
      3.928929      0.367559      0.367559      0.735117
      3.938939      0.738952      0.738952      1.477904
      3.948949      1.380838      1.380838      2.761676
      3.958959      2.389251      2.389251      4.778502
      3.968969      3.830639      3.830639      7.661278
      3.978979      5.702547      5.702547     11.405094
      3.988989      7.908683      7.908683     15.817365
      3.998999     10.270032     10.270032     20.540064
      4.009009     12.579233     12.579233     25.158466
      4.019019     14.678229     14.678229     29.356458
      4.029029     16.516669     16.516669     33.033337
      4.039039     18.150993     18.150993     36.301985
      4.049049     19.677236     19.677236     39.354472
      4.059059     21.135584     21.135584     42.271168
      4.069069     22.449574     22.449574     44.899148
      4.079079     23.446629     23.446629     46.893259
      4.089089     23.956876     23.956876     47.913753
      4.099099     23.935326     23.935326     47.870652
      4.109109     23.531698     23.531698     47.063395
      4.119119     23.056203     23.056203     46.112406
      4.129129     22.846152     22.846152     45.692303
      4.139139     23.096688     23.096688     46.193376
      4.149149     23.746398     23.746398     47.492796
      4.159159     24.486528     24.486528     48.973056
      4.169169     24.899039     24.899039     49.798078
      4.179179     24.657159     24.657159     49.314317
      4.189189     23.684554     23.684554     47.369109
      4.199199     22.190417     22.190417     44.380834
      4.209209     20.566771     20.566771     41.133542
      4.219219     19.209688     19.209688     38.419376
      4.229229     18.361639     18.361639     36.723278
      4.239239     18.048497     18.048497     36.096994
      4.249249     18.121689     18.121689     36.243378
      4.259259     18.358255     18.358255     36.716509
      4.269269     18.555190     18.555190     37.110380
      4.279279     18.581069     18.581069     37.162138
      4.289289     18.387302     18.387302     36.774603
      4.299299     18.000053     18.000053     36.000106
      4.309309     17.504617     17.504617     35.009233
      4.319319     17.018323     17.018323     34.036647
      4.329329     16.650068     16.650068     33.300136
      4.339339     16.463621     16.463621     32.927243
      4.349349     16.473094     16.473094     32.946188
      4.359359     16.680701     16.680701     33.361403
      4.369369     17.127999     17.127999     34.255999
      4.379379     17.907111     17.907111     35.814223
      4.389389     19.097870     19.097870     38.195739
      4.399399     20.653857     20.653857     41.307713
      4.409409     22.312994     22.312994     44.625989
      4.419419     23.611435     23.611435     47.222871
      4.429429     24.022818     24.022818     48.045636
      4.439439     23.164386     23.164386     46.328772
      4.449449     20.963433     20.963433     41.926867
      4.459459     17.696419     17.696419     35.392837
      4.469469     13.885478     13.885478     27.770957
      4.479479     10.113564     10.113564     20.227128
      4.489489      6.852494      6.852494     13.704989
      4.499499      4.375123      4.375123      8.750245
      4.509510      2.768089      2.768089      5.536178
      4.519520      2.012550      2.012550      4.025099
      4.529530      2.079557      2.079557      4.159114
      4.539540      2.993592      2.993592      5.987185
      4.549550      4.838387      4.838387      9.676774
      4.559560      7.702124      7.702124     15.404248
      4.569570     11.580729     11.580729     23.161457
      4.579580     16.277422     16.277422     32.554845
      4.589590     21.348399     21.348399     42.696798
      4.599600     26.138313     26.138313     52.276626
      4.609610     29.918983     29.918983     59.837967
      4.619620     32.097715     32.097715     64.195431
      4.629630     32.419770     32.419770     64.839539
      4.639640     31.077973     31.077973     62.155945
      4.649650     28.673326     28.673326     57.346652
      4.659660     26.032412     26.032412     52.064823
      4.669670     23.949941     23.949941     47.899881
      4.679680     22.955383     22.955383     45.910766
      4.689690     23.185977     23.185977     46.371953
      4.699700     24.396029     24.396029     48.792058
      4.709710     26.074942     26.074942     52.149884
      4.719720     27.613847     27.613847     55.227693
      4.729730     28.463650     28.463650     56.927300
      4.739740     28.252538     28.252538     56.505077
      4.749750     26.855160     26.855160     53.710320
      4.759760     24.414325     24.414325     48.828650
      4.769770     21.312955     21.312955     42.625911
      4.779780     18.093779     18.093779     36.187558
      4.789790     15.336438     15.336438     30.672877
      4.799800     13.521677     13.521677     27.043354
      4.809810     12.925284     12.925284     25.850567
      4.819820     13.577789     13.577789     27.155577
      4.829830     15.298762     15.298762     30.597525
      4.839840     17.780156     17.780156     35.560312
      4.849850     20.672196     20.672196     41.344393
      4.859860     23.633286     23.633286     47.266572
      4.869870     26.338941     26.338941     52.677883
      4.879880     28.479668     28.479668     56.959336
      4.889890     29.784318     29.784318     59.568636
      4.899900     30.075986     30.075986     60.151973
      4.909910     29.327263     29.327263     58.654525
      4.919920     27.669331     27.669331     55.338661
      4.929930     25.340016     25.340016     50.680032
      4.939940     22.603443     22.603443     45.206886
      4.949950     19.694979     19.694979     39.389958
      4.959960     16.820086     16.820086     33.640173
      4.969970     14.187256     14.187256     28.374511
      4.979980     12.025701     12.025701     24.051401
      4.989990     10.551307     10.551307     21.102614
      5.000000      9.886855      9.886855     19.773709
