# EIG2DOS: Utility for SIESTA to obtain the electronic density of states
#  E. Artacho, Apr 1999, A. Garcia, Apr 2012
#  Nick R. Papior, Feb 2017
# ------------------------------------------
# Eigenvalues calculated from a non-polarized calculation
# Eigenvalues read from siesta.EIG
# Kpoint weights read from siesta.KP
# Using smearing parameter:   0.0500
# Using 1000 points in the energy range
# Selected bands: 1 to: 2981
# Emin, Emax in file for selected band(s):    -27.0214194    218.3059190
# Nbands, Nspin, Nk   =   2981     1     1
# E_F                 =    -4.3118 eV --> (shifted to ZERO)
# Broadening          =     0.0500 eV
#
#        E            N(up)  (=)   N(down)         Ntot
     -5.000000     40.386859     40.386859     80.773718
     -4.989990     45.354967     45.354967     90.709934
     -4.979980     49.467797     49.467797     98.935594
     -4.969970     52.149048     52.149048    104.298097
     -4.959960     52.973796     52.973796    105.947592
     -4.949950     51.805478     51.805478    103.610955
     -4.939940     48.863226     48.863226     97.726453
     -4.929930     44.696749     44.696749     89.393499
     -4.919920     40.088817     40.088817     80.177634
     -4.909910     35.928228     35.928228     71.856457
     -4.899900     33.083653     33.083653     66.167306
     -4.889890     32.275320     32.275320     64.550640
     -4.879880     33.923920     33.923920     67.847839
     -4.869870     37.982510     37.982510     75.965020
     -4.859860     43.815906     43.815906     87.631812
     -4.849850     50.230575     50.230575    100.461151
     -4.839840     55.723554     55.723554    111.447107
     -4.829830     58.909150     58.909150    117.818300
     -4.819820     58.961950     58.961950    117.923899
     -4.809810     55.873523     55.873523    111.747046
     -4.799800     50.401225     50.401225    100.802449
     -4.789790     43.745622     43.745622     87.491245
     -4.779780     37.125289     37.125289     74.250578
     -4.769770     31.441550     31.441550     62.883100
     -4.759760     27.140746     27.140746     54.281492
     -4.749750     24.260512     24.260512     48.521024
     -4.739740     22.570513     22.570513     45.141027
     -4.729730     21.716319     21.716319     43.432638
     -4.719720     21.319497     21.319497     42.638995
     -4.709710     21.032006     21.032006     42.064012
     -4.699700     20.564549     20.564549     41.129098
     -4.689690     19.709624     19.709624     39.419247
     -4.679680     18.371698     18.371698     36.743395
     -4.669670     16.604947     16.604947     33.209895
     -4.659660     14.645810     14.645810     29.291620
     -4.649650     12.918753     12.918753     25.837505
     -4.639640     11.994948     11.994948     23.989897
     -4.629630     12.494495     12.494495     24.988990
     -4.619620     14.938157     14.938157     29.876313
     -4.609610     19.571843     19.571843     39.143687
     -4.599600     26.207805     26.207805     52.415611
     -4.589590     34.146722     34.146722     68.293445
     -4.579580     42.246909     42.246909     84.493818
     -4.569570     49.169735     49.169735     98.339471
     -4.559560     53.754087     53.754087    107.508174
     -4.549550     55.392049     55.392049    110.784098
     -4.539540     54.246482     54.246482    108.492965
     -4.529530     51.201393     51.201393    102.402785
     -4.519520     47.550695     47.550695     95.101390
     -4.509510     44.549446     44.549446     89.098891
     -4.499499     43.009170     43.009170     86.018340
     -4.489489     43.087984     43.087984     86.175968
     -4.479479     44.330255     44.330255     88.660510
     -4.469469     45.904394     45.904394     91.808788
     -4.459459     46.922177     46.922177     93.844354
     -4.449449     46.719293     46.719293     93.438585
     -4.439439     45.020806     45.020806     90.041612
     -4.429429     41.974041     41.974041     83.948082
     -4.419419     38.075068     38.075068     76.150135
     -4.409409     34.030584     34.030584     68.061168
     -4.399399     30.590975     30.590975     61.181951
     -4.389389     28.379974     28.379974     56.759947
     -4.379379     27.745973     27.745973     55.491947
     -4.369369     28.669320     28.669320     57.338640
     -4.359359     30.763164     30.763164     61.526327
     -4.349349     33.385769     33.385769     66.771539
     -4.339339     35.839437     35.839437     71.678874
     -4.329329     37.587842     37.587842     75.175685
     -4.319319     38.409501     38.409501     76.819002
     -4.309309     38.433011     38.433011     76.866022
     -4.299299     38.053614     38.053614     76.107228
     -4.289289     37.776969     37.776969     75.553937
     -4.279279     38.049994     38.049994     76.099988
     -4.269269     39.122275     39.122275     78.244550
     -4.259259     40.958699     40.958699     81.917398
     -4.249249     43.216241     43.216241     86.432483
     -4.239239     45.302923     45.302923     90.605846
     -4.229229     46.530849     46.530849     93.061699
     -4.219219     46.339138     46.339138     92.678275
     -4.209209     44.509796     44.509796     89.019592
     -4.199199     41.273362     41.273362     82.546724
     -4.189189     37.237505     37.237505     74.475009
     -4.179179     33.161263     33.161263     66.322526
     -4.169169     29.683857     29.683857     59.367714
     -4.159159     27.140144     27.140144     54.280287
     -4.149149     25.540088     25.540088     51.080177
     -4.139139     24.696642     24.696642     49.393284
     -4.129129     24.413737     24.413737     48.827475
     -4.119119     24.628068     24.628068     49.256137
     -4.109109     25.432061     25.432061     50.864122
     -4.099099     26.967662     26.967662     53.935325
     -4.089089     29.246410     29.246410     58.492820
     -4.079079     31.996915     31.996915     63.993829
     -4.069069     34.641980     34.641980     69.283960
     -4.059059     36.450600     36.450600     72.901199
     -4.049049     36.813870     36.813870     73.627739
     -4.039039     35.512355     35.512355     71.024709
     -4.029029     32.833337     32.833337     65.666674
     -4.019019     29.474592     29.474592     58.949183
     -4.009009     26.290125     26.290125     52.580250
     -3.998999     24.014610     24.014610     48.029220
     -3.988989     23.095592     23.095592     46.191184
     -3.978979     23.678963     23.678963     47.357926
     -3.968969     25.698137     25.698137     51.396275
     -3.958959     28.975744     28.975744     57.951488
     -3.948949     33.276448     33.276448     66.552897
     -3.938939     38.314195     38.314195     76.628389
     -3.928929     43.759975     43.759975     87.519950
     -3.918919     49.286004     49.286004     98.572008
     -3.908909     54.634416     54.634416    109.268832
     -3.898899     59.658063     59.658063    119.316126
     -3.888889     64.284056     64.284056    128.568113
     -3.878879     68.398932     68.398932    136.797864
     -3.868869     71.715791     71.715791    143.431583
     -3.858859     73.716112     73.716112    147.432224
     -3.848849     73.735780     73.735780    147.471561
     -3.838839     71.192134     71.192134    142.384268
     -3.828829     65.864016     65.864016    131.728033
     -3.818819     58.090767     58.090767    116.181535
     -3.808809     48.781361     48.781361     97.562722
     -3.798799     39.211750     39.211750     78.423500
     -3.788789     30.687483     30.687483     61.374967
     -3.778779     24.203897     24.203897     48.407794
     -3.768769     20.223054     20.223054     40.446107
     -3.758759     18.624375     18.624375     37.248750
     -3.748749     18.816530     18.816530     37.633061
     -3.738739     19.954098     19.954098     39.908197
     -3.728729     21.190378     21.190378     42.380756
     -3.718719     21.905141     21.905141     43.810282
     -3.708709     21.859395     21.859395     43.718790
     -3.698699     21.243363     21.243363     42.486726
     -3.688689     20.602046     20.602046     41.204093
     -3.678679     20.649102     20.649102     41.298203
     -3.668669     22.013334     22.013334     44.026667
     -3.658659     24.993450     24.993450     49.986901
     -3.648649     29.409101     29.409101     58.818203
     -3.638639     34.613671     34.613671     69.227341
     -3.628629     39.675051     39.675051     79.350103
     -3.618619     43.657297     43.657297     87.314594
     -3.608609     45.888943     45.888943     91.777886
     -3.598599     46.114583     46.114583     92.229167
     -3.588589     44.490588     44.490588     88.981176
     -3.578579     41.461629     41.461629     82.923258
     -3.568569     37.594057     37.594057     75.188114
     -3.558559     33.429926     33.429926     66.859852
     -3.548549     29.387447     29.387447     58.774894
     -3.538539     25.707557     25.707557     51.415113
     -3.528529     22.445205     22.445205     44.890411
     -3.518519     19.510163     19.510163     39.020326
     -3.508509     16.753164     16.753164     33.506327
     -3.498498     14.069363     14.069363     28.138725
     -3.488488     11.474682     11.474682     22.949364
     -3.478478      9.120565      9.120565     18.241129
     -3.468468      7.244154      7.244154     14.488308
     -3.458458      6.080803      6.080803     12.161605
     -3.448448      5.775757      5.775757     11.551514
     -3.438438      6.323033      6.323033     12.646066
     -3.428428      7.546427      7.546427     15.092854
     -3.418418      9.129767      9.129767     18.259534
     -3.408408     10.696883     10.696883     21.393765
     -3.398398     11.927201     11.927201     23.854402
     -3.388388     12.671575     12.671575     25.343150
     -3.378378     13.020165     13.020165     26.040330
     -3.368368     13.286364     13.286364     26.572727
     -3.358358     13.907274     13.907274     27.814548
     -3.348348     15.300548     15.300548     30.601095
     -3.338338     17.732677     17.732677     35.465354
     -3.328328     21.236133     21.236133     42.472265
     -3.318318     25.580084     25.580084     51.160168
     -3.308308     30.281389     30.281389     60.562778
     -3.298298     34.652426     34.652426     69.304851
     -3.288288     37.902265     37.902265     75.804530
     -3.278278     39.304264     39.304264     78.608529
     -3.268268     38.402844     38.402844     76.805687
     -3.258258     35.181929     35.181929     70.363859
     -3.248248     30.105579     30.105579     60.211158
     -3.238238     23.991874     23.991874     47.983748
     -3.228228     17.766872     17.766872     35.533744
     -3.218218     12.207242     12.207242     24.414484
     -3.208208      7.776831      7.776831     15.553661
     -3.198198      4.602371      4.602371      9.204742
     -3.188188      2.562481      2.562481      5.124962
     -3.178178      1.424995      1.424995      2.849990
     -3.168168      0.971753      0.971753      1.943506
     -3.158158      1.078577      1.078577      2.157154
     -3.148148      1.745291      1.745291      3.490581
     -3.138138      3.082411      3.082411      6.164822
     -3.128128      5.260754      5.260754     10.521507
     -3.118118      8.429455      8.429455     16.858910
     -3.108108     12.616226     12.616226     25.232452
     -3.098098     17.640050     17.640050     35.280099
     -3.088088     23.079036     23.079036     46.158073
     -3.078078     28.328821     28.328821     56.657643
     -3.068068     32.752035     32.752035     65.504071
     -3.058058     35.868564     35.868564     71.737128
     -3.048048     37.499527     37.499527     74.999055
     -3.038038     37.786730     37.786730     75.573460
     -3.028028     37.071173     37.071173     74.142347
     -3.018018     35.697908     35.697908     71.395816
     -3.008008     33.864690     33.864690     67.729379
     -2.997998     31.608521     31.608521     63.217041
     -2.987988     28.936803     28.936803     57.873606
     -2.977978     26.015591     26.015591     52.031182
     -2.967968     23.289110     23.289110     46.578221
     -2.957958     21.444001     21.444001     42.888001
     -2.947948     21.217630     21.217630     42.435261
     -2.937938     23.128271     23.128271     46.256542
     -2.927928     27.239063     27.239063     54.478127
     -2.917918     33.053233     33.053233     66.106466
     -2.907908     39.590336     39.590336     79.180672
     -2.897898     45.630095     45.630095     91.260190
     -2.887888     50.048326     50.048326    100.096651
     -2.877878     52.129280     52.129280    104.258559
     -2.867868     51.741259     51.741259    103.482519
     -2.857858     49.313478     49.313478     98.626957
     -2.847848     45.631977     45.631977     91.263954
     -2.837838     41.543744     41.543744     83.087489
     -2.827828     37.688260     37.688260     75.376519
     -2.817818     34.353821     34.353821     68.707642
     -2.807808     31.496160     31.496160     62.992319
     -2.797798     28.886748     28.886748     57.773495
     -2.787788     26.307161     26.307161     52.614323
     -2.777778     23.694145     23.694145     47.388289
     -2.767768     21.172160     21.172160     42.344319
     -2.757758     18.971539     18.971539     37.943077
     -2.747748     17.290910     17.290910     34.581820
     -2.737738     16.190264     16.190264     32.380528
     -2.727728     15.579228     15.579228     31.158456
     -2.717718     15.304746     15.304746     30.609491
     -2.707708     15.278615     15.278615     30.557230
     -2.697698     15.557944     15.557944     31.115887
     -2.687688     16.319578     16.319578     32.639157
     -2.677678     17.737405     17.737405     35.474810
     -2.667668     19.836787     19.836787     39.673575
     -2.657658     22.420488     22.420488     44.840977
     -2.647648     25.119635     25.119635     50.239269
     -2.637638     27.545456     27.545456     55.090911
     -2.627628     29.452793     29.452793     58.905585
     -2.617618     30.819083     30.819083     61.638167
     -2.607608     31.799110     31.799110     63.598219
     -2.597598     32.596660     32.596660     65.193320
     -2.587588     33.340856     33.340856     66.681711
     -2.577578     34.035253     34.035253     68.070507
     -2.567568     34.583407     34.583407     69.166813
     -2.557558     34.842096     34.842096     69.684192
     -2.547548     34.654950     34.654950     69.309900
     -2.537538     33.864579     33.864579     67.729158
     -2.527528     32.340158     32.340158     64.680315
     -2.517518     30.048081     30.048081     60.096163
     -2.507508     27.143222     27.143222     54.286444
     -2.497497     24.015353     24.015353     48.030706
     -2.487487     21.232523     21.232523     42.465046
     -2.477477     19.380235     19.380235     38.760471
     -2.467467     18.861684     18.861684     37.723368
     -2.457457     19.754496     19.754496     39.508993
     -2.447447     21.795592     21.795592     43.591184
     -2.437437     24.503725     24.503725     49.007450
     -2.427427     27.382709     27.382709     54.765418
     -2.417417     30.109310     30.109310     60.218620
     -2.407407     32.616379     32.616379     65.232758
     -2.397397     35.031802     35.031802     70.063603
     -2.387387     37.504933     37.504933     75.009867
     -2.377377     40.010466     40.010466     80.020933
     -2.367367     42.235512     42.235512     84.471023
     -2.357357     43.619457     43.619457     87.238914
     -2.347347     43.543507     43.543507     87.087013
     -2.337337     41.592103     41.592103     83.184206
     -2.327327     37.768996     37.768996     75.537993
     -2.317317     32.568287     32.568287     65.136573
     -2.307307     26.867453     26.867453     53.734907
     -2.297297     21.689573     21.689573     43.379146
     -2.287287     17.932629     17.932629     35.865259
     -2.277277     16.162665     16.162665     32.325330
     -2.267267     16.525205     16.525205     33.050410
     -2.257257     18.776918     18.776918     37.553837
     -2.247247     22.402586     22.402586     44.805173
     -2.237237     26.767619     26.767619     53.535238
     -2.227227     31.257035     31.257035     62.514071
     -2.217217     35.363046     35.363046     70.726092
     -2.207207     38.705988     38.705988     77.411977
     -2.197197     41.005209     41.005209     82.010418
     -2.187187     42.043602     42.043602     84.087204
     -2.177177     41.671570     41.671570     83.343140
     -2.167167     39.864169     39.864169     79.728337
     -2.157157     36.795820     36.795820     73.591639
     -2.147147     32.866175     32.866175     65.732350
     -2.137137     28.627369     28.627369     57.254737
     -2.127127     24.622720     24.622720     49.245441
     -2.117117     21.210253     21.210253     42.420507
     -2.107107     18.464240     18.464240     36.928481
     -2.097097     16.206968     16.206968     32.413937
     -2.087087     14.147861     14.147861     28.295723
     -2.077077     12.048921     12.048921     24.097841
     -2.067067      9.830649      9.830649     19.661298
     -2.057057      7.578290      7.578290     15.156579
     -2.047047      5.468496      5.468496     10.936992
     -2.037037      3.672439      3.672439      7.344878
     -2.027027      2.287589      2.287589      4.575178
     -2.017017      1.320089      1.320089      2.640177
     -2.007007      0.708217      0.708217      1.416434
     -1.996997      0.362627      0.362627      0.725254
     -1.986987      0.202418      0.202418      0.404837
     -1.976977      0.178083      0.178083      0.356166
     -1.966967      0.282415      0.282415      0.564830
     -1.956957      0.553586      0.553586      1.107172
     -1.946947      1.071700      1.071700      2.143399
     -1.936937      1.945621      1.945621      3.891241
     -1.926927      3.285553      3.285553      6.571107
     -1.916917      5.161560      5.161560     10.323121
     -1.906907      7.557801      7.557801     15.115602
     -1.896897     10.340904     10.340904     20.681808
     -1.886887     13.261208     13.261208     26.522415
     -1.876877     15.994540     15.994540     31.989080
     -1.866867     18.214964     18.214964     36.429929
     -1.856857     19.675641     19.675641     39.351282
     -1.846847     20.272342     20.272342     40.544683
     -1.836837     20.070357     20.070357     40.140714
     -1.826827     19.284514     19.284514     38.569028
     -1.816817     18.212050     18.212050     36.424100
     -1.806807     17.132688     17.132688     34.265375
     -1.796797     16.208927     16.208927     32.417855
     -1.786787     15.430711     15.430711     30.861422
     -1.776777     14.636727     14.636727     29.273454
     -1.766767     13.607997     13.607997     27.215993
     -1.756757     12.188294     12.188294     24.376588
     -1.746747     10.369654     10.369654     20.739308
     -1.736737      8.303081      8.303081     16.606163
     -1.726727      6.239907      6.239907     12.479815
     -1.716717      4.446607      4.446607      8.893213
     -1.706707      3.142203      3.142203      6.284407
     -1.696697      2.483014      2.483014      4.966027
     -1.686687      2.584043      2.584043      5.168086
     -1.676677      3.542136      3.542136      7.084273
     -1.666667      5.425332      5.425332     10.850665
     -1.656657      8.215338      8.215338     16.430677
     -1.646647     11.725118     11.725118     23.450237
     -1.636637     15.543607     15.543607     31.087213
     -1.626627     19.064298     19.064298     38.128596
     -1.616617     21.622467     21.622467     43.244935
     -1.606607     22.707290     22.707290     45.414581
     -1.596597     22.163289     22.163289     44.326579
     -1.586587     20.286423     20.286423     40.572846
     -1.576577     17.764326     17.764326     35.528653
     -1.566567     15.481292     15.481292     30.962583
     -1.556557     14.262893     14.262893     28.525786
     -1.546547     14.646205     14.646205     29.292411
     -1.536537     16.736722     16.736722     33.473445
     -1.526527     20.178937     20.178937     40.357874
     -1.516517     24.241764     24.241764     48.483528
     -1.506507     28.000017     28.000017     56.000034
     -1.496496     30.570137     30.570137     61.140275
     -1.486486     31.335887     31.335887     62.671774
     -1.476476     30.094688     30.094688     60.189376
     -1.466466     27.080164     27.080164     54.160328
     -1.456456     22.863387     22.863387     45.726774
     -1.446446     18.179913     18.179913     36.359827
     -1.436436     13.748789     13.748789     27.497579
     -1.426426     10.137252     10.137252     20.274503
     -1.416416      7.692891      7.692891     15.385781
     -1.406406      6.533760      6.533760     13.067520
     -1.396396      6.572312      6.572312     13.144624
     -1.386386      7.554922      7.554922     15.109845
     -1.376376      9.115110      9.115110     18.230220
     -1.366366     10.848040     10.848040     21.696080
     -1.356356     12.404733     12.404733     24.809467
     -1.346346     13.581541     13.581541     27.163083
     -1.336336     14.364608     14.364608     28.729217
     -1.326326     14.899996     14.899996     29.799992
     -1.316316     15.397542     15.397542     30.795084
     -1.306306     16.015654     16.015654     32.031308
     -1.296296     16.784948     16.784948     33.569897
     -1.286286     17.601574     17.601574     35.203149
     -1.276276     18.277392     18.277392     36.554784
     -1.266266     18.607411     18.607411     37.214821
     -1.256256     18.421532     18.421532     36.843063
     -1.246246     17.613996     17.613996     35.227992
     -1.236236     16.161982     16.161982     32.323965
     -1.226226     14.140266     14.140266     28.280531
     -1.216216     11.722852     11.722852     23.445703
     -1.206206      9.156995      9.156995     18.313990
     -1.196196      6.708708      6.708708     13.417416
     -1.186186      4.599679      4.599679      9.199358
     -1.176176      2.964312      2.964312      5.928624
     -1.166166      1.844932      1.844932      3.689864
     -1.156156      1.221991      1.221991      2.443981
     -1.146146      1.059102      1.059102      2.118203
     -1.136136      1.338180      1.338180      2.676360
     -1.126126      2.066760      2.066760      4.133521
     -1.116116      3.252580      3.252580      6.505160
     -1.106106      4.855727      4.855727      9.711454
     -1.096096      6.742576      6.742576     13.485152
     -1.086086      8.672298      8.672298     17.344596
     -1.076076     10.338340     10.338340     20.676681
     -1.066066     11.461848     11.461848     22.923695
     -1.056056     11.901607     11.901607     23.803214
     -1.046046     11.725591     11.725591     23.451182
     -1.036036     11.199004     11.199004     22.398008
     -1.026026     10.682176     10.682176     21.364353
     -1.016016     10.478669     10.478669     20.957338
     -1.006006     10.702654     10.702654     21.405308
     -0.995996     11.228341     11.228341     22.456681
     -0.985986     11.745675     11.745675     23.491351
     -0.975976     11.895630     11.895630     23.791260
     -0.965966     11.421108     11.421108     22.842217
     -0.955956     10.265040     10.265040     20.530080
     -0.945946      8.577363      8.577363     17.154726
     -0.935936      6.639753      6.639753     13.279507
     -0.925926      4.754198      4.754198      9.508395
     -0.915916      3.149663      3.149663      6.299326
     -0.905906      1.940689      1.940689      3.881379
     -0.895896      1.140056      1.140056      2.280113
     -0.885886      0.704354      0.704354      1.408709
     -0.875876      0.585156      0.585156      1.170312
     -0.865866      0.765281      0.765281      1.530562
     -0.855856      1.269832      1.269832      2.539664
     -0.845846      2.149446      2.149446      4.298891
     -0.835836      3.439411      3.439411      6.878821
     -0.825826      5.106557      5.106557     10.213113
     -0.815816      7.005822      7.005822     14.011644
     -0.805806      8.873301      8.873301     17.746601
     -0.795796     10.373411     10.373411     20.746821
     -0.785786     11.193087     11.193087     22.386173
     -0.775776     11.147209     11.147209     22.294417
     -0.765766     10.246361     10.246361     20.492722
     -0.755756      8.692825      8.692825     17.385651
     -0.745746      6.806810      6.806810     13.613620
     -0.735736      4.919676      4.919676      9.839353
     -0.725726      3.282747      3.282747      6.565495
     -0.715716      2.024662      2.024662      4.049324
     -0.705706      1.161142      1.161142      2.322283
     -0.695696      0.637972      0.637972      1.275943
     -0.685686      0.381587      0.381587      0.763174
     -0.675676      0.339021      0.339021      0.678042
     -0.665666      0.500066      0.500066      1.000132
     -0.655656      0.901107      0.901107      1.802215
     -0.645646      1.610848      1.610848      3.221696
     -0.635636      2.697594      2.697594      5.395188
     -0.625626      4.181650      4.181650      8.363300
     -0.615616      5.986179      5.986179     11.972359
     -0.605606      7.910168      7.910168     15.820336
     -0.595596      9.647564      9.647564     19.295127
     -0.585586     10.860209     10.860209     21.720418
     -0.575576     11.283554     11.283554     22.567108
     -0.565566     10.820331     10.820331     21.640662
     -0.555556      9.576836      9.576836     19.153672
     -0.545546      7.823308      7.823308     15.646615
     -0.535536      5.898555      5.898555     11.797110
     -0.525526      4.104759      4.104759      8.209518
     -0.515516      2.636432      2.636432      5.272864
     -0.505506      1.562904      1.562904      3.125808
     -0.495495      0.855136      0.855136      1.710271
     -0.485485      0.431842      0.431842      0.863683
     -0.475475      0.201280      0.201280      0.402560
     -0.465465      0.086589      0.086589      0.173178
     -0.455455      0.034381      0.034381      0.068761
     -0.445445      0.012600      0.012600      0.025199
     -0.435435      0.004262      0.004262      0.008524
     -0.425425      0.001333      0.001333      0.002666
     -0.415415      0.000394      0.000394      0.000789
     -0.405405      0.000149      0.000149      0.000299
     -0.395395      0.000212      0.000212      0.000424
     -0.385385      0.000683      0.000683      0.001366
     -0.375375      0.002269      0.002269      0.004538
     -0.365365      0.007007      0.007007      0.014014
     -0.355355      0.019983      0.019983      0.039965
     -0.345345      0.052597      0.052597      0.105194
     -0.335335      0.127780      0.127780      0.255559
     -0.325325      0.286516      0.286516      0.573031
     -0.315315      0.592954      0.592954      1.185909
     -0.305305      1.132612      1.132612      2.265224
     -0.295295      1.996769      1.996769      3.993539
     -0.285285      3.249088      3.249088      6.498176
     -0.275275      4.879575      4.879575      9.759149
     -0.265265      6.763777      6.763777     13.527554
     -0.255255      8.653334      8.653334     17.306667
     -0.245245     10.217966     10.217966     20.435932
     -0.235235     11.136079     11.136079     22.272159
     -0.225225     11.201780     11.201780     22.403560
     -0.215215     10.399886     10.399886     20.799773
     -0.205205      8.911627      8.911627     17.823254
     -0.195195      7.048104      7.048104     14.096207
     -0.185185      5.144870      5.144870     10.289740
     -0.175175      3.466278      3.466278      6.932555
     -0.165165      2.155456      2.155456      4.310912
     -0.155155      1.237092      1.237092      2.474183
     -0.145145      0.655317      0.655317      1.310634
     -0.135135      0.320396      0.320396      0.640793
     -0.125125      0.144581      0.144581      0.289162
     -0.115115      0.060217      0.060217      0.120435
     -0.105105      0.023148      0.023148      0.046296
     -0.095095      0.008213      0.008213      0.016426
     -0.085085      0.002690      0.002690      0.005379
     -0.075075      0.000813      0.000813      0.001626
     -0.065065      0.000227      0.000227      0.000454
     -0.055055      0.000058      0.000058      0.000117
     -0.045045      0.000014      0.000014      0.000028
     -0.035035      0.000003      0.000003      0.000006
     -0.025025      0.000001      0.000001      0.000001
     -0.015015      0.000000      0.000000      0.000000
     -0.005005      0.000000      0.000000      0.000000
      0.005005      0.000000      0.000000      0.000000
      0.015015      0.000000      0.000000      0.000000
      0.025025      0.000001      0.000001      0.000001
      0.035035      0.000003      0.000003      0.000006
      0.045045      0.000014      0.000014      0.000028
      0.055055      0.000058      0.000058      0.000117
      0.065065      0.000227      0.000227      0.000454
      0.075075      0.000813      0.000813      0.001626
      0.085085      0.002690      0.002690      0.005379
      0.095095      0.008213      0.008213      0.016426
      0.105105      0.023148      0.023148      0.046297
      0.115115      0.060217      0.060217      0.120435
      0.125125      0.144581      0.144581      0.289162
      0.135135      0.320397      0.320397      0.640794
      0.145145      0.655318      0.655318      1.310635
      0.155155      1.237093      1.237093      2.474186
      0.165165      2.155458      2.155458      4.310916
      0.175175      3.466281      3.466281      6.932561
      0.185185      5.144873      5.144873     10.289747
      0.195195      7.048107      7.048107     14.096215
      0.205205      8.911631      8.911631     17.823261
      0.215215     10.399889     10.399889     20.799778
      0.225225     11.201781     11.201781     22.403561
      0.235235     11.136078     11.136078     22.272157
      0.245245     10.217964     10.217964     20.435927
      0.255255      8.653330      8.653330     17.306660
      0.265265      6.763773      6.763773     13.527546
      0.275275      4.879571      4.879571      9.759142
      0.285285      3.249085      3.249085      6.498171
      0.295295      1.996767      1.996767      3.993534
      0.305305      1.132611      1.132611      2.265221
      0.315315      0.592953      0.592953      1.185907
      0.325325      0.286515      0.286515      0.573030
      0.335335      0.127780      0.127780      0.255559
      0.345345      0.052597      0.052597      0.105194
      0.355355      0.019982      0.019982      0.039965
      0.365365      0.007007      0.007007      0.014014
      0.375375      0.002268      0.002268      0.004536
      0.385385      0.000678      0.000678      0.001357
      0.395395      0.000192      0.000192      0.000383
      0.405405      0.000069      0.000069      0.000138
      0.415415      0.000099      0.000099      0.000198
      0.425425      0.000336      0.000336      0.000671
      0.435435      0.001167      0.001167      0.002335
      0.445445      0.003770      0.003770      0.007541
      0.455455      0.011244      0.011244      0.022488
      0.465465      0.030950      0.030950      0.061900
      0.475475      0.078631      0.078631      0.157261
      0.485485      0.184378      0.184378      0.368756
      0.495495      0.399036      0.399036      0.798073
      0.505506      0.797082      0.797082      1.594164
      0.515516      1.469537      1.469537      2.939074
      0.525526      2.500603      2.500603      5.001206
      0.535536      3.927316      3.927316      7.854632
      0.545546      5.692904      5.692904     11.385808
      0.555556      7.616561      7.616561     15.233123
      0.565566      9.405279      9.405279     18.810559
      0.575576     10.719490     10.719490     21.438980
      0.585586     11.276473     11.276473     22.552947
      0.595596     10.949496     10.949496     21.898992
      0.605606      9.815763      9.815763     19.631527
      0.615616      8.129618      8.129618     16.259235
      0.625626      6.235991      6.235991     12.471982
      0.635636      4.468223      4.468223      8.936446
      0.645646      3.076076      3.076076      6.152152
      0.655656      2.205772      2.205772      4.411544
      0.665666      1.921890      1.921890      3.843779
      0.675676      2.240564      2.240564      4.481128
      0.685686      3.144076      3.144076      6.288152
      0.695696      4.565318      4.565318      9.130636
      0.705706      6.355531      6.355531     12.711061
      0.715716      8.266445      8.266445     16.532891
      0.725726      9.977362      9.977362     19.954724
      0.735736     11.175735     11.175735     22.351471
      0.745746     11.666233     11.666233     23.332465
      0.755756     11.457771     11.457771     22.915542
      0.765766     10.779013     10.779013     21.558026
      0.775776     10.003188     10.003188     20.006376
      0.785786      9.507044      9.507044     19.014089
      0.795796      9.522006      9.522006     19.044012
      0.805806     10.041159     10.041159     20.082318
      0.815816     10.822032     10.822032     21.644063
      0.825826     11.483960     11.483960     22.967919
      0.835836     11.658136     11.658136     23.316272
      0.845846     11.126118     11.126118     22.252237
      0.855856      9.889671      9.889671     19.779342
      0.865866      8.149054      8.149054     16.298108
      0.875876      6.210515      6.210515     12.421031
      0.885886      4.372874      4.372874      8.745748
      0.895896      2.843140      2.843140      5.686279
      0.905906      1.706530      1.706530      3.413059
      0.915916      0.945508      0.945508      1.891016
      0.925926      0.483559      0.483559      0.967118
      0.935936      0.228368      0.228368      0.456736
      0.945946      0.099941      0.099941      0.199881
      0.955956      0.041721      0.041721      0.083442
      0.965966      0.020316      0.020316      0.040631
      0.975976      0.020999      0.020999      0.041997
      0.985986      0.044305      0.044305      0.088610
      0.995996      0.106242      0.106242      0.212484
      1.006006      0.242139      0.242139      0.484279
      1.016016      0.511657      0.511657      1.023315
      1.026026      0.999885      0.999885      1.999769
      1.036036      1.807850      1.807850      3.615700
      1.046046      3.027605      3.027605      6.055211
      1.056056      4.704191      4.704191      9.408381
      1.066066      6.797596      6.797596     13.595193
      1.076076      9.165376      9.165376     18.330753
      1.086086     11.582334     11.582334     23.164667
      1.096096     13.795453     13.795453     27.590907
      1.106106     15.590055     15.590055     31.180109
      1.116116     16.834552     16.834552     33.669104
      1.126126     17.486337     17.486337     34.972673
      1.136136     17.570256     17.570256     35.140513
      1.146146     17.159283     17.159283     34.318566
      1.156156     16.376670     16.376670     32.753341
      1.166166     15.408567     15.408567     30.817133
      1.176176     14.494645     14.494645     28.989290
      1.186186     13.875024     13.875024     27.750049
      1.196196     13.708653     13.708653     27.417305
      1.206206     14.009869     14.009869     28.019737
      1.216216     14.646470     14.646470     29.292940
      1.226226     15.403441     15.403441     30.806881
      1.236236     16.071507     16.071507     32.143015
      1.246246     16.505119     16.505119     33.010239
      1.256256     16.622229     16.622229     33.244458
      1.266266     16.365482     16.365482     32.730964
      1.276276     15.672311     15.672311     31.344621
      1.286286     14.488190     14.488190     28.976380
      1.296296     12.816361     12.816361     25.632721
      1.306306     10.764481     10.764481     21.528962
      1.316316      8.550367      8.550367     17.100734
      1.326326      6.460685      6.460685     12.921370
      1.336336      4.789578      4.789578      9.579157
      1.346346      3.792493      3.792493      7.584985
      1.356356      3.670611      3.670611      7.341222
      1.366366      4.572083      4.572083      9.144167
      1.376376      6.581320      6.581320     13.162641
      1.386386      9.678379      9.678379     19.356758
      1.396396     13.679555     13.679555     27.359109
      1.406406     18.197233     18.197233     36.394467
      1.416416     22.661109     22.661109     45.322218
      1.426426     26.416982     26.416982     52.833965
      1.436436     28.877360     28.877360     57.754720
      1.446446     29.666980     29.666980     59.333960
      1.456456     28.707239     28.707239     57.414479
      1.466466     26.214624     26.214624     52.429248
      1.476476     22.627369     22.627369     45.254739
      1.486486     18.497694     18.497694     36.995388
      1.496496     14.386496     14.386496     28.772993
      1.506507     10.782740     10.782740     21.565480
      1.516517      8.054153      8.054153     16.108306
      1.526527      6.425517      6.425517     12.851035
      1.536537      5.975715      5.975715     11.951430
      1.546547      6.644653      6.644653     13.289306
      1.556557      8.246700      8.246700     16.493399
      1.566567     10.495311     10.495311     20.990621
      1.576577     13.046415     13.046415     26.092829
      1.586587     15.560589     15.560589     31.121178
      1.596597     17.770467     17.770467     35.540934
      1.606607     19.531990     19.531990     39.063981
      1.616617     20.843692     20.843692     41.687385
      1.626627     21.832196     21.832196     43.664392
      1.636637     22.712091     22.712091     45.424183
      1.646647     23.728342     23.728342     47.456684
      1.656657     25.086073     25.086073     50.172146
      1.666667     26.876988     26.876988     53.753976
      1.676677     29.024677     29.024677     58.049355
      1.686687     31.280138     31.280138     62.560276
      1.696697     33.288392     33.288392     66.576783
      1.706707     34.713824     34.713824     69.427648
      1.716717     35.371450     35.371450     70.742901
      1.726727     35.292252     35.292252     70.584504
      1.736737     34.675734     34.675734     69.351469
      1.746747     33.747878     33.747878     67.495755
      1.756757     32.609630     32.609630     65.219260
      1.766767     31.179349     31.179349     62.358699
      1.776777     29.278981     29.278981     58.557963
      1.786787     26.818372     26.818372     53.636744
      1.796797     23.960750     23.960750     47.921501
      1.806807     21.156192     21.156192     42.312384
      1.816817     19.005667     19.005667     38.011334
      1.826827     18.014879     18.014879     36.029758
      1.836837     18.356860     18.356860     36.713720
      1.846847     19.758509     19.758509     39.517018
      1.856857     21.569185     21.569185     43.138370
      1.866867     22.989128     22.989128     45.978255
      1.876877     23.365239     23.365239     46.730478
      1.886887     22.430215     22.430215     44.860430
      1.896897     20.384412     20.384412     40.768823
      1.906907     17.790732     17.790732     35.581463
      1.916917     15.337621     15.337621     30.675242
      1.926927     13.580825     13.580825     27.161650
      1.936937     12.774663     12.774663     25.549326
      1.946947     12.853146     12.853146     25.706293
      1.956957     13.548724     13.548724     27.097449
      1.966967     14.575071     14.575071     29.150142
      1.976977     15.775069     15.775069     31.550137
      1.986987     17.157015     17.157015     34.314029
      1.996997     18.804268     18.804268     37.608535
      2.007007     20.718223     20.718223     41.436446
      2.017017     22.699791     22.699791     45.399582
      2.027027     24.357741     24.357741     48.715483
      2.037037     25.255923     25.255923     50.511845
      2.047047     25.120152     25.120152     50.240303
      2.057057     23.980495     23.980495     47.960990
      2.067067     22.159681     22.159681     44.319362
      2.077077     20.112797     20.112797     40.225594
      2.087087     18.214404     18.214404     36.428809
      2.097097     16.616722     16.616722     33.233445
      2.107107     15.251997     15.251997     30.503993
      2.117117     13.961712     13.961712     27.923424
      2.127127     12.665048     12.665048     25.330096
      2.137137     11.468195     11.468195     22.936390
      2.147147     10.661162     10.661162     21.322324
      2.157157     10.613267     10.613267     21.226535
      2.167167     11.623708     11.623708     23.247416
      2.177177     13.792039     13.792039     27.584079
      2.187187     16.952717     16.952717     33.905433
      2.197197     20.687226     20.687226     41.374452
      2.207207     24.402544     24.402544     48.805088
      2.217217     27.451435     27.451435     54.902870
      2.227227     29.266245     29.266245     58.532490
      2.237237     29.478431     29.478431     58.956861
      2.247247     27.997971     27.997971     55.995941
      2.257257     25.031456     25.031456     50.062913
      2.267267     21.029512     21.029512     42.059024
      2.277277     16.574851     16.574851     33.149701
      2.287287     12.245094     12.245094     24.490187
      2.297297      8.496588      8.496588     16.993177
      2.307307      5.607287      5.607287     11.214573
      2.317317      3.690857      3.690857      7.381714
      2.327327      2.764088      2.764088      5.528176
      2.337337      2.830063      2.830063      5.660127
      2.347347      3.937169      3.937169      7.874339
      2.357357      6.186036      6.186036     12.372072
      2.367367      9.676502      9.676502     19.353004
      2.377377     14.409045     14.409045     28.818089
      2.387387     20.175608     20.175608     40.351216
      2.397397     26.487729     26.487729     52.975458
      2.407407     32.587689     32.587689     65.175379
      2.417417     37.565654     37.565654     75.131308
      2.427427     40.565265     40.565265     81.130530
      2.437437     41.016500     41.016500     82.032999
      2.447447     38.810176     38.810176     77.620353
      2.457457     34.341358     34.341358     68.682716
      2.467467     28.399261     28.399261     56.798522
      2.477477     21.946522     21.946522     43.893043
      2.487487     15.876372     15.876372     31.752744
      2.497497     10.837844     10.837844     21.675689
      2.507508      7.177910      7.177910     14.355821
      2.517518      4.991191      4.991191      9.982381
      2.527528      4.224324      4.224324      8.448648
      2.537538      4.771741      4.771741      9.543482
      2.547548      6.520348      6.520348     13.040695
      2.557558      9.336137      9.336137     18.672274
      2.567568     13.017046     13.017046     26.034093
      2.577578     17.250807     17.250807     34.501615
      2.587588     21.611099     21.611099     43.222197
      2.597598     25.605801     25.605801     51.211602
      2.607608     28.767795     28.767795     57.535589
      2.617618     30.760747     30.760747     61.521494
      2.627628     31.464515     31.464515     62.929030
      2.637638     31.008762     31.008762     62.017523
      2.647648     29.739431     29.739431     59.478863
      2.657658     28.128168     28.128168     56.256336
      2.667668     26.659455     26.659455     53.318910
      2.677678     25.738957     25.738957     51.477914
      2.687688     25.650258     25.650258     51.300515
      2.697698     26.554878     26.554878     53.109755
      2.707708     28.505402     28.505402     57.010804
      2.717718     31.442260     31.442260     62.884520
      2.727728     35.168854     35.168854     70.337707
      2.737738     39.326978     39.326978     78.653956
      2.747748     43.405408     43.405408     86.810815
      2.757758     46.804351     46.804351     93.608702
      2.767768     48.954824     48.954824     97.909649
      2.777778     49.464739     49.464739     98.929477
      2.787788     48.241529     48.241529     96.483059
      2.797798     45.535781     45.535781     91.071562
      2.807808     41.872414     41.872414     83.744827
      2.817818     37.883727     37.883727     75.767454
      2.827828     34.109240     34.109240     68.218479
      2.837838     30.848499     30.848499     61.696998
      2.847848     28.128027     28.128027     56.256053
      2.857858     25.785684     25.785684     51.571368
      2.867868     23.619057     23.619057     47.238114
      2.877878     21.519132     21.519132     43.038265
      2.887888     19.525862     19.525862     39.051724
      2.897898     17.786704     17.786704     35.573408
      2.907908     16.450397     16.450397     32.900793
      2.917918     15.561888     15.561888     31.123775
      2.927928     15.022535     15.022535     30.045071
      2.937938     14.640655     14.640655     29.281311
      2.947948     14.241156     14.241156     28.482312
      2.957958     13.763865     13.763865     27.527729
      2.967968     13.285311     13.285311     26.570623
      2.977978     12.947295     12.947295     25.894589
      2.987988     12.836512     12.836512     25.673025
      2.997998     12.892322     12.892322     25.784645
      3.008008     12.902585     12.902585     25.805170
      3.018018     12.592445     12.592445     25.184889
      3.028028     11.754557     11.754557     23.509114
      3.038038     10.347447     10.347447     20.694894
      3.048048      8.512349      8.512349     17.024699
      3.058058      6.508783      6.508783     13.017566
      3.068068      4.611511      4.611511      9.223021
      3.078078      3.022647      3.022647      6.045294
      3.088088      1.832637      1.832637      3.665274
      3.098098      1.031941      1.031941      2.063882
      3.108108      0.552644      0.552644      1.105288
      3.118118      0.314903      0.314903      0.629807
      3.128128      0.262234      0.262234      0.524469
      3.138138      0.381216      0.381216      0.762433
      3.148148      0.707380      0.707380      1.414761
      3.158158      1.318653      1.318653      2.637305
      3.168168      2.315034      2.315034      4.630068
      3.178178      3.783652      3.783652      7.567304
      3.188188      5.754608      5.754608     11.509215
      3.198198      8.162165      8.162165     16.324330
      3.208208     10.830191     10.830191     21.660382
      3.218218     13.493835     13.493835     26.987670
      3.228228     15.852670     15.852670     31.705341
      3.238238     17.635024     17.635024     35.270049
      3.248248     18.650985     18.650985     37.301970
      3.258258     18.823839     18.823839     37.647677
      3.268268     18.203848     18.203848     36.407697
      3.278278     16.969878     16.969878     33.939755
      3.288288     15.412787     15.412787     30.825575
      3.298298     13.885412     13.885412     27.770823
      3.308308     12.713518     12.713518     25.427036
      3.318318     12.089662     12.089662     24.179325
      3.328328     11.996948     11.996948     23.993896
      3.338338     12.209207     12.209207     24.418414
      3.348348     12.381722     12.381722     24.763445
      3.358358     12.199419     12.199419     24.398838
      3.368368     11.516485     11.516485     23.032970
      3.378378     10.423357     10.423357     20.846714
      3.388388      9.212377      9.212377     18.424754
      3.398398      8.260634      8.260634     16.521268
      3.408408      7.882106      7.882106     15.764212
      3.418418      8.208310      8.208310     16.416619
      3.428428      9.140898      9.140898     18.281796
      3.438438     10.392027     10.392027     20.784053
      3.448448     11.597448     11.597448     23.194895
      3.458458     12.459057     12.459057     24.918113
      3.468468     12.857053     12.857053     25.714106
      3.478478     12.879193     12.879193     25.758385
      3.488488     12.750633     12.750633     25.501266
      3.498498     12.699203     12.699203     25.398407
      3.508509     12.828696     12.828696     25.657392
      3.518519     13.070986     13.070986     26.141972
      3.528529     13.243358     13.243358     26.486717
      3.538539     13.175262     13.175262     26.350524
      3.548549     12.826886     12.826886     25.653772
      3.558559     12.326699     12.326699     24.653397
      3.568569     11.903816     11.903816     23.807631
      3.578579     11.754009     11.754009     23.508019
      3.588589     11.917589     11.917589     23.835179
      3.598599     12.240810     12.240810     24.481620
      3.608609     12.445027     12.445027     24.890054
      3.618619     12.268007     12.268007     24.536015
      3.628629     11.603496     11.603496     23.206992
      3.638639     10.568143     10.568143     21.136287
      3.648649      9.464243      9.464243     18.928486
      3.658659      8.658097      8.658097     17.316193
      3.668669      8.430244      8.430244     16.860488
      3.678679      8.861483      8.861483     17.722965
      3.688689      9.800323      9.800323     19.600646
      3.698699     10.924447     10.924447     21.848894
      3.708709     11.872159     11.872159     23.744318
      3.718719     12.390096     12.390096     24.780192
      3.728729     12.432330     12.432330     24.864659
      3.738739     12.163154     12.163154     24.326309
      3.748749     11.859291     11.859291     23.718583
      3.758759     11.757915     11.757915     23.515831
      3.768769     11.926834     11.926834     23.853668
      3.778779     12.223081     12.223081     24.446162
      3.788789     12.359714     12.359714     24.719429
      3.798799     12.043503     12.043503     24.087005
      3.808809     11.111070     11.111070     22.222139
      3.818819      9.597232      9.597232     19.194463
      3.828829      7.710624      7.710624     15.421248
      3.838839      5.741392      5.741392     11.482784
      3.848849      3.954420      3.954420      7.908840
      3.858859      2.516735      2.516735      5.033470
      3.868869      1.479292      1.479292      2.958584
      3.878879      0.802938      0.802938      1.605877
      3.888889      0.402897      0.402897      0.805793
      3.898899      0.188528      0.188528      0.377056
      3.908909      0.087302      0.087302      0.174604
      3.918919      0.053747      0.053747      0.107493
      3.928929      0.070133      0.070133      0.140265
      3.938939      0.145694      0.145694      0.291388
      3.948949      0.317748      0.317748      0.635495
      3.958959      0.653509      0.653509      1.307019
      3.968969      1.247453      1.247453      2.494906
      3.978979      2.207631      2.207631      4.415261
      3.988989      3.627634      3.627634      7.255268
      3.998999      5.549433      5.549433     11.098866
      4.009009      7.932460      7.932460     15.864921
      4.019019     10.648057     10.648057     21.296114
      4.029029     13.508654     13.508654     27.017307
      4.039039     16.319879     16.319879     32.639758
      4.049049     18.925151     18.925151     37.850301
      4.059059     21.213551     21.213551     42.427102
      4.069069     23.087634     23.087634     46.175267
      4.079079     24.421678     24.421678     48.843357
      4.089089     25.055335     25.055335     50.110670
      4.099099     24.846834     24.846834     49.693669
      4.109109     23.765472     23.765472     47.530944
      4.119119     21.966594     21.966594     43.933188
      4.129129     19.791798     19.791798     39.583597
      4.139139     17.675976     17.675976     35.351951
      4.149149     15.997889     15.997889     31.995777
      4.159159     14.948045     14.948045     29.896091
      4.169169     14.482970     14.482970     28.965939
      4.179179     14.389472     14.389472     28.778943
      4.189189     14.421580     14.421580     28.843160
      4.199199     14.432597     14.432597     28.865194
      4.209209     14.430627     14.430627     28.861254
      4.219219     14.535047     14.535047     29.070094
      4.229229     14.872196     14.872196     29.744391
      4.239239     15.481025     15.481025     30.962051
      4.249249     16.283456     16.283456     32.566911
      4.259259     17.124868     17.124868     34.249736
      4.269269     17.845863     17.845863     35.691727
      4.279279     18.337722     18.337722     36.675444
      4.289289     18.559887     18.559887     37.119775
      4.299299     18.529630     18.529630     37.059261
      4.309309     18.304378     18.304378     36.608756
      4.319319     17.964800     17.964800     35.929600
      4.329329     17.593884     17.593884     35.187768
      4.339339     17.252445     17.252445     34.504890
      4.349349     16.967828     16.967828     33.935655
      4.359359     16.755180     16.755180     33.510360
      4.369369     16.666148     16.666148     33.332296
      4.379379     16.825376     16.825376     33.650752
      4.389389     17.405672     17.405672     34.811345
      4.399399     18.527277     18.527277     37.054555
      4.409409     20.126710     20.126710     40.253421
      4.419419     21.880878     21.880878     43.761757
      4.429429     23.256114     23.256114     46.512227
      4.439439     23.682807     23.682807     47.365614
      4.449449     22.777866     22.777866     45.555732
      4.459459     20.502736     20.502736     41.005471
      4.469469     17.178377     17.178377     34.356755
      4.479479     13.357705     13.357705     26.715410
      4.489489      9.628661      9.628661     19.257322
      4.499499      6.444506      6.444506     12.889013
      4.509510      4.046506      4.046506      8.093012
      4.519520      2.487107      2.487107      4.974213
      4.529530      1.715867      1.715867      3.431734
      4.539540      1.674801      1.674801      3.349602
      4.549550      2.360007      2.360007      4.720015
      4.559560      3.827648      3.827648      7.655297
      4.569570      6.144306      6.144306     12.288613
      4.579580      9.302885      9.302885     18.605770
      4.589590     13.144463     13.144463     26.288926
      4.599600     17.335206     17.335206     34.670411
      4.609610     21.431736     21.431736     42.863473
      4.619620     25.024115     25.024115     50.048229
      4.629630     27.891594     27.891594     55.783189
      4.639640     30.080154     30.080154     60.160309
      4.649650     31.841769     31.841769     63.683538
      4.659660     33.455311     33.455311     66.910622
      4.669670     35.028427     35.028427     70.056854
      4.679680     36.400588     36.400588     72.801176
      4.689690     37.208969     37.208969     74.417937
      4.699700     37.077423     37.077423     74.154846
      4.709710     35.813691     35.813691     71.627382
      4.719720     33.501346     33.501346     67.002693
      4.729730     30.446349     30.446349     60.892698
      4.739740     27.029812     27.029812     54.059623
      4.749750     23.567147     23.567147     47.134295
      4.759760     20.252529     20.252529     40.505059
      4.769770     17.199347     17.199347     34.398694
      4.779780     14.523100     14.523100     29.046200
      4.789790     12.394264     12.394264     24.788529
      4.799800     11.020516     11.020516     22.041032
      4.809810     10.572026     10.572026     21.144052
      4.819820     11.102213     11.102213     22.204425
      4.829830     12.516810     12.516810     25.033619
      4.839840     14.609839     14.609839     29.219679
      4.849850     17.140010     17.140010     34.280020
      4.859860     19.894926     19.894926     39.789852
      4.869870     22.701861     22.701861     45.403722
      4.879880     25.386470     25.386470     50.772939
      4.889890     27.723934     27.723934     55.447868
      4.899900     29.435738     29.435738     58.871476
      4.909910     30.249847     30.249847     60.499695
      4.919920     29.990525     29.990525     59.981049
      4.929930     28.639662     28.639662     57.279325
      4.939940     26.334149     26.334149     52.668299
      4.949950     23.311207     23.311207     46.622413
      4.959960     19.843938     19.843938     39.687876
      4.969970     16.200868     16.200868     32.401737
      4.979980     12.631760     12.631760     25.263519
      4.989990      9.360135      9.360135     18.720271
      5.000000      6.567298      6.567298     13.134596
