# EIG2DOS: Utility for SIESTA to obtain the electronic density of states
#  E. Artacho, Apr 1999, A. Garcia, Apr 2012
#  Nick R. Papior, Feb 2017
# ------------------------------------------
# Eigenvalues calculated from a non-polarized calculation
# Eigenvalues read from siesta.EIG
# Kpoint weights read from siesta.KP
# Using smearing parameter:   0.0500
# Using 1000 points in the energy range
# Selected bands: 1 to: 2981
# Emin, Emax in file for selected band(s):    -27.2466108    218.3642980
# Nbands, Nspin, Nk   =   2981     1     1
# E_F                 =    -4.2382 eV --> (shifted to ZERO)
# Broadening          =     0.0500 eV
#
#        E            N(up)  (=)   N(down)         Ntot
     -5.000000     32.120205     32.120205     64.240409
     -4.989990     36.512918     36.512918     73.025835
     -4.979980     40.578451     40.578451     81.156902
     -4.969970     43.678004     43.678004     87.356008
     -4.959960     45.261906     45.261906     90.523811
     -4.949950     45.047926     45.047926     90.095852
     -4.939940     43.123763     43.123763     86.247527
     -4.929930     39.942905     39.942905     79.885811
     -4.919920     36.232810     36.232810     72.465620
     -4.909910     32.859826     32.859826     65.719652
     -4.899900     30.684210     30.684210     61.368419
     -4.889890     30.409879     30.409879     60.819757
     -4.879880     32.422390     32.422390     64.844781
     -4.869870     36.634363     36.634363     73.268726
     -4.859860     42.401655     42.401655     84.803310
     -4.849850     48.590583     48.590583     97.181166
     -4.839840     53.832337     53.832337    107.664674
     -4.829830     56.907358     56.907358    113.814717
     -4.819820     57.116387     57.116387    114.232775
     -4.809810     54.478660     54.478660    108.957319
     -4.799800     49.671928     49.671928     99.343855
     -4.789790     43.752967     43.752967     87.505934
     -4.779780     37.795959     37.795959     75.591917
     -4.769770     32.603182     32.603182     65.206364
     -4.759760     28.578449     28.578449     57.156899
     -4.749750     25.759841     25.759841     51.519682
     -4.739740     23.943409     23.943409     47.886818
     -4.729730     22.819238     22.819238     45.638475
     -4.719720     22.071059     22.071059     44.142118
     -4.709710     21.429773     21.429773     42.859546
     -4.699700     20.697909     20.697909     41.395817
     -4.689690     19.769789     19.769789     39.539578
     -4.679680     18.662477     18.662477     37.324954
     -4.669670     17.551538     17.551538     35.103075
     -4.659660     16.785157     16.785157     33.570313
     -4.649650     16.845414     16.845414     33.690828
     -4.639640     18.243600     18.243600     36.487201
     -4.629630     21.368248     21.368248     42.736496
     -4.619620     26.330842     26.330842     52.661684
     -4.609610     32.861223     32.861223     65.722446
     -4.599600     40.292871     40.292871     80.585742
     -4.589590     47.656573     47.656573     95.313145
     -4.579580     53.875340     53.875340    107.750681
     -4.569570     58.024088     58.024088    116.048176
     -4.559560     59.586912     59.586912    119.173824
     -4.549550     58.625749     58.625749    117.251499
     -4.539540     55.785199     55.785199    111.570398
     -4.529530     52.108010     52.108010    104.216020
     -4.519520     48.709885     48.709885     97.419771
     -4.509510     46.426671     46.426671     92.853342
     -4.499499     45.566511     45.566511     91.133022
     -4.489489     45.859496     45.859496     91.718992
     -4.479479     46.614368     46.614368     93.228737
     -4.469469     47.005915     47.005915     94.011829
     -4.459459     46.369599     46.369599     92.739198
     -4.449449     44.392386     44.392386     88.784772
     -4.439439     41.149710     41.149710     82.299421
     -4.429429     37.013096     37.013096     74.026193
     -4.419419     32.501843     32.501843     65.003686
     -4.409409     28.153486     28.153486     56.306972
     -4.399399     24.448331     24.448331     48.896661
     -4.389389     21.774547     21.774547     43.549095
     -4.379379     20.397059     20.397059     40.794119
     -4.369369     20.409852     20.409852     40.819703
     -4.359359     21.689824     21.689824     43.379648
     -4.349349     23.895876     23.895876     47.791753
     -4.339339     26.545281     26.545281     53.090562
     -4.329329     29.156626     29.156626     58.313252
     -4.319319     31.405153     31.405153     62.810306
     -4.309309     33.222100     33.222100     66.444199
     -4.299299     34.792191     34.792191     69.584382
     -4.289289     36.446332     36.446332     72.892664
     -4.279279     38.486711     38.486711     76.973422
     -4.269269     41.006087     41.006087     82.012174
     -4.259259     43.770530     43.770530     87.541060
     -4.249249     46.224463     46.224463     92.448925
     -4.239239     47.642040     47.642040     95.284080
     -4.229229     47.389104     47.389104     94.778209
     -4.219219     45.195959     45.195959     90.391918
     -4.209209     41.313515     41.313515     82.627030
     -4.199199     36.465181     36.465181     72.930361
     -4.189189     31.604107     31.604107     63.208213
     -4.179179     27.585806     27.585806     55.171613
     -4.169169     24.907513     24.907513     49.815025
     -4.159159     23.623591     23.623591     47.247182
     -4.149149     23.450827     23.450827     46.901654
     -4.139139     23.986924     23.986924     47.973849
     -4.129129     24.925019     24.925019     49.850037
     -4.119119     26.164891     26.164891     52.329782
     -4.109109     27.778294     27.778294     55.556588
     -4.099099     29.854631     29.854631     59.709261
     -4.089089     32.311257     32.311257     64.622513
     -4.079079     34.778132     34.778132     69.556263
     -4.069069     36.640799     36.640799     73.281599
     -4.059059     37.248441     37.248441     74.496882
     -4.049049     36.198721     36.198721     72.397442
     -4.039039     33.555448     33.555448     67.110895
     -4.029029     29.880799     29.880799     59.761599
     -4.019019     26.061422     26.061422     52.122845
     -4.009009     23.016973     23.016973     46.033945
     -3.998999     21.432233     21.432233     42.864465
     -3.988989     21.622172     21.622172     43.244345
     -3.978979     23.552675     23.552675     47.105350
     -3.968969     26.958785     26.958785     53.917570
     -3.958959     31.474679     31.474679     62.949359
     -3.948949     36.719750     36.719750     73.439500
     -3.938939     42.338268     42.338268     84.676535
     -3.928929     48.021829     48.021829     96.043659
     -3.918919     53.534619     53.534619    107.069238
     -3.908909     58.729013     58.729013    117.458026
     -3.898899     63.519964     63.519964    127.039929
     -3.888889     67.804014     67.804014    135.608028
     -3.878879     71.352760     71.352760    142.705519
     -3.868869     73.746894     73.746894    147.493788
     -3.858859     74.414411     74.414411    148.828822
     -3.848849     72.790052     72.790052    145.580103
     -3.838839     68.546492     68.546492    137.092984
     -3.828829     61.799022     61.799022    123.598044
     -3.818819     53.184131     53.184131    106.368263
     -3.808809     43.762170     43.762170     87.524341
     -3.798799     34.770137     34.770137     69.540275
     -3.788789     27.313114     27.313114     54.626228
     -3.778779     22.101890     22.101890     44.203779
     -3.768769     19.316565     19.316565     38.633131
     -3.758759     18.622862     18.622862     37.245724
     -3.748749     19.317970     19.317970     38.635940
     -3.738739     20.553323     20.553323     41.106647
     -3.728729     21.573529     21.573529     43.147058
     -3.718719     21.915719     21.915719     43.831439
     -3.708709     21.524731     21.524731     43.049461
     -3.698699     20.755045     20.755045     41.510089
     -3.688689     20.252328     20.252328     40.504655
     -3.678679     20.736848     20.736848     41.473695
     -3.668669     22.744300     22.744300     45.488600
     -3.658659     26.405499     26.405499     52.810999
     -3.648649     31.348452     31.348452     62.696905
     -3.638639     36.771907     36.771907     73.543814
     -3.628629     41.673422     41.673422     83.346844
     -3.618619     45.146123     45.146123     90.292245
     -3.608609     46.626589     46.626589     93.253179
     -3.598599     46.004561     46.004561     92.009122
     -3.588589     43.576945     43.576945     87.153889
     -3.578579     39.897577     39.897577     79.795154
     -3.568569     35.599765     35.599765     71.199531
     -3.558559     31.248005     31.248005     62.496009
     -3.548549     27.239645     27.239645     54.479290
     -3.538539     23.758269     23.758269     47.516538
     -3.528529     20.781431     20.781431     41.562861
     -3.518519     18.145483     18.145483     36.290965
     -3.508509     15.653538     15.653538     31.307076
     -3.498498     13.187861     13.187861     26.375722
     -3.488488     10.778967     10.778967     21.557935
     -3.478478      8.603110      8.603110     17.206221
     -3.468468      6.915398      6.915398     13.830796
     -3.458458      5.952721      5.952721     11.905442
     -3.448448      5.844761      5.844761     11.689522
     -3.438438      6.558891      6.558891     13.117782
     -3.428428      7.891366      7.891366     15.782732
     -3.418418      9.509819      9.509819     19.019637
     -3.408408     11.044270     11.044270     22.088539
     -3.398398     12.207473     12.207473     24.414947
     -3.388388     12.904793     12.904793     25.809586
     -3.378378     13.285996     13.285996     26.571992
     -3.368368     13.710098     13.710098     27.420195
     -3.358358     14.633799     14.633799     29.267598
     -3.348348     16.469296     16.469296     32.938592
     -3.338338     19.463884     19.463884     38.927767
     -3.328328     23.629730     23.629730     47.259459
     -3.318318     28.720625     28.720625     57.441250
     -3.308308     34.241410     34.241410     68.482821
     -3.298298     39.490984     39.490984     78.981967
     -3.288288     43.658116     43.658116     87.316233
     -3.278278     45.980770     45.980770     91.961541
     -3.268268     45.939804     45.939804     91.879608
     -3.258258     43.417126     43.417126     86.834252
     -3.248248     38.745280     38.745280     77.490561
     -3.238238     32.620608     32.620608     65.241217
     -3.228228     25.916870     25.916870     51.833740
     -3.218218     19.477791     19.477791     38.955582
     -3.208208     13.963253     13.963253     27.926506
     -3.198198      9.785282      9.785282     19.570564
     -3.188188      7.124889      7.124889     14.249779
     -3.178178      5.992748      5.992748     11.985497
     -3.168168      6.293587      6.293587     12.587175
     -3.158158      7.870133      7.870133     15.740266
     -3.148148     10.524226     10.524226     21.048453
     -3.138138     14.026486     14.026486     28.052973
     -3.128128     18.124486     18.124486     36.248972
     -3.118118     22.547949     22.547949     45.095898
     -3.108108     27.002782     27.002782     54.005564
     -3.098098     31.155081     31.155081     62.310161
     -3.088088     34.626054     34.626054     69.252109
     -3.078078     37.027622     37.027622     74.055244
     -3.068068     38.048667     38.048667     76.097334
     -3.058058     37.560831     37.560831     75.121663
     -3.048048     35.682565     35.682565     71.365129
     -3.038038     32.751922     32.751922     65.503844
     -3.028028     29.211776     29.211776     58.423552
     -3.018018     25.468866     25.468866     50.937732
     -3.008008     21.806003     21.806003     43.612005
     -2.997998     18.390217     18.390217     36.780435
     -2.987988     15.356248     15.356248     30.712496
     -2.977978     12.900280     12.900280     25.800560
     -2.967968     11.319912     11.319912     22.639824
     -2.957958     10.973514     10.973514     21.947028
     -2.947948     12.175092     12.175092     24.350184
     -2.937938     15.066086     15.066086     30.132172
     -2.927928     19.510452     19.510452     39.020904
     -2.917918     25.052750     25.052750     50.105501
     -2.907908     30.965801     30.965801     61.931603
     -2.897898     36.391608     36.391608     72.783216
     -2.887888     40.545616     40.545616     81.091232
     -2.877878     42.920620     42.920620     85.841241
     -2.867868     43.412993     43.412993     86.825986
     -2.857858     42.315608     42.315608     84.631216
     -2.847848     40.175354     40.175354     80.350709
     -2.837838     37.574250     37.574250     75.148500
     -2.827828     34.929610     34.929610     69.859220
     -2.817818     32.398984     32.398984     64.797968
     -2.807808     29.922439     29.922439     59.844877
     -2.797798     27.365300     27.365300     54.730601
     -2.787788     24.675657     24.675657     49.351314
     -2.777778     21.969209     21.969209     43.938418
     -2.767768     19.499924     19.499924     38.999848
     -2.757758     17.542361     17.542361     35.084722
     -2.747748     16.261934     16.261934     32.523868
     -2.737738     15.653493     15.653493     31.306986
     -2.727728     15.583528     15.583528     31.167056
     -2.717718     15.903804     15.903804     31.807609
     -2.707708     16.556646     16.556646     33.113291
     -2.697698     17.596614     17.596614     35.193229
     -2.687688     19.110069     19.110069     38.220137
     -2.677678     21.087218     21.087218     42.174436
     -2.667668     23.340589     23.340589     46.681179
     -2.657658     25.538575     25.538575     51.077149
     -2.647648     27.346242     27.346242     54.692484
     -2.637638     28.589509     28.589509     57.179019
     -2.627628     29.337938     29.337938     58.675877
     -2.617618     29.852892     29.852892     59.705784
     -2.607608     30.435471     30.435471     60.870943
     -2.597598     31.269057     31.269057     62.538114
     -2.587588     32.342621     32.342621     64.685241
     -2.577578     33.475914     33.475914     66.951828
     -2.567568     34.401455     34.401455     68.802910
     -2.557558     34.841145     34.841145     69.682290
     -2.547548     34.551291     34.551291     69.102582
     -2.537538     33.356553     33.356553     66.713106
     -2.527528     31.204338     31.204338     62.408677
     -2.517518     28.237561     28.237561     56.475121
     -2.507508     24.840294     24.840294     49.680587
     -2.497497     21.601234     21.601234     43.202468
     -2.487487     19.177377     19.177377     38.354755
     -2.477477     18.099091     18.099091     36.198183
     -2.467467     18.597609     18.597609     37.195217
     -2.457457     20.532813     20.532813     41.065626
     -2.447447     23.456673     23.456673     46.913345
     -2.437437     26.787934     26.787934     53.575869
     -2.427427     30.023587     30.023587     60.047173
     -2.417417     32.893958     32.893958     65.787917
     -2.407407     35.391671     35.391671     70.783341
     -2.397397     37.662758     37.662758     75.325516
     -2.387387     39.815883     39.815883     79.631766
     -2.377377     41.749548     41.749548     83.499097
     -2.367367     43.093652     43.093652     86.187304
     -2.357357     43.309000     43.309000     86.617999
     -2.347347     41.909866     41.909866     83.819732
     -2.337337     38.709149     38.709149     77.418298
     -2.327327     33.969041     33.969041     67.938081
     -2.317317     28.384050     28.384050     56.768100
     -2.307307     22.904245     22.904245     45.808490
     -2.297297     18.478319     18.478319     36.956638
     -2.287287     15.819953     15.819953     31.639906
     -2.277277     15.271761     15.271761     30.543523
     -2.267267     16.786333     16.786333     33.572667
     -2.257257     19.998438     19.998438     39.996875
     -2.247247     24.343713     24.343713     48.687425
     -2.237237     29.182582     29.182582     58.365165
     -2.227227     33.900647     33.900647     67.801293
     -2.217217     37.970931     37.970931     75.941862
     -2.207207     40.978741     40.978741     81.957482
     -2.197197     42.625552     42.625552     85.251105
     -2.187187     42.736949     42.736949     85.473898
     -2.177177     41.291394     41.291394     82.582788
     -2.167167     38.460758     38.460758     76.921516
     -2.157157     34.625697     34.625697     69.251394
     -2.147147     30.324032     30.324032     60.648064
     -2.137137     26.121543     26.121543     52.243085
     -2.127127     22.447125     22.447125     44.894249
     -2.117117     19.470306     19.470306     38.940612
     -2.107107     17.087127     17.087127     34.174255
     -2.097097     15.022824     15.022824     30.045647
     -2.087087     12.994262     12.994262     25.988524
     -2.077077     10.846063     10.846063     21.692126
     -2.067067      8.598653      8.598653     17.197306
     -2.057057      6.403145      6.403145     12.806291
     -2.047047      4.446981      4.446981      8.893962
     -2.037037      2.868001      2.868001      5.736001
     -2.027027      1.713673      1.713673      3.427346
     -2.017017      0.948651      0.948651      1.897301
     -2.007007      0.490471      0.490471      0.980942
     -1.996997      0.249180      0.249180      0.498360
     -1.986987      0.156312      0.156312      0.312624
     -1.976977      0.180963      0.180963      0.361926
     -1.966967      0.337719      0.337719      0.675439
     -1.956957      0.691085      0.691085      1.382169
     -1.946947      1.356306      1.356306      2.712612
     -1.936937      2.491080      2.491080      4.982160
     -1.926927      4.270415      4.270415      8.540831
     -1.916917      6.840350      6.840350     13.680700
     -1.906907     10.255266     10.255266     20.510531
     -1.896897     14.414872     14.414872     28.829744
     -1.886887     19.025224     19.025224     38.050448
     -1.876877     23.608515     23.608515     47.217030
     -1.866867     27.576314     27.576314     55.152628
     -1.856857     30.360739     30.360739     60.721477
     -1.846847     31.571600     31.571600     63.143199
     -1.836837     31.124410     31.124410     62.248820
     -1.826827     29.279565     29.279565     58.559131
     -1.816817     26.559712     26.559712     53.119424
     -1.806807     23.566509     23.566509     47.133017
     -1.796797     20.772933     20.772933     41.545865
     -1.786787     18.386573     18.386573     36.773145
     -1.776777     16.344513     16.344513     32.689025
     -1.766767     14.429288     14.429288     28.858577
     -1.756757     12.432568     12.432568     24.865135
     -1.746747     10.277780     10.277780     20.555561
     -1.736737      8.050162      8.050162     16.100325
     -1.726727      5.942596      5.942596     11.885192
     -1.716717      4.167923      4.167923      8.335846
     -1.706707      2.891397      2.891397      5.782793
     -1.696697      2.208205      2.208205      4.416410
     -1.686687      2.155655      2.155655      4.311310
     -1.676677      2.730371      2.730371      5.460742
     -1.666667      3.885627      3.885627      7.771253
     -1.656657      5.505800      5.505800     11.011599
     -1.646647      7.379085      7.379085     14.758169
     -1.636637      9.200838      9.200838     18.401676
     -1.626627     10.629502     10.629502     21.259004
     -1.616617     11.388496     11.388496     22.776991
     -1.606607     11.376866     11.376866     22.753733
     -1.596597     10.738837     10.738837     21.477675
     -1.586587      9.856780      9.856780     19.713560
     -1.576577      9.264325      9.264325     18.528650
     -1.566567      9.505969      9.505969     19.011938
     -1.556557     10.982565     10.982565     21.965131
     -1.546547     13.820426     13.820426     27.640853
     -1.536537     17.796210     17.796210     35.592420
     -1.526527     22.344662     22.344662     44.689324
     -1.516517     26.663907     26.663907     53.327813
     -1.506507     29.904979     29.904979     59.809958
     -1.496496     31.395144     31.395144     62.790287
     -1.486486     30.820186     30.820186     61.640372
     -1.476476     28.299937     28.299937     56.599875
     -1.466466     24.333744     24.333744     48.667489
     -1.456456     19.645926     19.645926     39.291851
     -1.446446     14.996217     14.996217     29.992434
     -1.436436     11.020913     11.020913     22.041826
     -1.426426      8.142127      8.142127     16.284254
     -1.416416      6.545427      6.545427     13.090855
     -1.406406      6.201355      6.201355     12.402709
     -1.396396      6.904708      6.904708     13.809416
     -1.386386      8.321717      8.321717     16.643433
     -1.376376     10.051986     10.051986     20.103972
     -1.366366     11.712206     11.712206     23.424413
     -1.356356     13.029088     13.029088     26.058175
     -1.346346     13.906065     13.906065     27.812129
     -1.336336     14.425861     14.425861     28.851721
     -1.326326     14.779393     14.779393     29.558786
     -1.316316     15.154809     15.154809     30.309618
     -1.306306     15.646029     15.646029     31.292059
     -1.296296     16.225872     16.225872     32.451744
     -1.286286     16.783747     16.783747     33.567494
     -1.276276     17.187195     17.187195     34.374390
     -1.266266     17.321651     17.321651     34.643302
     -1.256256     17.094167     17.094167     34.188334
     -1.246246     16.423773     16.423773     32.847545
     -1.236236     15.250462     15.250462     30.500924
     -1.226226     13.570633     13.570633     27.141266
     -1.216216     11.474405     11.474405     22.948810
     -1.206206      9.150483      9.150483     18.300967
     -1.196196      6.845314      6.845314     13.690629
     -1.186186      4.795839      4.795839      9.591678
     -1.176176      3.172369      3.172369      6.344738
     -1.166166      2.058947      2.058947      4.117893
     -1.156156      1.473244      1.473244      2.946488
     -1.146146      1.405450      1.405450      2.810899
     -1.136136      1.847912      1.847912      3.695824
     -1.126126      2.795395      2.795395      5.590789
     -1.116116      4.213495      4.213495      8.426991
     -1.106106      5.992403      5.992403     11.984806
     -1.096096      7.916702      7.916702     15.833403
     -1.086086      9.681225      9.681225     19.362450
     -1.076076     10.963857     10.963857     21.927713
     -1.066066     11.534690     11.534690     23.069380
     -1.056056     11.354187     11.354187     22.708374
     -1.046046     10.609269     10.609269     21.218538
     -1.036036      9.661246      9.661246     19.322492
     -1.026026      8.920277      8.920277     17.840553
     -1.016016      8.695232      8.695232     17.390463
     -1.006006      9.078765      9.078765     18.157530
     -0.995996      9.912688      9.912688     19.825376
     -0.985986     10.847048     10.847048     21.694096
     -0.975976     11.469981     11.469981     22.939962
     -0.965966     11.457108     11.457108     22.914216
     -0.955956     10.680878     10.680878     21.361756
     -0.945946      9.238246      9.238246     18.476492
     -0.935936      7.393029      7.393029     14.786058
     -0.925926      5.467781      5.467781     10.935562
     -0.915916      3.737796      3.737796      7.475593
     -0.905906      2.369068      2.369068      4.738137
     -0.895896      1.413176      1.413176      2.826351
     -0.885886      0.844616      0.844616      1.689233
     -0.875876      0.613571      0.613571      1.227143
     -0.865866      0.689945      0.689945      1.379890
     -0.855856      1.084386      1.084386      2.168772
     -0.845846      1.841078      1.841078      3.682156
     -0.835836      3.003891      3.003891      6.007782
     -0.825826      4.565168      4.565168      9.130336
     -0.815816      6.416374      6.416374     12.832748
     -0.805806      8.327221      8.327221     16.654442
     -0.795796      9.975598      9.975598     19.951197
     -0.785786     11.029955     11.029955     22.059909
     -0.775776     11.256344     11.256344     22.512688
     -0.765766     10.602504     10.602504     21.205008
     -0.755756      9.217378      9.217378     18.434756
     -0.745746      7.396015      7.396015     14.792029
     -0.735736      5.477695      5.477695     10.955391
     -0.725726      3.745414      3.745414      7.490829
     -0.715716      2.366826      2.366826      4.733651
     -0.705706      1.389650      1.389650      2.779301
     -0.695696      0.777887      0.777887      1.555773
     -0.685686      0.463278      0.463278      0.926557
     -0.675676      0.390279      0.390279      0.780558
     -0.665666      0.543381      0.543381      1.086763
     -0.655656      0.953885      0.953885      1.907770
     -0.645646      1.685891      1.685891      3.371781
     -0.635636      2.802189      2.802189      5.604378
     -0.625626      4.315199      4.315199      8.630399
     -0.615616      6.137907      6.137907     12.275813
     -0.605606      8.059202      8.059202     16.118404
     -0.595596      9.767057      9.767057     19.534113
     -0.585586     10.925085     10.925085     21.850169
     -0.575576     11.279070     11.279070     22.558139
     -0.565566     10.747531     10.747531     21.495061
     -0.555556      9.452158      9.452158     18.904317
     -0.545546      7.672557      7.672557     15.345114
     -0.535536      5.748256      5.748256     11.496513
     -0.525526      3.974834      3.974834      7.949668
     -0.515516      2.536814      2.536814      5.073629
     -0.505506      1.494326      1.494326      2.988651
     -0.495495      0.812435      0.812435      1.624870
     -0.485485      0.407679      0.407679      0.815359
     -0.475475      0.188815      0.188815      0.377630
     -0.465465      0.080712      0.080712      0.161425
     -0.455455      0.031844      0.031844      0.063688
     -0.445445      0.011596      0.011596      0.023192
     -0.435435      0.003898      0.003898      0.007796
     -0.425425      0.001212      0.001212      0.002424
     -0.415415      0.000359      0.000359      0.000719
     -0.405405      0.000147      0.000147      0.000294
     -0.395395      0.000238      0.000238      0.000476
     -0.385385      0.000780      0.000780      0.001560
     -0.375375      0.002574      0.002574      0.005148
     -0.365365      0.007881      0.007881      0.015762
     -0.355355      0.022280      0.022280      0.044560
     -0.345345      0.058137      0.058137      0.116274
     -0.335335      0.140016      0.140016      0.280032
     -0.325325      0.311235      0.311235      0.622469
     -0.315315      0.638536      0.638536      1.277072
     -0.305305      1.209121      1.209121      2.418242
     -0.295295      2.113202      2.113202      4.226404
     -0.285285      3.408781      3.408781      6.817562
     -0.275275      5.075094      5.075094     10.150187
     -0.265265      6.973902      6.973902     13.947805
     -0.255255      8.844933      8.844933     17.689865
     -0.245245     10.353806     10.353806     20.707613
     -0.235235     11.186453     11.186453     22.372906
     -0.225225     11.155052     11.155052     22.310105
     -0.215215     10.266861     10.266861     20.533722
     -0.205205      8.721488      8.721488     17.442976
     -0.195195      6.838020      6.838020     13.676040
     -0.185185      4.948311      4.948311      9.896621
     -0.175175      3.304992      3.304992      6.609984
     -0.165165      2.037374      2.037374      4.074748
     -0.155155      1.159199      1.159199      2.318397
     -0.145145      0.608740      0.608740      1.217480
     -0.135135      0.295048      0.295048      0.590096
     -0.125125      0.131990      0.131990      0.263980
     -0.115115      0.054497      0.054497      0.108995
     -0.105105      0.020768      0.020768      0.041536
     -0.095095      0.007305      0.007305      0.014609
     -0.085085      0.002371      0.002371      0.004743
     -0.075075      0.000711      0.000711      0.001421
     -0.065065      0.000196      0.000196      0.000393
     -0.055055      0.000050      0.000050      0.000100
     -0.045045      0.000012      0.000012      0.000024
     -0.035035      0.000003      0.000003      0.000005
     -0.025025      0.000001      0.000001      0.000001
     -0.015015      0.000000      0.000000      0.000000
     -0.005005      0.000000      0.000000      0.000000
      0.005005      0.000000      0.000000      0.000000
      0.015015      0.000000      0.000000      0.000000
      0.025025      0.000001      0.000001      0.000001
      0.035035      0.000003      0.000003      0.000005
      0.045045      0.000012      0.000012      0.000024
      0.055055      0.000050      0.000050      0.000100
      0.065065      0.000196      0.000196      0.000393
      0.075075      0.000711      0.000711      0.001421
      0.085085      0.002371      0.002371      0.004743
      0.095095      0.007305      0.007305      0.014609
      0.105105      0.020768      0.020768      0.041536
      0.115115      0.054497      0.054497      0.108995
      0.125125      0.131990      0.131990      0.263980
      0.135135      0.295048      0.295048      0.590097
      0.145145      0.608741      0.608741      1.217481
      0.155155      1.159199      1.159199      2.318399
      0.165165      2.037375      2.037375      4.074750
      0.175175      3.304994      3.304994      6.609987
      0.185185      4.948313      4.948313      9.896625
      0.195195      6.838022      6.838022     13.676043
      0.205205      8.721490      8.721490     17.442980
      0.215215     10.266862     10.266862     20.533724
      0.225225     11.155053     11.155053     22.310106
      0.235235     11.186453     11.186453     22.372905
      0.245245     10.353805     10.353805     20.707611
      0.255255      8.844931      8.844931     17.689862
      0.265265      6.973901      6.973901     13.947801
      0.275275      5.075092      5.075092     10.150184
      0.285285      3.408779      3.408779      6.817559
      0.295295      2.113201      2.113201      4.226402
      0.305305      1.209120      1.209120      2.418240
      0.315315      0.638535      0.638535      1.277071
      0.325325      0.311234      0.311234      0.622469
      0.335335      0.140016      0.140016      0.280031
      0.345345      0.058137      0.058137      0.116274
      0.355355      0.022280      0.022280      0.044560
      0.365365      0.007881      0.007881      0.015762
      0.375375      0.002573      0.002573      0.005146
      0.385385      0.000777      0.000777      0.001553
      0.395395      0.000223      0.000223      0.000445
      0.405405      0.000086      0.000086      0.000173
      0.415415      0.000138      0.000138      0.000276
      0.425425      0.000467      0.000467      0.000934
      0.435435      0.001593      0.001593      0.003185
      0.445445      0.005039      0.005039      0.010078
      0.455455      0.014719      0.014719      0.029439
      0.465465      0.039686      0.039686      0.079371
      0.475475      0.098757      0.098757      0.197513
      0.485485      0.226823      0.226823      0.453647
      0.495495      0.480835      0.480835      0.961669
      0.505506      0.940785      0.940785      1.881570
      0.515516      1.698916      1.698916      3.397832
      0.525526      2.831655      2.831655      5.663311
      0.535536      4.356079      4.356079      8.712157
      0.545546      6.184974      6.184974     12.369948
      0.555556      8.105262      8.105262     16.210524
      0.565566      9.803555      9.803555     19.607109
      0.575576     10.944320     10.944320     21.888641
      0.585586     11.276847     11.276847     22.553693
      0.595596     10.725028     10.725028     21.450057
      0.605606      9.416473      9.416473     18.832947
      0.615616      7.636672      7.636672     15.273344
      0.625626      5.732598      5.732598     11.465196
      0.635636      4.013421      4.013421      8.026842
      0.645646      2.690624      2.690624      5.381249
      0.655656      1.872347      1.872347      3.744693
      0.665666      1.596358      1.596358      3.192717
      0.675676      1.869630      1.869630      3.739261
      0.685686      2.685458      2.685458      5.370916
      0.695696      4.006770      4.006770      8.013539
      0.705706      5.727156      5.727156     11.454312
      0.715716      7.638983      7.638983     15.277965
      0.725726      9.441231      9.441231     18.882462
      0.735736     10.803361     10.803361     21.606723
      0.745746     11.470552     11.470552     22.941104
      0.755756     11.366569     11.366569     22.733137
      0.765766     10.642392     10.642392     21.284784
      0.775776      9.639519      9.639519     19.279038
      0.785786      8.775849      8.775849     17.551698
      0.795796      8.397457      8.397457     16.794913
      0.805806      8.653829      8.653829     17.307657
      0.815816      9.443796      9.443796     18.887592
      0.825826     10.452125     10.452125     20.904250
      0.835836     11.263281     11.263281     22.526562
      0.845846     11.509520     11.509520     23.019040
      0.855856     10.995901     10.995901     21.991802
      0.865866      9.753913      9.753913     19.507826
      0.875876      8.007450      8.007450     16.014900
      0.885886      6.074795      6.074795     12.149589
      0.895896      4.255963      4.255963      8.511925
      0.905906      2.752713      2.752713      5.505426
      0.915916      1.643487      1.643487      3.286973
      0.925926      0.905784      0.905784      1.811567
      0.935936      0.461107      0.461107      0.922214
      0.945946      0.217828      0.217828      0.435656
      0.955956      0.098686      0.098686      0.197373
      0.965966      0.052047      0.052047      0.104093
      0.975976      0.053162      0.053162      0.106324
      0.985986      0.102691      0.102691      0.205381
      0.995996      0.226806      0.226806      0.453612
      1.006006      0.478855      0.478855      0.957710
      1.016016      0.938202      0.938202      1.876403
      1.026026      1.699258      1.699258      3.398517
      1.036036      2.845141      2.845141      5.690281
      1.046046      4.407837      4.407837      8.815674
      1.056056      6.328865      6.328865     12.657730
      1.066066      8.443934      8.443934     16.887868
      1.076076     10.512070     10.512070     21.024139
      1.086086     12.288988     12.288988     24.577975
      1.096096     13.615022     13.615022     27.230044
      1.106106     14.470286     14.470286     28.940573
      1.116116     14.962345     14.962345     29.924691
      1.126126     15.252073     15.252073     30.504146
      1.136136     15.464751     15.464751     30.929502
      1.146146     15.643217     15.643217     31.286434
      1.156156     15.767540     15.767540     31.535080
      1.166166     15.815204     15.815204     31.630408
      1.176176     15.807547     15.807547     31.615094
      1.186186     15.805121     15.805121     31.610243
      1.196196     15.861241     15.861241     31.722481
      1.206206     15.978527     15.978527     31.957053
      1.216216     16.107267     16.107267     32.214534
      1.226226     16.183823     16.183823     32.367646
      1.236236     16.170020     16.170020     32.340040
      1.246246     16.054557     16.054557     32.109115
      1.256256     15.814713     15.814713     31.629426
      1.266266     15.376643     15.376643     30.753286
      1.276276     14.618879     14.618879     29.237758
      1.286286     13.430145     13.430145     26.860289
      1.296296     11.788347     11.788347     23.576694
      1.306306      9.809756      9.809756     19.619512
      1.316316      7.738795      7.738795     15.477590
      1.326326      5.889500      5.889500     11.779001
      1.336336      4.576464      4.576464      9.152928
      1.346346      4.067841      4.067841      8.135682
      1.356356      4.564964      4.564964      9.129927
      1.366366      6.187637      6.187637     12.375275
      1.376376      8.942145      8.942145     17.884290
      1.386386     12.671720     12.671720     25.343441
      1.396396     17.018852     17.018852     34.037705
      1.406406     21.440531     21.440531     42.881061
      1.416416     25.297965     25.297965     50.595930
      1.426426     28.000935     28.000935     56.001870
      1.436436     29.151730     29.151730     58.303459
      1.446446     28.630630     28.630630     57.261259
      1.456456     26.596371     26.596371     53.192742
      1.466466     23.417563     23.417563     46.835125
      1.476476     19.575528     19.575528     39.151056
      1.486486     15.574997     15.574997     31.149994
      1.496496     11.878931     11.878931     23.757863
      1.506507      8.866780      8.866780     17.733561
      1.516517      6.809729      6.809729     13.619458
      1.526527      5.857525      5.857525     11.715050
      1.536537      6.033074      6.033074     12.066149
      1.546547      7.233061      7.233061     14.466121
      1.556557      9.237585      9.237585     18.475170
      1.566567     11.736565     11.736565     23.473130
      1.576577     14.378815     14.378815     28.757629
      1.586587     16.839028     16.839028     33.678056
      1.596597     18.885470     18.885470     37.770941
      1.606607     20.427353     20.427353     40.854705
      1.616617     21.528374     21.528374     43.056747
      1.626627     22.384111     22.384111     44.768222
      1.636637     23.267318     23.267318     46.534636
      1.646647     24.447603     24.447603     48.895206
      1.656657     26.098533     26.098533     52.197065
      1.666667     28.218699     28.218699     56.437397
      1.676677     30.603552     30.603552     61.207104
      1.686687     32.895920     32.895920     65.791840
      1.696697     34.709529     34.709529     69.419059
      1.706707     35.776019     35.776019     71.552038
      1.716717     36.040394     36.040394     72.080788
      1.726727     35.647015     35.647015     71.294029
      1.736737     34.817974     34.817974     69.635948
      1.746747     33.695786     33.695786     67.391571
      1.756757     32.254112     32.254112     64.508224
      1.766767     30.343729     30.343729     60.687458
      1.776777     27.853426     27.853426     55.706853
      1.786787     24.885193     24.885193     49.770386
      1.796797     21.826415     21.826415     43.652831
      1.806807     19.260201     19.260201     38.520401
      1.816817     17.747745     17.747745     35.495490
      1.826827     17.586004     17.586004     35.172008
      1.836837     18.655497     18.655497     37.310994
      1.846847     20.430320     20.430320     40.860640
      1.856857     22.151828     22.151828     44.303656
      1.866867     23.098882     23.098882     46.197765
      1.876877     22.846006     22.846006     45.692012
      1.886887     21.403502     21.403502     42.807003
      1.896897     19.183298     19.183298     38.366596
      1.906907     16.811381     16.811381     33.622763
      1.916917     14.875417     14.875417     29.750833
      1.926927     13.720797     13.720797     27.441593
      1.936937     13.378937     13.378937     26.757874
      1.946947     13.644857     13.644857     27.289715
      1.956957     14.249677     14.249677     28.499354
      1.966967     15.030277     15.030277     30.060553
      1.976977     16.003307     16.003307     32.006614
      1.986987     17.303924     17.303924     34.607847
      1.996997     19.027323     19.027323     38.054647
      2.007007     21.072339     21.072339     42.144678
      2.017017     23.092414     23.092414     46.184829
      2.027027     24.599855     24.599855     49.199709
      2.037037     25.175285     25.175285     50.350570
      2.047047     24.664148     24.664148     49.328295
      2.057057     23.244126     23.244126     46.488251
      2.067067     21.323962     21.323962     42.647923
      2.077077     19.336286     19.336286     38.672573
      2.087087     17.547608     17.547608     35.095217
      2.097097     15.989842     15.989842     31.979684
      2.107107     14.537098     14.537098     29.074197
      2.117117     13.065512     13.065512     26.131023
      2.127127     11.595808     11.595808     23.191617
      2.137137     10.342899     10.342899     20.685798
      2.147147      9.657256      9.657256     19.314513
      2.157157      9.897233      9.897233     19.794467
      2.167167     11.292854     11.292854     22.585709
      2.177177     13.850372     13.850372     27.700744
      2.187187     17.320802     17.320802     34.641604
      2.197197     21.232309     21.232309     42.464619
      2.207207     24.973005     24.973005     49.946009
      2.217217     27.905582     27.905582     55.811163
      2.227227     29.493044     29.493044     58.986088
      2.237237     29.411893     29.411893     58.823786
      2.247247     27.626140     27.626140     55.252279
      2.257257     24.397806     24.397806     48.795611
      2.267267     20.223448     20.223448     40.446896
      2.277277     15.711402     15.711402     31.422804
      2.287287     11.439980     11.439980     22.879959
      2.297297      7.846853      7.846853     15.693705
      2.307307      5.185917      5.185917     10.371834
      2.317317      3.556685      3.556685      7.113369
      2.327327      2.979770      2.979770      5.959539
      2.337337      3.475582      3.475582      6.951165
      2.347347      5.106523      5.106523     10.213046
      2.357357      7.960749      7.960749     15.921499
      2.367367     12.079582     12.079582     24.159164
      2.377377     17.353875     17.353875     34.707750
      2.387387     23.431757     23.431757     46.863515
      2.397397     29.685341     29.685341     59.370682
      2.407407     35.271897     35.271897     70.543795
      2.417417     39.294211     39.294211     78.588421
      2.427427     41.022745     41.022745     82.045490
      2.437437     40.106128     40.106128     80.212256
      2.447447     36.687370     36.687370     73.374740
      2.457457     31.373145     31.373145     62.746289
      2.467467     25.063319     25.063319     50.126638
      2.477477     18.708334     18.708334     37.416669
      2.487487     13.089757     13.089757     26.179514
      2.497497      8.699642      8.699642     17.399285
      2.507508      5.740933      5.740933     11.481865
      2.517518      4.215604      4.215604      8.431208
      2.527528      4.037448      4.037448      8.074896
      2.537538      5.111115      5.111115     10.222231
      2.547548      7.348304      7.348304     14.696608
      2.557558     10.627710     10.627710     21.255421
      2.567568     14.731941     14.731941     29.463881
      2.577578     19.303773     19.303773     38.607546
      2.587588     23.855015     23.855015     47.710030
      2.597598     27.838690     27.838690     55.677380
      2.607608     30.767878     30.767878     61.535757
      2.617618     32.342000     32.342000     64.684000
      2.627628     32.532674     32.532674     65.065348
      2.637638     31.592608     31.592608     63.185216
      2.647648     29.981206     29.981206     59.962411
      2.657658     28.237571     28.237571     56.475142
      2.667668     26.854670     26.854670     53.709340
      2.677678     26.201415     26.201415     52.402831
      2.687688     26.505549     26.505549     53.011099
      2.697698     27.872555     27.872555     55.745111
      2.707708     30.300529     30.300529     60.601059
      2.717718     33.666176     33.666176     67.332353
      2.727728     37.688948     37.688948     75.377896
      2.737738     41.906826     41.906826     83.813651
      2.747748     45.703805     45.703805     91.407611
      2.757758     48.412717     48.412717     96.825434
      2.767768     49.482089     49.482089     98.964179
      2.777778     48.654332     48.654332     97.308664
      2.787788     46.076208     46.076208     92.152416
      2.797798     42.274920     42.274920     84.549841
      2.807808     37.989604     37.989604     75.979207
      2.817818     33.922088     33.922088     67.844176
      2.827828     30.516555     30.516555     61.033110
      2.837838     27.863773     27.863773     55.727547
      2.847848     25.760340     25.760340     51.520680
      2.857858     23.877866     23.877866     47.755733
      2.867868     21.953116     21.953116     43.906231
      2.877878     19.913648     19.913648     39.827296
      2.887888     17.893029     17.893029     35.786058
      2.897898     16.142092     16.142092     32.284184
      2.907908     14.887381     14.887381     29.774762
      2.917918     14.209413     14.209413     28.418826
      2.927928     14.002200     14.002200     28.004400
      2.937938     14.033021     14.033021     28.066042
      2.947948     14.066176     14.066176     28.132351
      2.957958     13.977122     13.977122     27.954243
      2.967968     13.788983     13.788983     27.577967
      2.977978     13.611749     13.611749     27.223499
      2.987988     13.526308     13.526308     27.052615
      2.997998     13.490427     13.490427     26.980854
      3.008008     13.328497     13.328497     26.656994
      3.018018     12.812039     12.812039     25.624078
      3.028028     11.781184     11.781184     23.562369
      3.038038     10.235702     10.235702     20.471403
      3.048048      8.348770      8.348770     16.697541
      3.058058      6.406373      6.406373     12.812746
      3.068068      4.714703      4.714703      9.429406
      3.078078      3.524030      3.524030      7.048060
      3.088088      2.993042      2.993042      5.986083
      3.098098      3.185490      3.185490      6.370981
      3.108108      4.074665      4.074665      8.149331
      3.118118      5.539415      5.539415     11.078829
      3.128128      7.358451      7.358451     14.716902
      3.138138      9.227595      9.227595     18.455190
      3.148148     10.821093     10.821093     21.642187
      3.158158     11.891785     11.891785     23.783571
      3.168168     12.371799     12.371799     24.743598
      3.178178     12.419800     12.419800     24.839600
      3.188188     12.377660     12.377660     24.755320
      3.198198     12.642328     12.642328     25.284656
      3.208208     13.502994     13.502994     27.005988
      3.218218     15.013052     15.013052     30.026104
      3.228228     16.950684     16.950684     33.901367
      3.238238     18.881816     18.881816     37.763632
      3.248248     20.297014     20.297014     40.594029
      3.258258     20.768847     20.768847     41.537693
      3.268268     20.075247     20.075247     40.150494
      3.278278     18.252529     18.252529     36.505058
      3.288288     15.568662     15.568662     31.137324
      3.298298     12.433669     12.433669     24.867338
      3.308308      9.282301      9.282301     18.564602
      3.318318      6.469508      6.469508     12.939016
      3.328328      4.209846      4.209846      8.419692
      3.338338      2.571921      2.571921      5.143842
      3.348348      1.517490      1.517490      3.034980
      3.358358      0.961502      0.961502      1.923005
      3.368368      0.827876      0.827876      1.655752
      3.378378      1.082860      1.082860      2.165719
      3.388388      1.737306      1.737306      3.474612
      3.398398      2.817969      2.817969      5.635938
      3.408408      4.316998      4.316998      8.633996
      3.418418      6.139262      6.139262     12.278524
      3.428428      8.075258      8.075258     16.150515
      3.438438      9.824749      9.824749     19.649499
      3.448448     11.077075     11.077075     22.154151
      3.458458     11.623478     11.623478     23.246956
      3.468468     11.451966     11.451966     22.903932
      3.478478     10.774442     10.774442     21.548883
      3.488488      9.963983      9.963983     19.927966
      3.498498      9.423216      9.423216     18.846431
      3.508509      9.438922      9.438922     18.877844
      3.518519     10.085446     10.085446     20.170893
      3.528529     11.217187     11.217187     22.434374
      3.538539     12.549429     12.549429     25.098858
      3.548549     13.785332     13.785332     27.570664
      3.558559     14.724953     14.724953     29.449905
      3.568569     15.303480     15.303480     30.606961
      3.578579     15.547923     15.547923     31.095845
      3.588589     15.491303     15.491303     30.982606
      3.598599     15.108254     15.108254     30.216508
      3.608609     14.317208     14.317208     28.634416
      3.618619     13.044842     13.044842     26.089685
      3.628629     11.304359     11.304359     22.608719
      3.638639      9.232085      9.232085     18.464171
      3.648649      7.058730      7.058730     14.117461
      3.658659      5.035656      5.035656     10.071313
      3.668669      3.360962      3.360962      6.721923
      3.678679      2.142729      2.142729      4.285459
      3.688689      1.409026      1.409026      2.818052
      3.698699      1.147513      1.147513      2.295026
      3.708709      1.345849      1.345849      2.691698
      3.718719      2.008435      2.008435      4.016871
      3.728729      3.139187      3.139187      6.278374
      3.738739      4.697447      4.697447      9.394895
      3.748749      6.549963      6.549963     13.099926
      3.758759      8.449923      8.449923     16.899846
      3.768769     10.067405     10.067405     20.134811
      3.778779     11.072241     11.072241     22.144481
      3.788789     11.239759     11.239759     22.479519
      3.798799     10.531006     10.531006     21.062011
      3.808809      9.106932      9.106932     18.213864
      3.818819      7.268904      7.268904     14.537809
      3.828829      5.355370      5.355370     10.710740
      3.838839      3.643150      3.643150      7.286299
      3.848849      2.292102      2.292102      4.584204
      3.858859      1.344216      1.344216      2.688431
      3.868869      0.762179      0.762179      1.524359
      3.878879      0.481566      0.481566      0.963133
      3.888889      0.455070      0.455070      0.910141
      3.898899      0.677599      0.677599      1.355197
      3.908909      1.188889      1.188889      2.377778
      3.918919      2.053572      2.053572      4.107145
      3.928929      3.321349      3.321349      6.642698
      3.938939      4.976933      4.976933      9.953866
      3.948949      6.900105      6.900105     13.800209
      3.958959      8.862819      8.862819     17.725639
      3.968969     10.582567     10.582567     21.165135
      3.978979     11.825797     11.825797     23.651593
      3.988989     12.522778     12.522778     25.045555
      3.998999     12.836495     12.836495     25.672990
      4.009009     13.139499     13.139499     26.278998
      4.019019     13.892698     13.892698     27.785397
      4.029029     15.468054     15.468054     30.936108
      4.039039     17.986518     17.986518     35.973036
      4.049049     21.238026     21.238026     42.476052
      4.059059     24.716011     24.716011     49.432022
      4.069069     27.753335     27.753335     55.506669
      4.079079     29.710701     29.710701     59.421402
      4.089089     30.155448     30.155448     60.310896
      4.099099     28.978401     28.978401     57.956802
      4.109109     26.420296     26.420296     52.840592
      4.119119     23.005975     23.005975     46.011949
      4.129129     19.407089     19.407089     38.814177
      4.139139     16.270539     16.270539     32.541078
      4.149149     14.059532     14.059532     28.119064
      4.159159     12.954003     12.954003     25.908005
      4.169169     12.842557     12.842557     25.685114
      4.179179     13.408119     13.408119     26.816237
      4.189189     14.272299     14.272299     28.544598
      4.199199     15.136754     15.136754     30.273508
      4.209209     15.861347     15.861347     31.722694
      4.219219     16.453176     16.453176     32.906352
      4.229229     16.989411     16.989411     33.978822
      4.239239     17.529308     17.529308     35.058615
      4.249249     18.065547     18.065547     36.131095
      4.259259     18.529552     18.529552     37.059105
      4.269269     18.829817     18.829817     37.659635
      4.279279     18.892334     18.892334     37.784668
      4.289289     18.687009     18.687009     37.374018
      4.299299     18.240931     18.240931     36.481862
      4.309309     17.640537     17.640537     35.281074
      4.319319     17.016104     17.016104     34.032209
      4.329329     16.503340     16.503340     33.006680
      4.339339     16.195690     16.195690     32.391380
      4.349349     16.119581     16.119581     32.239162
      4.359359     16.257650     16.257650     32.515300
      4.369369     16.608193     16.608193     33.216385
      4.379379     17.230544     17.230544     34.461089
      4.389389     18.223220     18.223220     36.446440
      4.399399     19.626310     19.626310     39.252620
      4.409409     21.303120     21.303120     42.606240
      4.419419     22.888842     22.888842     45.777683
      4.429429     23.865221     23.865221     47.730442
      4.439439     23.744049     23.744049     47.488098
      4.449449     22.270028     22.270028     44.540056
      4.459459     19.535829     19.535829     39.071658
      4.469469     15.951183     15.951183     31.902367
      4.479479     12.089322     12.089322     24.178644
      4.489489      8.494406      8.494406     16.988813
      4.499499      5.539314      5.539314     11.078629
      4.509510      3.381092      3.381092      6.762183
      4.519520      2.006182      2.006182      4.012365
      4.529530      1.322263      1.322263      2.644526
      4.539540      1.248672      1.248672      2.497343
      4.549550      1.772255      1.772255      3.544510
      4.559560      2.953726      2.953726      5.907453
      4.569570      4.883628      4.883628      9.767257
      4.579580      7.599732      7.599732     15.199463
      4.589590     10.993759     10.993759     21.987517
      4.599600     14.751025     14.751025     29.502049
      4.609610     18.368231     18.368231     36.736462
      4.619620     21.269318     21.269318     42.538637
      4.629630     22.990146     22.990146     45.980292
      4.639640     23.355137     23.355137     46.710273
      4.649650     22.556801     22.556801     45.113602
      4.659660     21.088915     21.088915     42.177829
      4.669670     19.557940     19.557940     39.115880
      4.679680     18.460627     18.460627     36.921254
      4.689690     18.028731     18.028731     36.057461
      4.699700     18.198223     18.198223     36.396446
      4.709710     18.691776     18.691776     37.383553
      4.719720     19.154613     19.154613     38.309226
      4.729730     19.280146     19.280146     38.560293
      4.739740     18.892848     18.892848     37.785696
      4.749750     17.988820     17.988820     35.977640
      4.759760     16.744454     16.744454     33.488909
      4.769770     15.492222     15.492222     30.984443
      4.779780     14.652909     14.652909     29.305818
      4.789790     14.624663     14.624663     29.249326
      4.799800     15.657733     15.657733     31.315467
      4.809810     17.767058     17.767058     35.534116
      4.819820     20.729763     20.729763     41.459526
      4.829830     24.176784     24.176784     48.353569
      4.839840     27.736078     27.736078     55.472156
      4.849850     31.151335     31.151335     62.302670
      4.859860     34.310426     34.310426     68.620852
      4.869870     37.171964     37.171964     74.343928
      4.879880     39.645206     39.645206     79.290412
      4.889890     41.512264     41.512264     83.024528
      4.899900     42.455036     42.455036     84.910072
      4.909910     42.178280     42.178280     84.356560
      4.919920     40.555577     40.555577     81.111153
      4.929930     37.712886     37.712886     75.425771
      4.939940     34.009040     34.009040     68.018080
      4.949950     29.934542     29.934542     59.869084
      4.959960     25.983395     25.983395     51.966790
      4.969970     22.543991     22.543991     45.087982
      4.979980     19.827852     19.827852     39.655703
      4.989990     17.839558     17.839558     35.679117
      5.000000     16.393169     16.393169     32.786339
