# EIG2DOS: Utility for SIESTA to obtain the electronic density of states
#  E. Artacho, Apr 1999, A. Garcia, Apr 2012
#  Nick R. Papior, Feb 2017
# ------------------------------------------
# Eigenvalues calculated from a non-polarized calculation
# Eigenvalues read from siesta.EIG
# Kpoint weights read from siesta.KP
# Using smearing parameter:   0.0500
# Using 1000 points in the energy range
# Selected bands: 1 to: 2981
# Emin, Emax in file for selected band(s):    -27.0682115    218.3303420
# Nbands, Nspin, Nk   =   2981     1     1
# E_F                 =    -4.2747 eV --> (shifted to ZERO)
# Broadening          =     0.0500 eV
#
#        E            N(up)  (=)   N(down)         Ntot
     -5.000000     43.584320     43.584320     87.168640
     -4.989990     44.642095     44.642095     89.284189
     -4.979980     44.998343     44.998343     89.996687
     -4.969970     44.591863     44.591863     89.183726
     -4.959960     43.375467     43.375467     86.750934
     -4.949950     41.375603     41.375603     82.751205
     -4.939940     38.740714     38.740714     77.481427
     -4.929930     35.766602     35.766602     71.533203
     -4.919920     32.898072     32.898072     65.796144
     -4.909910     30.704035     30.704035     61.408071
     -4.899900     29.811156     29.811156     59.622313
     -4.889890     30.775425     30.775425     61.550850
     -4.879880     33.891589     33.891589     67.783177
     -4.869870     38.990439     38.990439     77.980879
     -4.859860     45.325080     45.325080     90.650160
     -4.849850     51.651085     51.651085    103.302170
     -4.839840     56.533015     56.533015    113.066031
     -4.829830     58.787223     58.787223    117.574447
     -4.819820     57.874380     57.874380    115.748760
     -4.809810     54.058262     54.058262    108.116525
     -4.799800     48.260451     48.260451     96.520903
     -4.789790     41.695481     41.695481     83.390961
     -4.779780     35.469035     35.469035     70.938071
     -4.769770     30.307957     30.307957     60.615915
     -4.759760     26.490755     26.490755     52.981510
     -4.749750     23.938276     23.938276     47.876551
     -4.739740     22.370461     22.370461     44.740923
     -4.729730     21.446741     21.446741     42.893482
     -4.719720     20.851528     20.851528     41.703057
     -4.709710     20.326173     20.326173     40.652346
     -4.699700     19.670308     19.670308     39.340616
     -4.689690     18.741570     18.741570     37.483141
     -4.679680     17.476259     17.476259     34.952518
     -4.669670     15.935161     15.935161     31.870323
     -4.659660     14.354398     14.354398     28.708797
     -4.649650     13.164577     13.164577     26.329153
     -4.639640     12.944340     12.944340     25.888680
     -4.629630     14.295953     14.295953     28.591906
     -4.619620     17.660826     17.660826     35.321652
     -4.609610     23.122451     23.122451     46.244902
     -4.599600     30.266459     30.266459     60.532918
     -4.589590     38.172256     38.172256     76.344511
     -4.579580     45.582888     45.582888     91.165777
     -4.569570     51.234304     51.234304    102.468609
     -4.559560     54.243975     54.243975    108.487949
     -4.549550     54.408046     54.408046    108.816092
     -4.539540     52.275764     52.275764    104.551527
     -4.529530     48.960194     48.960194     97.920388
     -4.519520     45.759939     45.759939     91.519879
     -4.509510     43.745114     43.745114     87.490228
     -4.499499     43.463266     43.463266     86.926532
     -4.489489     44.852878     44.852878     89.705755
     -4.479479     47.355742     47.355742     94.711485
     -4.469469     50.145543     50.145543    100.291086
     -4.459459     52.369601     52.369601    104.739202
     -4.449449     53.331903     53.331903    106.663805
     -4.439439     52.598590     52.598590    105.197180
     -4.429429     50.045874     50.045874    100.091748
     -4.419419     45.874817     45.874817     91.749633
     -4.409409     40.595101     40.595101     81.190202
     -4.399399     34.957373     34.957373     69.914745
     -4.389389     29.816173     29.816173     59.632346
     -4.379379     25.937123     25.937123     51.874245
     -4.369369     23.802850     23.802850     47.605700
     -4.359359     23.492101     23.492101     46.984202
     -4.349349     24.687009     24.687009     49.374018
     -4.339339     26.810972     26.810972     53.621943
     -4.329329     29.241678     29.241678     58.483357
     -4.319319     31.512445     31.512445     63.024891
     -4.309309     33.426374     33.426374     66.852748
     -4.299299     35.052761     35.052761     70.105522
     -4.289289     36.625669     36.625669     73.251337
     -4.279279     38.394232     38.394232     76.788465
     -4.269269     40.476755     40.476755     80.953510
     -4.259259     42.759932     42.759932     85.519864
     -4.249249     44.875880     44.875880     89.751760
     -4.239239     46.280399     46.280399     92.560798
     -4.229229     46.429354     46.429354     92.858707
     -4.219219     45.001136     45.001136     90.002273
     -4.209209     42.067823     42.067823     84.135645
     -4.199199     38.118390     38.118390     76.236779
     -4.189189     33.902745     33.902745     67.805489
     -4.179179     30.162924     30.162924     60.325848
     -4.169169     27.383376     27.383376     54.766752
     -4.159159     25.680253     25.680253     51.360506
     -4.149149     24.869434     24.869434     49.738869
     -4.139139     24.657735     24.657735     49.315469
     -4.129129     24.845661     24.845661     49.691321
     -4.119119     25.434691     25.434691     50.869382
     -4.109109     26.585441     26.585441     53.170882
     -4.099099     28.448384     28.448384     56.896767
     -4.089089     30.957072     30.957072     61.914144
     -4.079079     33.705518     33.705518     67.411036
     -4.069069     36.002421     36.002421     72.004842
     -4.059059     37.106325     37.106325     74.212649
     -4.049049     36.539042     36.539042     73.078083
     -4.039039     34.316468     34.316468     68.632935
     -4.029029     30.971963     30.971963     61.943926
     -4.019019     27.361675     27.361675     54.723350
     -4.009009     24.360721     24.360721     48.721441
     -3.998999     22.606361     22.606361     45.212723
     -3.988989     22.394174     22.394174     44.788347
     -3.978979     23.728794     23.728794     47.457588
     -3.968969     26.447219     26.447219     52.894438
     -3.958959     30.320335     30.320335     60.640669
     -3.948949     35.090730     35.090730     70.181461
     -3.938939     40.470502     40.470502     80.941004
     -3.928929     46.149191     46.149191     92.298382
     -3.918919     51.835368     51.835368    103.670736
     -3.908909     57.306315     57.306315    114.612630
     -3.898899     62.414975     62.414975    124.829951
     -3.888889     67.025502     67.025502    134.051004
     -3.878879     70.903046     70.903046    141.806093
     -3.868869     73.630005     73.630005    147.260009
     -3.858859     74.624752     74.624752    149.249503
     -3.848849     73.292394     73.292394    146.584788
     -3.838839     69.263670     69.263670    138.527340
     -3.828829     62.618990     62.618990    125.237979
     -3.818819     53.985664     53.985664    107.971328
     -3.808809     44.446766     44.446766     88.893532
     -3.798799     35.284300     35.284300     70.568600
     -3.788789     27.651765     27.651765     55.303530
     -3.778779     22.294768     22.294768     44.589535
     -3.768769     19.407529     19.407529     38.815058
     -3.758759     18.652906     18.652906     37.305811
     -3.748749     19.317783     19.317783     38.635566
     -3.738739     20.544807     20.544807     41.089613
     -3.728729     21.575607     21.575607     43.151214
     -3.718719     21.949146     21.949146     43.898293
     -3.708709     21.612281     21.612281     43.224563
     -3.698699     20.915986     20.915986     41.831971
     -3.688689     20.492594     20.492594     40.985189
     -3.678679     21.038783     21.038783     42.077566
     -3.668669     23.061684     23.061684     46.123368
     -3.658659     26.669433     26.669433     53.338866
     -3.648649     31.485949     31.485949     62.971898
     -3.638639     36.732303     36.732303     73.464607
     -3.628629     41.451458     41.451458     82.902916
     -3.618619     44.789563     44.789563     89.579126
     -3.608609     46.222727     46.222727     92.445455
     -3.598599     45.650708     45.650708     91.301415
     -3.588589     43.348349     43.348349     86.696697
     -3.578579     39.826731     39.826731     79.653462
     -3.568569     35.673821     35.673821     71.347643
     -3.558559     31.421385     31.421385     62.842771
     -3.548549     27.453070     27.453070     54.906140
     -3.538539     23.955842     23.955842     47.911683
     -3.528529     20.921843     20.921843     41.843685
     -3.518519     18.207569     18.207569     36.415139
     -3.508509     15.637843     15.637843     31.275686
     -3.498498     13.115094     13.115094     26.230189
     -3.488488     10.685352     10.685352     21.370703
     -3.478478      8.532743      8.532743     17.065485
     -3.468468      6.910512      6.910512     13.821023
     -3.458458      6.043225      6.043225     12.086450
     -3.448448      6.038638      6.038638     12.077276
     -3.438438      6.835584      6.835584     13.671168
     -3.428428      8.201116      8.201116     16.402232
     -3.418418      9.781732      9.781732     19.563465
     -3.408408     11.203439     11.203439     22.406878
     -3.398398     12.197180     12.197180     24.394359
     -3.388388     12.706335     12.706335     25.412671
     -3.378378     12.928482     12.928482     25.856963
     -3.368368     13.265586     13.265586     26.531172
     -3.358358     14.196833     14.196833     28.393666
     -3.348348     16.121773     16.121773     32.243546
     -3.338338     19.227401     19.227401     38.454801
     -3.328328     23.411631     23.411631     46.823262
     -3.318318     28.268779     28.268779     56.537558
     -3.308308     33.132168     33.132168     66.264337
     -3.298298     37.175718     37.175718     74.351437
     -3.288288     39.578599     39.578599     79.157197
     -3.278278     39.733787     39.733787     79.467574
     -3.268268     37.439702     37.439702     74.879405
     -3.258258     32.990148     32.990148     65.980296
     -3.248248     27.105011     27.105011     54.210021
     -3.238238     20.717349     20.717349     41.434698
     -3.228228     14.705642     14.705642     29.411284
     -3.218218      9.683011      9.683011     19.366021
     -3.208208      5.915480      5.915480     11.830960
     -3.198198      3.370829      3.370829      6.741657
     -3.188188      1.845146      1.845146      3.690292
     -3.178178      1.101458      1.101458      2.202917
     -3.168168      0.976089      0.976089      1.952178
     -3.158158      1.438010      1.438010      2.876020
     -3.148148      2.603218      2.603218      5.206435
     -3.138138      4.706093      4.706093      9.412186
     -3.128128      8.023714      8.023714     16.047429
     -3.118118     12.752709     12.752709     25.505417
     -3.108108     18.859728     18.859728     37.719456
     -3.098098     25.958608     25.958608     51.917217
     -3.088088     33.286675     33.286675     66.573351
     -3.078078     39.833584     39.833584     79.667169
     -3.068068     44.611354     44.611354     89.222708
     -3.058058     46.971021     46.971021     93.942041
     -3.048048     46.822305     46.822305     93.644611
     -3.038038     44.641234     44.641234     89.282469
     -3.028028     41.253161     41.253161     82.506322
     -3.018018     37.497833     37.497833     74.995666
     -3.008008     33.944226     33.944226     67.888452
     -2.997998     30.787334     30.787334     61.574669
     -2.987988     27.952057     27.952057     55.904113
     -2.977978     25.319036     25.319036     50.638073
     -2.967968     22.935810     22.935810     45.871621
     -2.957958     21.102023     21.102023     42.204045
     -2.947948     20.292575     20.292575     40.585150
     -2.937938     20.961817     20.961817     41.923634
     -2.927928     23.320374     23.320374     46.640748
     -2.917918     27.182080     27.182080     54.364159
     -2.907908     31.947928     31.947928     63.895857
     -2.897898     36.741469     36.741469     73.482939
     -2.887888     40.652537     40.652537     81.305075
     -2.877878     43.002296     43.002296     86.004592
     -2.867868     43.529817     43.529817     87.059634
     -2.857858     42.428161     42.428161     84.856321
     -2.847848     40.218773     40.218773     80.437546
     -2.837838     37.521885     37.521885     75.043770
     -2.827828     34.824912     34.824912     69.649824
     -2.817818     32.347626     32.347626     64.695252
     -2.807808     30.052314     30.052314     60.104628
     -2.797798     27.774375     27.774375     55.548750
     -2.787788     25.391298     25.391298     50.782596
     -2.777778     22.935632     22.935632     45.871264
     -2.767768     20.596251     20.596251     41.192502
     -2.757758     18.619753     18.619753     37.239505
     -2.747748     17.181590     17.181590     34.363180
     -2.737738     16.310822     16.310822     32.621645
     -2.727728     15.914365     15.914365     31.828730
     -2.717718     15.879373     15.879373     31.758746
     -2.707708     16.178754     16.178754     32.357507
     -2.697698     16.900958     16.900958     33.801916
     -2.687688     18.176141     18.176141     36.352283
     -2.677678     20.044357     20.044357     40.088713
     -2.667668     22.357604     22.357604     44.715209
     -2.657658     24.791972     24.791972     49.583944
     -2.647648     26.975477     26.975477     53.950955
     -2.637638     28.658017     28.658017     57.316034
     -2.627628     29.817840     29.817840     59.635679
     -2.617618     30.639077     30.639077     61.278154
     -2.607608     31.379795     31.379795     62.759591
     -2.597598     32.218282     32.218282     64.436563
     -2.587588     33.167913     33.167913     66.335825
     -2.577578     34.091118     34.091118     68.182236
     -2.567568     34.772903     34.772903     69.545807
     -2.557558     34.990303     34.990303     69.980605
     -2.547548     34.547689     34.547689     69.095377
     -2.537538     33.298806     33.298806     66.597613
     -2.527528     31.192599     31.192599     62.385199
     -2.517518     28.346482     28.346482     56.692963
     -2.507508     25.101779     25.101779     50.203557
     -2.497497     22.000499     22.000499     44.000998
     -2.487487     19.659045     19.659045     39.318090
     -2.477477     18.577552     18.577552     37.155104
     -2.467467     18.968516     18.968516     37.937031
     -2.457457     20.686531     20.686531     41.373061
     -2.447447     23.295310     23.295310     46.590619
     -2.437437     26.244702     26.244702     52.489404
     -2.427427     29.079931     29.079931     58.159861
     -2.417417     31.589892     31.589892     63.179784
     -2.407407     33.827727     33.827727     67.655454
     -2.397397     35.994334     35.994334     71.988669
     -2.387387     38.239554     38.239554     76.479107
     -2.377377     40.478063     40.478063     80.956125
     -2.367367     42.317168     42.317168     84.634336
     -2.357357     43.147720     43.147720     86.295441
     -2.347347     42.373562     42.373562     84.747124
     -2.337337     39.683062     39.683062     79.366123
     -2.327327     35.237318     35.237318     70.474635
     -2.317317     29.684653     29.684653     59.369306
     -2.307307     23.994293     23.994293     47.988587
     -2.297297     19.185834     19.185834     38.371669
     -2.287287     16.067444     16.067444     32.134889
     -2.277277     15.071224     15.071224     30.142447
     -2.267267     16.215300     16.215300     32.430600
     -2.257257     19.169578     19.169578     38.339155
     -2.247247     23.378352     23.378352     46.756703
     -2.237237     28.194488     28.194488     56.388975
     -2.227227     32.991461     32.991461     65.982921
     -2.217217     37.233062     37.233062     74.466124
     -2.207207     40.497435     40.497435     80.994870
     -2.197197     42.472481     42.472481     84.944963
     -2.187187     42.953899     42.953899     85.907797
     -2.177177     41.871123     41.871123     83.742246
     -2.167167     39.336969     39.336969     78.673937
     -2.157157     35.681506     35.681506     71.363012
     -2.147147     31.419409     31.419409     62.838818
     -2.137137     27.130083     27.130083     54.260166
     -2.127127     23.287179     23.287179     46.574359
     -2.117117     20.118007     20.118007     40.236013
     -2.107107     17.567760     17.567760     35.135521
     -2.097097     15.387210     15.387210     30.774419
     -2.087087     13.292636     13.292636     26.585272
     -2.077077     11.110720     11.110720     22.221440
     -2.067067      8.840031      8.840031     17.680062
     -2.057057      6.616574      6.616574     13.233149
     -2.047047      4.623304      4.623304      9.246608
     -2.037037      3.001826      3.001826      6.003651
     -2.027027      1.806525      1.806525      3.613050
     -2.017017      1.007815      1.007815      2.015631
     -2.007007      0.526062      0.526062      1.052124
     -1.996997      0.271695      0.271695      0.543391
     -1.986987      0.175615      0.175615      0.351229
     -1.976977      0.206095      0.206095      0.412190
     -1.966967      0.375551      0.375551      0.751101
     -1.956957      0.740548      0.740548      1.481095
     -1.946947      1.394282      1.394282      2.788564
     -1.936937      2.447243      2.447243      4.894486
     -1.926927      3.993206      3.993206      7.986411
     -1.916917      6.065168      6.065168     12.130336
     -1.906907      8.595788      8.595788     17.191577
     -1.896897     11.401879     11.401879     22.803758
     -1.886887     14.206508     14.206508     28.413015
     -1.876877     16.696433     16.696433     33.392867
     -1.866867     18.596398     18.596398     37.192795
     -1.856857     19.735405     19.735405     39.470810
     -1.846847     20.085574     20.085574     40.171148
     -1.836837     19.764122     19.764122     39.528245
     -1.826827     18.996536     18.996536     37.993073
     -1.816817     18.045613     18.045613     36.091225
     -1.806807     17.123288     17.123288     34.246575
     -1.796797     16.318296     16.318296     32.636592
     -1.786787     15.578209     15.578209     31.156419
     -1.776777     14.764898     14.764898     29.529796
     -1.766767     13.762013     13.762013     27.524026
     -1.756757     12.577257     12.577257     25.154515
     -1.746747     11.378563     11.378563     22.757125
     -1.736737     10.438076     10.438076     20.876152
     -1.726727     10.010172     10.010172     20.020344
     -1.716717     10.207429     10.207429     20.414858
     -1.706707     10.940470     10.940470     21.880939
     -1.696697     11.954034     11.954034     23.908069
     -1.686687     12.940891     12.940891     25.881782
     -1.676677     13.673311     13.673311     27.346622
     -1.666667     14.081558     14.081558     28.163117
     -1.656657     14.238435     14.238435     28.476869
     -1.646647     14.264335     14.264335     28.528670
     -1.636637     14.215984     14.215984     28.431968
     -1.626627     14.032155     14.032155     28.064310
     -1.616617     13.573139     13.573139     27.146278
     -1.606607     12.731453     12.731453     25.462906
     -1.596597     11.548561     11.548561     23.097122
     -1.586587     10.271752     10.271752     20.543504
     -1.576577      9.321075      9.321075     18.642151
     -1.566567      9.179975      9.179975     18.359949
     -1.556557     10.249232     10.249232     20.498463
     -1.546547     12.707433     12.707433     25.414866
     -1.536537     16.414660     16.414660     32.829320
     -1.526527     20.889906     20.889906     41.779811
     -1.516517     25.383075     25.383075     50.766149
     -1.506507     29.039023     29.039023     58.078045
     -1.496496     31.114560     31.114560     62.229119
     -1.486486     31.178338     31.178338     62.356676
     -1.476476     29.221475     29.221475     58.442951
     -1.466466     25.640806     25.640806     51.281612
     -1.456456     21.109594     21.109594     42.219187
     -1.446446     16.392927     16.392927     32.785854
     -1.436436     12.175863     12.175863     24.351726
     -1.426426      8.951266      8.951266     17.902532
     -1.416416      6.978164      6.978164     13.956327
     -1.406406      6.292138      6.292138     12.584276
     -1.396396      6.740899      6.740899     13.481798
     -1.386386      8.029825      8.029825     16.059651
     -1.376376      9.779529      9.779529     19.559058
     -1.366366     11.602435     11.602435     23.204870
     -1.356356     13.191089     13.191089     26.382179
     -1.346346     14.389036     14.389036     28.778072
     -1.336336     15.208340     15.208340     30.416679
     -1.326326     15.779483     15.779483     31.558967
     -1.316316     16.258210     16.258210     32.516420
     -1.306306     16.740218     16.740218     33.480436
     -1.296296     17.225768     17.225768     34.451536
     -1.286286     17.638635     17.638635     35.277270
     -1.276276     17.868872     17.868872     35.737743
     -1.266266     17.804683     17.804683     35.609367
     -1.256256     17.344055     17.344055     34.688110
     -1.246246     16.403477     16.403477     32.806954
     -1.236236     14.942585     14.942585     29.885170
     -1.226226     13.000447     13.000447     26.000894
     -1.216216     10.716981     10.716981     21.433961
     -1.206206      8.315102      8.315102     16.630205
     -1.196196      6.044695      6.044695     12.089390
     -1.186186      4.116124      4.116124      8.232249
     -1.176176      2.657402      2.657402      5.314804
     -1.166166      1.712545      1.712545      3.425089
     -1.156156      1.273611      1.273611      2.547221
     -1.146146      1.321964      1.321964      2.643929
     -1.136136      1.852629      1.852629      3.705257
     -1.126126      2.866512      2.866512      5.733025
     -1.116116      4.332569      4.332569      8.665138
     -1.106106      6.139523      6.139523     12.279046
     -1.096096      8.068099      8.068099     16.136198
     -1.086086      9.812082      9.812082     19.624164
     -1.076076     11.056128     11.056128     22.112256
     -1.066066     11.586576     11.586576     23.173152
     -1.056056     11.386042     11.386042     22.772084
     -1.046046     10.661289     10.661289     21.322578
     -1.036036      9.781305      9.781305     19.562609
     -1.026026      9.144628      9.144628     18.289255
     -1.016016      9.028814      9.028814     18.057629
     -1.006006      9.483775      9.483775     18.967549
     -0.995996     10.312496     10.312496     20.624992
     -0.985986     11.146971     11.146971     22.293943
     -0.975976     11.588443     11.588443     23.176886
     -0.965966     11.354459     11.354459     22.708918
     -0.955956     10.372926     10.372926     20.745852
     -0.945946      8.788570      8.788570     17.577140
     -0.935936      6.888712      6.888712     13.777423
     -0.925926      4.990827      4.990827      9.981653
     -0.915916      3.344870      3.344870      6.689740
     -0.905906      2.086069      2.086069      4.172138
     -0.895896      1.243263      1.243263      2.486525
     -0.885886      0.783218      0.783218      1.566436
     -0.875876      0.662968      0.662968      1.325936
     -0.865866      0.867630      0.867630      1.735260
     -0.855856      1.421493      1.421493      2.842987
     -0.845846      2.369326      2.369326      4.738652
     -0.835836      3.732975      3.732975      7.465949
     -0.825826      5.457920      5.457920     10.915840
     -0.815816      7.374147      7.374147     14.748295
     -0.805806      9.198143      9.198143     18.396286
     -0.795796     10.590130     10.590130     21.180261
     -0.785786     11.253694     11.253694     22.507387
     -0.775776     11.037662     11.037662     22.075323
     -0.765766      9.991866      9.991866     19.983733
     -0.755756      8.348437      8.348437     16.696874
     -0.745746      6.438149      6.438149     12.876298
     -0.735736      4.583067      4.583067      9.166135
     -0.725726      3.013016      3.013016      6.026032
     -0.715716      1.833792      1.833792      3.667585
     -0.705706      1.045686      1.045686      2.091373
     -0.695696      0.590546      0.590546      1.181091
     -0.685686      0.402153      0.402153      0.804306
     -0.675676      0.443206      0.443206      0.886411
     -0.665666      0.722423      0.722423      1.444847
     -0.655656      1.290730      1.290730      2.581461
     -0.645646      2.216622      2.216622      4.433244
     -0.635636      3.543081      3.543081      7.086161
     -0.625626      5.235881      5.235881     10.471762
     -0.615616      7.143837      7.143837     14.287675
     -0.605606      8.996827      8.996827     17.993653
     -0.595596     10.457787     10.457787     20.915575
     -0.585586     11.219623     11.219623     22.439247
     -0.575576     11.109738     11.109738     22.219476
     -0.565566     10.153512     10.153512     20.307023
     -0.555556      8.564767      8.564767     17.129535
     -0.545546      6.668094      6.668094     13.336188
     -0.535536      4.791536      4.791536      9.583071
     -0.525526      3.177859      3.177859      6.355717
     -0.515516      1.945276      1.945276      3.890553
     -0.505506      1.099043      1.099043      2.198087
     -0.495495      0.573106      0.573106      1.146213
     -0.485485      0.275831      0.275831      0.551661
     -0.475475      0.122528      0.122528      0.245057
     -0.465465      0.050236      0.050236      0.100473
     -0.455455      0.019010      0.019010      0.038020
     -0.445445      0.006640      0.006640      0.013279
     -0.435435      0.002141      0.002141      0.004282
     -0.425425      0.000640      0.000640      0.001279
     -0.415415      0.000188      0.000188      0.000375
     -0.405405      0.000098      0.000098      0.000197
     -0.395395      0.000221      0.000221      0.000443
     -0.385385      0.000762      0.000762      0.001523
     -0.375375      0.002524      0.002524      0.005048
     -0.365365      0.007740      0.007740      0.015480
     -0.355355      0.021911      0.021911      0.043823
     -0.345345      0.057251      0.057251      0.114503
     -0.335335      0.138068      0.138068      0.276135
     -0.325325      0.307315      0.307315      0.614629
     -0.315315      0.631338      0.631338      1.262676
     -0.305305      1.197092      1.197092      2.394183
     -0.295295      2.094979      2.094979      4.189959
     -0.285285      3.383911      3.383911      6.767821
     -0.275275      5.044811      5.044811     10.089622
     -0.265265      6.941571      6.941571     13.883141
     -0.255255      8.815713      8.815713     17.631426
     -0.245245     10.333418     10.333418     20.666836
     -0.235235     11.179372     11.179372     22.358744
     -0.225225     11.162916     11.162916     22.325832
     -0.215215     10.287853     10.287853     20.575707
     -0.205205      8.751021      8.751021     17.502042
     -0.195195      6.870360      6.870360     13.740721
     -0.185185      4.978370      4.978370      9.956740
     -0.175175      3.329520      3.329520      6.659041
     -0.165165      2.055242      2.055242      4.110485
     -0.155155      1.170931      1.170931      2.341862
     -0.145145      0.615724      0.615724      1.231449
     -0.135135      0.298833      0.298833      0.597666
     -0.125125      0.133862      0.133862      0.267724
     -0.115115      0.055344      0.055344      0.110689
     -0.105105      0.021119      0.021119      0.042238
     -0.095095      0.007438      0.007438      0.014876
     -0.085085      0.002418      0.002418      0.004836
     -0.075075      0.000725      0.000725      0.001451
     -0.065065      0.000201      0.000201      0.000402
     -0.055055      0.000051      0.000051      0.000103
     -0.045045      0.000012      0.000012      0.000024
     -0.035035      0.000003      0.000003      0.000005
     -0.025025      0.000001      0.000001      0.000001
     -0.015015      0.000000      0.000000      0.000000
     -0.005005      0.000000      0.000000      0.000000
      0.005005      0.000000      0.000000      0.000000
      0.015015      0.000000      0.000000      0.000000
      0.025025      0.000001      0.000001      0.000001
      0.035035      0.000003      0.000003      0.000005
      0.045045      0.000012      0.000012      0.000024
      0.055055      0.000051      0.000051      0.000103
      0.065065      0.000201      0.000201      0.000402
      0.075075      0.000725      0.000725      0.001451
      0.085085      0.002418      0.002418      0.004836
      0.095095      0.007438      0.007438      0.014876
      0.105105      0.021119      0.021119      0.042238
      0.115115      0.055344      0.055344      0.110688
      0.125125      0.133862      0.133862      0.267724
      0.135135      0.298833      0.298833      0.597665
      0.145145      0.615724      0.615724      1.231448
      0.155155      1.170930      1.170930      2.341860
      0.165165      2.055241      2.055241      4.110482
      0.175175      3.329519      3.329519      6.659038
      0.185185      4.978368      4.978368      9.956737
      0.195195      6.870359      6.870359     13.740717
      0.205205      8.751019      8.751019     17.502038
      0.215215     10.287852     10.287852     20.575704
      0.225225     11.162916     11.162916     22.325831
      0.235235     11.179373     11.179373     22.358745
      0.245245     10.333419     10.333419     20.666839
      0.255255      8.815715      8.815715     17.631430
      0.265265      6.941573      6.941573     13.883145
      0.275275      5.044813      5.044813     10.089626
      0.285285      3.383912      3.383912      6.767824
      0.295295      2.094980      2.094980      4.189961
      0.305305      1.197092      1.197092      2.394185
      0.315315      0.631339      0.631339      1.262677
      0.325325      0.307315      0.307315      0.614630
      0.335335      0.138068      0.138068      0.276135
      0.345345      0.057252      0.057252      0.114503
      0.355355      0.021911      0.021911      0.043823
      0.365365      0.007740      0.007740      0.015480
      0.375375      0.002524      0.002524      0.005048
      0.385385      0.000762      0.000762      0.001524
      0.395395      0.000223      0.000223      0.000446
      0.405405      0.000106      0.000106      0.000211
      0.415415      0.000214      0.000214      0.000429
      0.425425      0.000731      0.000731      0.001462
      0.435435      0.002426      0.002426      0.004853
      0.445445      0.007461      0.007461      0.014922
      0.455455      0.021179      0.021179      0.042359
      0.465465      0.055489      0.055489      0.110979
      0.475475      0.134182      0.134182      0.268364
      0.485485      0.299480      0.299480      0.598960
      0.495495      0.616917      0.616917      1.233835
      0.505506      1.172933      1.172933      2.345866
      0.515516      2.058289      2.058289      4.116577
      0.525526      3.333698      3.333698      6.667396
      0.535536      4.983484      4.983484      9.966968
      0.545546      6.875856      6.875856     13.751713
      0.555556      8.756039      8.756039     17.512077
      0.565566     10.291446     10.291446     20.582892
      0.575576     11.164406     11.164406     22.328811
      0.585586     11.178792     11.178792     22.357583
      0.595596     10.332107     10.332107     20.664215
      0.605606      8.817469      8.817469     17.634938
      0.615616      6.955326      6.955326     13.910653
      0.625626      5.090489      5.090489     10.180979
      0.635636      3.503516      3.503516      7.007032
      0.645646      2.370359      2.370359      4.740717
      0.655656      1.773072      1.773072      3.546143
      0.665666      1.737513      1.737513      3.475027
      0.675676      2.264890      2.264890      4.529779
      0.685686      3.334038      3.334038      6.668077
      0.695696      4.873096      4.873096      9.746191
      0.705706      6.721678      6.721678     13.443356
      0.715716      8.616939      8.616939     17.233878
      0.725726     10.230446     10.230446     20.460892
      0.735736     11.257427     11.257427     22.514854
      0.745746     11.527131     11.527131     23.054263
      0.755756     11.082668     11.082668     22.165337
      0.765766     10.185734     10.185734     20.371467
      0.775776      9.234514      9.234514     18.469028
      0.785786      8.623471      8.623471     17.246943
      0.795796      8.599929      8.599929     17.199858
      0.805806      9.173350      9.173350     18.346701
      0.815816     10.111859     10.111859     20.223719
      0.825826     11.027302     11.027302     22.054603
      0.835836     11.516482     11.516482     23.032965
      0.845846     11.303549     11.303549     22.607099
      0.855856     10.327500     10.327500     20.655000
      0.865866      8.743184      8.743184     17.486369
      0.875876      6.844029      6.844029     13.688058
      0.885886      4.948762      4.948762      9.897524
      0.895896      3.303924      3.303924      6.607848
      0.905906      2.036220      2.036220      4.072439
      0.915916      1.158367      1.158367      2.316734
      0.925926      0.608305      0.608305      1.216611
      0.935936      0.295118      0.295118      0.590237
      0.945946      0.133107      0.133107      0.266214
      0.955956      0.058490      0.058490      0.116980
      0.965966      0.032785      0.032785      0.065570
      0.975976      0.040288      0.040288      0.080576
      0.985986      0.085804      0.085804      0.171607
      0.995996      0.195519      0.195519      0.391039
      1.006006      0.420237      0.420237      0.840474
      1.016016      0.836676      0.836676      1.673353
      1.026026      1.540105      1.540105      3.080209
      1.036036      2.622272      2.622272      5.244544
      1.046046      4.134773      4.134773      8.269545
      1.056056      6.049017      6.049017     12.098034
      1.066066      8.234019      8.234019     16.468037
      1.076076     10.472611     10.472611     20.945221
      1.086086     12.519779     12.519779     25.039559
      1.096096     14.180182     14.180182     28.360364
      1.106106     15.364340     15.364340     30.728681
      1.116116     16.092005     16.092005     32.184009
      1.126126     16.445409     16.445409     32.890819
      1.136136     16.510146     16.510146     33.020292
      1.146146     16.347642     16.347642     32.695284
      1.156156     16.013198     16.013198     32.026396
      1.166166     15.591645     15.591645     31.183290
      1.176176     15.205930     15.205930     30.411860
      1.186186     14.978366     14.978366     29.956733
      1.196196     14.969152     14.969152     29.938304
      1.206206     15.141842     15.141842     30.283684
      1.216216     15.387139     15.387139     30.774277
      1.226226     15.589080     15.589080     31.178160
      1.236236     15.682076     15.682076     31.364151
      1.246246     15.654611     15.654611     31.309221
      1.256256     15.500432     15.500432     31.000865
      1.266266     15.162930     15.162930     30.325861
      1.276276     14.525609     14.525609     29.051218
      1.286286     13.465453     13.465453     26.930906
      1.296296     11.936873     11.936873     23.873746
      1.306306     10.031132     10.031132     20.062265
      1.316316      7.975267      7.975267     15.950535
      1.326326      6.076870      6.076870     12.153741
      1.336336      4.652437      4.652437      9.304875
      1.346346      3.976052      3.976052      7.952103
      1.356356      4.258089      4.258089      8.516178
      1.366366      5.635068      5.635068     11.270136
      1.376376      8.144486      8.144486     16.288972
      1.386386     11.677530     11.677530     23.355061
      1.396396     15.933027     15.933027     31.866055
      1.406406     20.413847     20.413847     40.827694
      1.416416     24.495299     24.495299     48.990599
      1.426426     27.557687     27.557687     55.115374
      1.436436     29.136151     29.136151     58.272302
      1.446446     29.027928     29.027928     58.055856
      1.456456     27.319443     27.319443     54.638887
      1.466466     24.336356     24.336356     48.672712
      1.476476     20.550427     20.550427     41.100853
      1.486486     16.481943     16.481943     32.963887
      1.496496     12.621580     12.621580     25.243160
      1.506507      9.378173      9.378173     18.756347
      1.516517      7.049478      7.049478     14.098955
      1.526527      5.810170      5.810170     11.620339
      1.536537      5.710424      5.710424     11.420849
      1.546547      6.679184      6.679184     13.358368
      1.556557      8.531406      8.531406     17.062812
      1.566567     10.986170     10.986170     21.972339
      1.576577     13.704928     13.704928     27.409856
      1.586587     16.351145     16.351145     32.702290
      1.596597     18.658456     18.658456     37.316913
      1.606607     20.485672     20.485672     40.971343
      1.616617     21.840529     21.840529     43.681058
      1.626627     22.866186     22.866186     45.732372
      1.636637     23.795029     23.795029     47.590058
      1.646647     24.878882     24.878882     49.757763
      1.656657     26.307519     26.307519     52.615038
      1.666667     28.134370     28.134370     56.268739
      1.676677     30.236904     30.236904     60.473808
      1.686687     32.338358     32.338358     64.676717
      1.696697     34.097423     34.097423     68.194847
      1.706707     35.236613     35.236613     70.473226
      1.716717     35.647984     35.647984     71.295967
      1.726727     35.413354     35.413354     70.826709
      1.736737     34.718583     34.718583     69.437167
      1.746747     33.709651     33.709651     67.419302
      1.756757     32.386248     32.386248     64.772495
      1.766767     30.614246     30.614246     61.228493
      1.776777     28.262235     28.262235     56.524470
      1.786787     25.379399     25.379399     50.758798
      1.796797     22.296013     22.296013     44.592025
      1.806807     19.569649     19.569649     39.139298
      1.816817     17.789721     17.789721     35.579442
      1.826827     17.331487     17.331487     34.662973
      1.836837     18.175926     18.175926     36.351852
      1.846847     19.879831     19.879831     39.759662
      1.856857     21.714425     21.714425     43.428850
      1.866867     22.920648     22.920648     45.841297
      1.876877     22.980191     22.980191     45.960382
      1.886887     21.792389     21.792389     43.584777
      1.896897     19.685475     19.685475     39.370950
      1.906907     17.262958     17.262958     34.525915
      1.916917     15.158685     15.158685     30.317370
      1.926927     13.811201     13.811201     27.622403
      1.936937     13.351691     13.351691     26.703382
      1.946947     13.640585     13.640585     27.281170
      1.956957     14.415531     14.415531     28.831063
      1.966967     15.461797     15.461797     30.923595
      1.976977     16.709555     16.709555     33.419109
      1.986987     18.206378     18.206378     36.412755
      1.996997     19.988273     19.988273     39.976546
      2.007007     21.938207     21.938207     43.876414
      2.017017     23.735290     23.735290     47.470581
      2.027027     24.945139     24.945139     49.890279
      2.037037     25.210793     25.210793     50.421586
      2.047047     24.432730     24.432730     48.865459
      2.057057     22.826033     22.826033     45.652066
      2.067067     20.816150     20.816150     41.632300
      2.077077     18.833929     18.833929     37.667858
      2.087087     17.129791     17.129791     34.259582
      2.097097     15.709080     15.709080     31.418161
      2.107107     14.412384     14.412384     28.824767
      2.117117     13.080147     13.080147     26.160294
      2.127127     11.702010     11.702010     23.404020
      2.137137     10.473606     10.473606     20.947211
      2.147147      9.742848      9.742848     19.485696
      2.157157      9.883035      9.883035     19.766071
      2.167167     11.153478     11.153478     22.306956
      2.177177     13.598108     13.598108     27.196215
      2.187187     17.005989     17.005989     34.011978
      2.197197     20.933821     20.933821     41.867642
      2.207207     24.778451     24.778451     49.556902
      2.217217     27.884815     27.884815     55.769630
      2.227227     29.673676     29.673676     59.347351
      2.237237     29.767744     29.767744     59.535487
      2.247247     28.085485     28.085485     56.170970
      2.257257     24.868874     24.868874     49.737747
      2.267267     20.625518     20.625518     41.251035
      2.277277     15.997268     15.997268     31.994537
      2.287287     11.601201     11.601201     23.202402
      2.297297      7.902908      7.902908     15.805816
      2.307307      5.165707      5.165707     10.331414
      2.317317      3.482029      3.482029      6.964058
      2.327327      2.856884      2.856884      5.713767
      2.337337      3.295636      3.295636      6.591272
      2.347347      4.853245      4.853245      9.706490
      2.357357      7.621891      7.621891     15.243781
      2.367367     11.658731     11.658731     23.317462
      2.377377     16.878764     16.878764     33.757529
      2.387387     22.955304     22.955304     45.910608
      2.397397     29.277258     29.277258     58.554516
      2.407407     35.002086     35.002086     70.004173
      2.417417     39.213070     39.213070     78.426140
      2.427427     41.145769     41.145769     82.291537
      2.437437     40.409097     40.409097     80.818195
      2.447447     37.114181     37.114181     74.228363
      2.457457     31.853008     31.853008     63.706017
      2.467467     25.530506     25.530506     51.061011
      2.477477     19.117491     19.117491     38.234981
      2.487487     13.422629     13.422629     26.845259
      2.497497      8.962705      8.962705     17.925411
      2.507508      5.955846      5.955846     11.911693
      2.517518      4.404944      4.404944      8.809887
      2.527528      4.208053      4.208053      8.416107
      2.537538      5.238500      5.238500     10.477000
      2.547548      7.368310      7.368310     14.736619
      2.557558     10.443680     10.443680     20.887360
      2.567568     14.243112     14.243112     28.486225
      2.577578     18.451057     18.451057     36.902115
      2.587588     22.667110     22.667110     45.334220
      2.597598     26.453423     26.453423     52.906845
      2.607608     29.409556     29.409556     58.819113
      2.617618     31.256029     31.256029     62.512058
      2.627628     31.902875     31.902875     63.805750
      2.637638     31.478478     31.478478     62.956955
      2.647648     30.302724     30.302724     60.605448
      2.657658     28.809790     28.809790     57.619580
      2.667668     27.449888     27.449888     54.899775
      2.677678     26.608194     26.608194     53.216388
      2.687688     26.563760     26.563760     53.127520
      2.697698     27.482512     27.482512     54.965024
      2.707708     29.419104     29.419104     58.838208
      2.717718     32.306075     32.306075     64.612150
      2.727728     35.929554     35.929554     71.859108
      2.737738     39.911526     39.911526     79.823051
      2.747748     43.726746     43.726746     87.453492
      2.757758     46.774826     46.774826     93.549653
      2.767768     48.506970     48.506970     97.013940
      2.777778     48.577119     48.577119     97.154239
      2.787788     46.960760     46.960760     93.921520
      2.797798     43.980483     43.980483     87.960967
      2.807808     40.209266     40.209266     80.418532
      2.817818     36.280640     36.280640     72.561280
      2.827828     32.686109     32.686109     65.372217
      2.837838     29.649655     29.649655     59.299310
      2.847848     27.128853     27.128853     54.257706
      2.857858     24.926964     24.926964     49.853928
      2.867868     22.848745     22.848745     45.697490
      2.877878     20.819781     20.819781     41.639561
      2.887888     18.915889     18.915889     37.831779
      2.897898     17.298527     17.298527     34.597055
      2.907908     16.100553     16.100553     32.201107
      2.917918     15.331813     15.331813     30.663627
      2.927928     14.861806     14.861806     29.723612
      2.937938     14.490661     14.490661     28.981322
      2.947948     14.064368     14.064368     28.128736
      2.957958     13.560244     13.560244     27.120489
      2.967968     13.085603     13.085603     26.171207
      2.977978     12.787737     12.787737     25.575474
      2.987988     12.731082     12.731082     25.462164
      2.997998     12.819598     12.819598     25.639196
      3.008008     12.814529     12.814529     25.629058
      3.018018     12.438832     12.438832     24.877665
      3.028028     11.508191     11.508191     23.016381
      3.038038     10.016441     10.016441     20.032882
      3.048048      8.134741      8.134741     16.269481
      3.058058      6.134902      6.134902     12.269804
      3.068068      4.284729      4.284729      8.569458
      3.078078      2.767314      2.767314      5.534627
      3.088088      1.652011      1.652011      3.304021
      3.098098      0.913176      0.913176      1.826352
      3.108108      0.473406      0.473406      0.946812
      3.118118      0.247109      0.247109      0.494217
      3.128128      0.171219      0.171219      0.342439
      3.138138      0.221871      0.221871      0.443742
      3.148148      0.421757      0.421757      0.843513
      3.158158      0.841743      0.841743      1.683487
      3.168168      1.595222      1.595222      3.190444
      3.178178      2.819546      2.819546      5.639092
      3.188188      4.639943      4.639943      9.279886
      3.198198      7.119067      7.119067     14.238135
      3.208208     10.206928     10.206928     20.413857
      3.218218     13.713857     13.713857     27.427714
      3.228228     17.325528     17.325528     34.651056
      3.238238     20.662102     20.662102     41.324205
      3.248248     23.361389     23.361389     46.722777
      3.258258     25.152699     25.152699     50.305398
      3.268268     25.893911     25.893911     51.787821
      3.278278     25.566284     25.566284     51.132568
      3.288288     24.244898     24.244898     48.489796
      3.298298     22.070761     22.070761     44.141522
      3.308308     19.238921     19.238921     38.477842
      3.318318     15.996111     15.996111     31.992222
      3.328328     12.629468     12.629468     25.258936
      3.338338      9.434432      9.434432     18.868864
      3.348348      6.668763      6.668763     13.337525
      3.358358      4.514111      4.514111      9.028222
      3.368368      3.064403      3.064403      6.128806
      3.378378      2.343091      2.343091      4.686183
      3.388388      2.332201      2.332201      4.664402
      3.398398      2.988779      2.988779      5.977559
      3.408408      4.234102      4.234102      8.468204
      3.418418      5.922219      5.922219     11.844438
      3.428428      7.814566      7.814566     15.629132
      3.438438      9.592741      9.592741     19.185482
      3.448448     10.925347     10.925347     21.850695
      3.458458     11.572908     11.572908     23.145816
      3.468468     11.485547     11.485547     22.971094
      3.478478     10.841552     10.841552     21.683103
      3.488488      9.998483      9.998483     19.996967
      3.498498      9.370294      9.370294     18.740587
      3.508509      9.280468      9.280468     18.560937
      3.518519      9.853147      9.853147     19.706294
      3.528529     10.986626     10.986626     21.973251
      3.538539     12.415843     12.415843     24.831685
      3.548549     13.829581     13.829581     27.659163
      3.558559     14.983173     14.983173     29.966347
      3.568569     15.752907     15.752907     31.505814
      3.578579     16.114420     16.114420     32.228840
      3.588589     16.074552     16.074552     32.149104
      3.598599     15.613400     15.613400     31.226800
      3.608609     14.680483     14.680483     29.360965
      3.618619     13.245036     13.245036     26.490071
      3.628629     11.358947     11.358947     22.717894
      3.638639      9.182721      9.182721     18.365442
      3.648649      6.953433      6.953433     13.906866
      3.658659      4.914127      4.914127      9.828254
      3.668669      3.246319      3.246319      6.492637
      3.678679      2.039509      2.039509      4.079017
      3.688689      1.305262      1.305262      2.610523
      3.698699      1.018793      1.018793      2.037586
      3.708709      1.160861      1.160861      2.321722
      3.718719      1.737146      1.737146      3.474292
      3.728729      2.764834      2.764834      5.529669
      3.738739      4.231361      4.231361      8.462722
      3.748749      6.045141      6.045141     12.090282
      3.758759      8.008015      8.008015     16.016030
      3.768769      9.836571      9.836571     19.673142
      3.778779     11.239368     11.239368     22.478735
      3.788789     12.024818     12.024818     24.049636
      3.798799     12.188021     12.188021     24.376043
      3.808809     11.924416     11.924416     23.848833
      3.818819     11.550356     11.550356     23.100712
      3.828829     11.360369     11.360369     22.720738
      3.838839     11.488784     11.488784     22.977568
      3.848849     11.845538     11.845538     23.691076
      3.858859     12.159285     12.159285     24.318571
      3.868869     12.105532     12.105532     24.211065
      3.878879     11.454740     11.454740     22.909481
      3.888889     10.168923     10.168923     20.337846
      3.898899      8.407309      8.407309     16.814618
      3.908909      6.451469      6.451469     12.902939
      3.918919      4.598062      4.598062      9.196124
      3.928929      3.073682      3.073682      6.147364
      3.938939      2.003364      2.003364      4.006727
      3.948949      1.430794      1.430794      2.861588
      3.958959      1.364190      1.364190      2.728380
      3.968969      1.816139      1.816139      3.632279
      3.978979      2.815748      2.815748      5.631497
      3.988989      4.389070      4.389070      8.778141
      3.998999      6.521266      6.521266     13.042532
      4.009009      9.124559      9.124559     18.249119
      4.019019     12.034084     12.034084     24.068169
      4.029029     15.037605     15.037605     30.075209
      4.039039     17.922603     17.922603     35.845207
      4.049049     20.510989     20.510989     41.021978
      4.059059     22.660451     22.660451     45.320903
      4.069069     24.238991     24.238991     48.477981
      4.079079     25.104864     25.104864     50.209729
      4.089089     25.125599     25.125599     50.251199
      4.099099     24.241926     24.241926     48.483851
      4.109109     22.544158     22.544158     45.088316
      4.119119     20.308098     20.308098     40.616195
      4.129129     17.951785     17.951785     35.903571
      4.139139     15.916724     15.916724     31.833447
      4.149149     14.522524     14.522524     29.045048
      4.159159     13.864888     13.864888     27.729776
      4.169169     13.809358     13.809358     27.618716
      4.179179     14.084752     14.084752     28.169504
      4.189189     14.426704     14.426704     28.853408
      4.199199     14.694738     14.694738     29.389476
      4.209209     14.903954     14.903954     29.807908
      4.219219     15.165258     15.165258     30.330516
      4.229229     15.582388     15.582388     31.164776
      4.239239     16.173556     16.173556     32.347111
      4.249249     16.859073     16.859073     33.718147
      4.259259     17.506746     17.506746     35.013491
      4.269269     17.992919     17.992919     35.985837
      4.279279     18.241127     18.241127     36.482254
      4.289289     18.230412     18.230412     36.460825
      4.299299     17.989555     17.989555     35.979111
      4.309309     17.591502     17.591502     35.183004
      4.319319     17.144105     17.144105     34.288210
      4.329329     16.765627     16.765627     33.531254
      4.339339     16.548655     16.548655     33.097309
      4.349349     16.537330     16.537330     33.074660
      4.359359     16.741747     16.741747     33.483494
      4.369369     17.182130     17.182130     34.364261
      4.379379     17.919591     17.919591     35.839183
      4.389389     19.027181     19.027181     38.054362
      4.399399     20.497297     20.497297     40.994594
      4.409409     22.140720     22.140720     44.281440
      4.419419     23.559488     23.559488     47.118976
      4.429429     24.241790     24.241790     48.483581
      4.439439     23.750318     23.750318     47.500635
      4.449449     21.909781     21.909781     43.819562
      4.459459     18.892560     18.892560     37.785120
      4.469469     15.158874     15.158874     30.317747
      4.479479     11.289004     11.289004     22.578008
      4.489489      7.796504      7.796504     15.593008
      4.499499      5.005926      5.005926     10.011851
      4.509510      3.030558      3.030558      6.061117
      4.519520      1.832073      1.832073      3.664145
      4.529530      1.314755      1.314755      2.629510
      4.539540      1.407881      1.407881      2.815762
      4.549550      2.107552      2.107552      4.215104
      4.559560      3.468603      3.468603      6.937205
      4.569570      5.551909      5.551909     11.103818
      4.579580      8.345011      8.345011     16.690022
      4.589590     11.686627     11.686627     23.373255
      4.599600     15.233634     15.233634     30.467269
      4.609610     18.502437     18.502437     37.004873
      4.619620     20.989747     20.989747     41.979495
      4.629630     22.338218     22.338218     44.676437
      4.639640     22.480673     22.480673     44.961347
      4.649650     21.694484     21.694484     43.388968
      4.659660     20.531599     20.531599     41.063198
      4.669670     19.644518     19.644518     39.289037
      4.679680     19.574657     19.574657     39.149314
      4.689690     20.582332     20.582332     41.164664
      4.699700     22.573281     22.573281     45.146561
      4.709710     25.133532     25.133532     50.267065
      4.719720     27.648621     27.648621     55.297241
      4.729730     29.468635     29.468635     58.937270
      4.739740     30.082137     30.082137     60.164273
      4.749750     29.264676     29.264676     58.529353
      4.759760     27.165285     27.165285     54.330570
      4.769770     24.295969     24.295969     48.591938
      4.779780     21.408809     21.408809     42.817619
      4.789790     19.283996     19.283996     38.567991
      4.799800     18.493642     18.493642     36.987284
      4.809810     19.227310     19.227310     38.454620
      4.819820     21.250595     21.250595     42.501190
      4.829830     24.018784     24.018784     48.037567
      4.839840     26.900791     26.900791     53.801582
      4.849850     29.414605     29.414605     58.829211
      4.859860     31.366817     31.366817     62.733634
      4.869870     32.838762     32.838762     65.677523
      4.879880     34.046368     34.046368     68.092735
      4.889890     35.166370     35.166370     70.332740
      4.899900     36.223839     36.223839     72.447679
      4.909910     37.078789     37.078789     74.157579
      4.919920     37.483392     37.483392     74.966783
      4.929930     37.157479     37.157479     74.314958
      4.939940     35.854309     35.854309     71.708618
      4.949950     33.421425     33.421425     66.842849
      4.959960     29.863559     29.863559     59.727119
      4.969970     25.387913     25.387913     50.775826
      4.979980     20.394045     20.394045     40.788091
      4.989990     15.389589     15.389589     30.779178
      5.000000     10.857914     10.857914     21.715829
