# EIG2DOS: Utility for SIESTA to obtain the electronic density of states
#  E. Artacho, Apr 1999, A. Garcia, Apr 2012
#  Nick R. Papior, Feb 2017
# ------------------------------------------
# Eigenvalues calculated from a non-polarized calculation
# Eigenvalues read from siesta.EIG
# Kpoint weights read from siesta.KP
# Using smearing parameter:   0.0500
# Using 1000 points in the energy range
# Selected bands: 1 to: 2981
# Emin, Emax in file for selected band(s):    -27.3201454    218.4022390
# Nbands, Nspin, Nk   =   2981     1     1
# E_F                 =    -4.1906 eV --> (shifted to ZERO)
# Broadening          =     0.0500 eV
#
#        E            N(up)  (=)   N(down)         Ntot
     -5.000000     30.161314     30.161314     60.322629
     -4.989990     35.486345     35.486345     70.972689
     -4.979980     40.775905     40.775905     81.551811
     -4.969970     45.122548     45.122548     90.245095
     -4.959960     47.689628     47.689628     95.379256
     -4.949950     47.987958     47.987958     95.975915
     -4.939940     46.044982     46.044982     92.089964
     -4.929930     42.409226     42.409226     84.818451
     -4.919920     38.009281     38.009281     76.018563
     -4.909910     33.935866     33.935866     67.871732
     -4.899900     31.214293     31.214293     62.428587
     -4.889890     30.602171     30.602171     61.204342
     -4.879880     32.423930     32.423930     64.847861
     -4.869870     36.462842     36.462842     72.925685
     -4.859860     41.955301     41.955301     83.910603
     -4.849850     47.731865     47.731865     95.463730
     -4.839840     52.502758     52.502758    105.005516
     -4.829830     55.212314     55.212314    110.424629
     -4.819820     55.335991     55.335991    110.671982
     -4.809810     53.004774     53.004774    106.009547
     -4.799800     48.914199     48.914199     97.828398
     -4.789790     44.068034     44.068034     88.136067
     -4.779780     39.467656     39.467656     78.935312
     -4.769770     35.858888     35.858888     71.717777
     -4.759760     33.599452     33.599452     67.198904
     -4.749750     32.650014     32.650014     65.300028
     -4.739740     32.654197     32.654197     65.308394
     -4.729730     33.066259     33.066259     66.132518
     -4.719720     33.294468     33.294468     66.588936
     -4.709710     32.835953     32.835953     65.671906
     -4.699700     31.381551     31.381551     62.763103
     -4.689690     28.874388     28.874388     57.748776
     -4.679680     25.518006     25.518006     51.036012
     -4.669670     21.743243     21.743243     43.486485
     -4.659660     18.148535     18.148535     36.297069
     -4.649650     15.423091     15.423091     30.846181
     -4.639640     14.252026     14.252026     28.504051
     -4.629630     15.196754     15.196754     30.393508
     -4.619620     18.551489     18.551489     37.102979
     -4.609610     24.200592     24.200592     48.401185
     -4.599600     31.532524     31.532524     63.065048
     -4.589590     39.480825     39.480825     78.961651
     -4.579580     46.734911     46.734911     93.469822
     -4.569570     52.089909     52.089909    104.179818
     -4.559560     54.819089     54.819089    109.638179
     -4.549550     54.910890     54.910890    109.821780
     -4.539540     53.053235     53.053235    106.106469
     -4.529530     50.357775     50.357775    100.715550
     -4.519520     47.936865     47.936865     95.873729
     -4.509510     46.510758     46.510758     93.021516
     -4.499499     46.200719     46.200719     92.401438
     -4.489489     46.572728     46.572728     93.145457
     -4.479479     46.885685     46.885685     93.771371
     -4.469469     46.419403     46.419403     92.838806
     -4.459459     44.742007     44.742007     89.484015
     -4.449449     41.822948     41.822948     83.645896
     -4.439439     37.978721     37.978721     75.957442
     -4.429429     33.712871     33.712871     67.425742
     -4.419419     29.545139     29.545139     59.090278
     -4.409409     25.904370     25.904370     51.808739
     -4.399399     23.103005     23.103005     46.206011
     -4.389389     21.355704     21.355704     42.711409
     -4.379379     20.786947     20.786947     41.573894
     -4.369369     21.401374     21.401374     42.802747
     -4.359359     23.040209     23.040209     46.080418
     -4.349349     25.376291     25.376291     50.752582
     -4.339339     27.984639     27.984639     55.969277
     -4.329329     30.476370     30.476370     60.952740
     -4.319319     32.637203     32.637203     65.274407
     -4.309309     34.499467     34.499467     68.998934
     -4.299299     36.304303     36.304303     72.608605
     -4.289289     38.360010     38.360010     76.720020
     -4.279279     40.848622     40.848622     81.697244
     -4.269269     43.659757     43.659757     87.319514
     -4.259259     46.331120     46.331120     92.662240
     -4.249249     48.144226     48.144226     96.288452
     -4.239239     48.363412     48.363412     96.726824
     -4.229229     46.534336     46.534336     93.068672
     -4.219219     42.712204     42.712204     85.424408
     -4.209209     37.505617     37.505617     75.011235
     -4.199199     31.902458     31.902458     63.804916
     -4.189189     26.949311     26.949311     53.898623
     -4.179179     23.425266     23.425266     46.850532
     -4.169169     21.646107     21.646107     43.292214
     -4.159159     21.464117     21.464117     42.928235
     -4.149149     22.435969     22.435969     44.871938
     -4.139139     24.063647     24.063647     48.127294
     -4.129129     25.995261     25.995261     51.990521
     -4.119119     28.101825     28.101825     56.203649
     -4.109109     30.406088     30.406088     60.812176
     -4.099099     32.909047     32.909047     65.818094
     -4.089089     35.414061     35.414061     70.828121
     -4.079079     37.460037     37.460037     74.920074
     -4.069069     38.427115     38.427115     76.854229
     -4.059059     37.784783     37.784783     75.569567
     -4.049049     35.363523     35.363523     70.727046
     -4.039039     31.505183     31.505183     63.010367
     -4.029029     27.007109     27.007109     54.014218
     -4.019019     22.884745     22.884745     45.769490
     -4.009009     20.067491     20.067491     40.134981
     -3.998999     19.160535     19.160535     38.321071
     -3.988989     20.351398     20.351398     40.702795
     -3.978979     23.458405     23.458405     46.916809
     -3.968969     28.060681     28.060681     56.121362
     -3.958959     33.639788     33.639788     67.279576
     -3.948949     39.691035     39.691035     79.382069
     -3.938939     45.796758     45.796758     91.593515
     -3.928929     51.668412     51.668412    103.336825
     -3.918919     57.155782     57.155782    114.311565
     -3.908909     62.209421     62.209421    124.418842
     -3.898899     66.790033     66.790033    133.580067
     -3.888889     70.750091     70.750091    141.500182
     -3.878879     73.746626     73.746626    147.493252
     -3.868869     75.248922     75.248922    150.497844
     -3.858859     74.667410     74.667410    149.334820
     -3.848849     71.567978     71.567978    143.135956
     -3.838839     65.885417     65.885417    131.770833
     -3.828829     58.041114     58.041114    116.082228
     -3.818819     48.907944     48.907944     97.815888
     -3.808809     39.628319     39.628319     79.256638
     -3.798799     31.347503     31.347503     62.695007
     -3.788789     24.949820     24.949820     49.899639
     -3.778779     20.875358     20.875358     41.750716
     -3.768769     19.060941     19.060941     38.121883
     -3.758759     19.009180     19.009180     38.018361
     -3.748749     19.957219     19.957219     39.914438
     -3.738739     21.097674     21.097674     42.195348
     -3.728729     21.797598     21.797598     43.595196
     -3.718719     21.764308     21.764308     43.528615
     -3.708709     21.117648     21.117648     42.235296
     -3.698699     20.346066     20.346066     40.692133
     -3.688689     20.149024     20.149024     40.298048
     -3.678679     21.199564     21.199564     42.399128
     -3.668669     23.892450     23.892450     47.784900
     -3.658659     28.162392     28.162392     56.324784
     -3.648649     33.447274     33.447274     66.894548
     -3.638639     38.824825     38.824825     77.649651
     -3.628629     43.280420     43.280420     86.560839
     -3.618619     46.003242     46.003242     92.006485
     -3.608609     46.595344     46.595344     93.190688
     -3.598599     45.124419     45.124419     90.248837
     -3.588589     42.028340     42.028340     84.056680
     -3.578579     37.938709     37.938709     75.877418
     -3.568569     33.500832     33.500832     67.001664
     -3.558559     29.237610     29.237610     58.475221
     -3.548549     25.469966     25.469966     50.939931
     -3.538539     22.292371     22.292371     44.584742
     -3.528529     19.604426     19.604426     39.208853
     -3.518519     17.196371     17.196371     34.392743
     -3.508509     14.867427     14.867427     29.734855
     -3.498498     12.534552     12.534552     25.069104
     -3.488488     10.287866     10.287866     20.575733
     -3.478478      8.373726      8.373726     16.747452
     -3.468468      7.119790      7.119790     14.239579
     -3.458458      6.835011      6.835011     13.670022
     -3.448448      7.713869      7.713869     15.427738
     -3.438438      9.761573      9.761573     19.523145
     -3.428428     12.752691     12.752691     25.505382
     -3.418418     16.241867     16.241867     32.483734
     -3.408408     19.646255     19.646255     39.292511
     -3.398398     22.398650     22.398650     44.797300
     -3.388388     24.130829     24.130829     48.261658
     -3.378378     24.814106     24.814106     49.628212
     -3.368368     24.787509     24.787509     49.575018
     -3.358358     24.649532     24.649532     49.299063
     -3.348348     25.051353     25.051353     50.102706
     -3.338338     26.469392     26.469392     52.938784
     -3.328328     29.033302     29.033302     58.066605
     -3.318318     32.454816     32.454816     64.909632
     -3.308308     36.071230     36.071230     72.142461
     -3.298298     38.998104     38.998104     77.996209
     -3.288288     40.367421     40.367421     80.734841
     -3.278278     39.595970     39.595970     79.191939
     -3.268268     36.594970     36.594970     73.189939
     -3.258258     31.829664     31.829664     63.659328
     -3.248248     26.188737     26.188737     52.377473
     -3.238238     20.707809     20.707809     41.415619
     -3.228228     16.257666     16.257666     32.515333
     -3.218218     13.315925     13.315925     26.631849
     -3.208208     11.892918     11.892918     23.785836
     -3.198198     11.614740     11.614740     23.229480
     -3.188188     11.914518     11.914518     23.829036
     -3.178178     12.259845     12.259845     24.519689
     -3.168168     12.344170     12.344170     24.688339
     -3.158158     12.185425     12.185425     24.370851
     -3.148148     12.103566     12.103566     24.207131
     -3.138138     12.586139     12.586139     25.172278
     -3.128128     14.087259     14.087259     28.174518
     -3.118118     16.827857     16.827857     33.655713
     -3.108108     20.666633     20.666633     41.333266
     -3.098098     25.091269     25.091269     50.182539
     -3.088088     29.341847     29.341847     58.683694
     -3.078078     32.630581     32.630581     65.261162
     -3.068068     34.379199     34.379199     68.758398
     -3.058058     34.379852     34.379852     68.759704
     -3.048048     32.813814     32.813814     65.627628
     -3.038038     30.128082     30.128082     60.256164
     -3.028028     26.839941     26.839941     53.679882
     -3.018018     23.371333     23.371333     46.742666
     -3.008008     19.987823     19.987823     39.975645
     -2.997998     16.849332     16.849332     33.698664
     -2.987988     14.116264     14.116264     28.232527
     -2.977978     12.033192     12.033192     24.066384
     -2.967968     10.937901     10.937901     21.875802
     -2.957958     11.190564     11.190564     22.381128
     -2.947948     13.055052     13.055052     26.110103
     -2.937938     16.578221     16.578221     33.156443
     -2.927928     21.509485     21.509485     43.018969
     -2.917918     27.292506     27.292506     54.585013
     -2.907908     33.145803     33.145803     66.291606
     -2.897898     38.225102     38.225102     76.450203
     -2.887888     41.828313     41.828313     83.656626
     -2.877878     43.576337     43.576337     87.152674
     -2.867868     43.498522     43.498522     86.997043
     -2.857858     41.981616     41.981616     83.963232
     -2.847848     39.597845     39.597845     79.195689
     -2.837838     36.884690     36.884690     73.769381
     -2.827828     34.174191     34.174191     68.348381
     -2.817818     31.545258     31.545258     63.090516
     -2.807808     28.908677     28.908677     57.817353
     -2.797798     26.165365     26.165365     52.330731
     -2.787788     23.343371     23.343371     46.686742
     -2.777778     20.637674     20.637674     41.275348
     -2.767768     18.337639     18.337639     36.675277
     -2.757758     16.693608     16.693608     33.387216
     -2.747748     15.807608     15.807608     31.615216
     -2.737738     15.613926     15.613926     31.227853
     -2.727728     15.955381     15.955381     31.910761
     -2.717718     16.697742     16.697742     33.395484
     -2.707708     17.799593     17.799593     35.599186
     -2.697698     19.286779     19.286779     38.573559
     -2.687688     21.150751     21.150751     42.301502
     -2.677678     23.250437     23.250437     46.500873
     -2.667668     25.302439     25.302439     50.604877
     -2.657658     26.985684     26.985684     53.971368
     -2.647648     28.103156     28.103156     56.206311
     -2.637638     28.695778     28.695778     57.391557
     -2.627628     29.029229     29.029229     58.058458
     -2.617618     29.456606     29.456606     58.913212
     -2.607608     30.238875     30.238875     60.477750
     -2.597598     31.424412     31.424412     62.848825
     -2.587588     32.839759     32.839759     65.679519
     -2.577578     34.169181     34.169181     68.338363
     -2.567568     35.058517     35.058517     70.117034
     -2.557558     35.193472     35.193472     70.386943
     -2.547548     34.348566     34.348566     68.697132
     -2.537538     32.432835     32.432835     64.865670
     -2.527528     29.546363     29.546363     59.092725
     -2.517518     26.024558     26.024558     52.049117
     -2.507508     22.424332     22.424332     44.848664
     -2.497497     19.422905     19.422905     38.845811
     -2.487487     17.645961     17.645961     35.291923
     -2.477477     17.484955     17.484955     34.969909
     -2.467467     18.976838     18.976838     37.953676
     -2.457457     21.797810     21.797810     43.595620
     -2.447447     25.378349     25.378349     50.756698
     -2.437437     29.098251     29.098251     58.196502
     -2.427427     32.485292     32.485292     64.970584
     -2.417417     35.334527     35.334527     70.669054
     -2.407407     37.694684     37.694684     75.389368
     -2.397397     39.726813     39.726813     79.453626
     -2.387387     41.504598     41.504598     83.009196
     -2.377377     42.862911     42.862911     85.725823
     -2.367367     43.386318     43.386318     86.772637
     -2.357357     42.561831     42.561831     85.123662
     -2.347347     40.031150     40.031150     80.062299
     -2.337337     35.817277     35.817277     71.634554
     -2.327327     30.408155     30.408155     60.816310
     -2.317317     24.654341     24.654341     49.308681
     -2.307307     19.532823     19.532823     39.065645
     -2.297297     15.886528     15.886528     31.773057
     -2.287287     14.240398     14.240398     28.480797
     -2.277277     14.738261     14.738261     29.476522
     -2.267267     17.183865     17.183865     34.367729
     -2.257257     21.137686     21.137686     42.275373
     -2.247247     26.023023     26.023023     52.046045
     -2.237237     31.214407     31.214407     62.428814
     -2.227227     36.101211     36.101211     72.202421
     -2.217217     40.131920     40.131920     80.263840
     -2.207207     42.850450     42.850450     85.700900
     -2.197197     43.936224     43.936224     87.872447
     -2.187187     43.253089     43.253089     86.506178
     -2.177177     40.897247     40.897247     81.794494
     -2.167167     37.216571     37.216571     74.433142
     -2.157157     32.767254     32.767254     65.534509
     -2.147147     28.192593     28.192593     56.385187
     -2.137137     24.051014     24.051014     48.102028
     -2.127127     20.661492     20.661492     41.322984
     -2.117117     18.041546     18.041546     36.083091
     -2.107107     15.972465     15.972465     31.944931
     -2.097097     14.159640     14.159640     28.319281
     -2.087087     12.405370     12.405370     24.810739
     -2.077077     10.709263     10.709263     21.418526
     -2.067067      9.255304      9.255304     18.510609
     -2.057057      8.303999      8.303999     16.607998
     -2.047047      8.048606      8.048606     16.097212
     -2.037037      8.501338      8.501338     17.002675
     -2.027027      9.455124      9.455124     18.910248
     -2.017017     10.534070     10.534070     21.068139
     -2.007007     11.312716     11.312716     22.625432
     -1.996997     11.458622     11.458622     22.917245
     -1.986987     10.843179     10.843179     21.686357
     -1.976977      9.578948      9.578948     19.157897
     -1.966967      7.974939      7.974939     15.949879
     -1.956957      6.436987      6.436987     12.873973
     -1.946947      5.358154      5.358154     10.716309
     -1.936937      5.035348      5.035348     10.070696
     -1.926927      5.624002      5.624002     11.248004
     -1.916917      7.122829      7.122829     14.245657
     -1.906907      9.377380      9.377380     18.754759
     -1.896897     12.100285     12.100285     24.200570
     -1.886887     14.913595     14.913595     29.827191
     -1.876877     17.415300     17.415300     34.830601
     -1.866867     19.260464     19.260464     38.520928
     -1.856857     20.237262     20.237262     40.474523
     -1.846847     20.315836     20.315836     40.631673
     -1.836837     19.652556     19.652556     39.305112
     -1.826827     18.541316     18.541316     37.082632
     -1.816817     17.317896     17.317896     34.635793
     -1.806807     16.243616     16.243616     32.487233
     -1.796797     15.412768     15.412768     30.825535
     -1.786787     14.728685     14.728685     29.457370
     -1.776777     13.966009     13.966009     27.932017
     -1.766767     12.892156     12.892156     25.784311
     -1.756757     11.387336     11.387336     22.774673
     -1.746747      9.504109      9.504109     19.008218
     -1.736737      7.444450      7.444450     14.888899
     -1.726727      5.479037      5.479037     10.958074
     -1.716717      3.859138      3.859138      7.718277
     -1.706707      2.763007      2.763007      5.526014
     -1.696697      2.287489      2.287489      4.574977
     -1.686687      2.465348      2.465348      4.930695
     -1.676677      3.278112      3.278112      6.556224
     -1.666667      4.646432      4.646432      9.292865
     -1.656657      6.404721      6.404721     12.809443
     -1.646647      8.287634      8.287634     16.575268
     -1.636637      9.958582      9.958582     19.917164
     -1.626627     11.090712     11.090712     22.181424
     -1.616617     11.478735     11.478735     22.957470
     -1.606607     11.135561     11.135561     22.271122
     -1.596597     10.327667     10.327667     20.655335
     -1.586587      9.527992      9.527992     19.055984
     -1.576577      9.298440      9.298440     18.596880
     -1.566567     10.136527     10.136527     20.273055
     -1.556557     12.325734     12.325734     24.651467
     -1.546547     15.824991     15.824991     31.649982
     -1.536537     20.228518     20.228518     40.457036
     -1.526527     24.820535     24.820535     49.641070
     -1.516517     28.729342     28.729342     57.458684
     -1.506507     31.149000     31.149000     62.298000
     -1.496496     31.560270     31.560270     63.120539
     -1.486486     29.871373     29.871373     59.742746
     -1.476476     26.427128     26.427128     52.854256
     -1.466466     21.890036     21.890036     43.780071
     -1.456456     17.048344     17.048344     34.096689
     -1.446446     12.626579     12.626579     25.253157
     -1.436436      9.156759      9.156759     18.313518
     -1.426426      6.928934      6.928934     13.857868
     -1.416416      6.002823      6.002823     12.005645
     -1.406406      6.247666      6.247666     12.495332
     -1.396396      7.387767      7.387767     14.775533
     -1.386386      9.052938      9.052938     18.105876
     -1.376376     10.845430     10.845430     21.690860
     -1.366366     12.425342     12.425342     24.850684
     -1.356356     13.591937     13.591937     27.183874
     -1.346346     14.321684     14.321684     28.643367
     -1.336336     14.735854     14.735854     29.471707
     -1.326326     15.009412     15.009412     30.018825
     -1.316316     15.271587     15.271587     30.543174
     -1.306306     15.554779     15.554779     31.109557
     -1.296296     15.813578     15.813578     31.627156
     -1.286286     15.984868     15.984868     31.969736
     -1.276276     16.033652     16.033652     32.067304
     -1.266266     15.948521     15.948521     31.897042
     -1.256256     15.698709     15.698709     31.397419
     -1.246246     15.200355     15.200355     30.400711
     -1.236236     14.332983     14.332983     28.665966
     -1.226226     13.005107     13.005107     26.010214
     -1.216216     11.226387     11.226387     22.452774
     -1.206206      9.136506      9.136506     18.273012
     -1.196196      6.971347      6.971347     13.942695
     -1.186186      4.988765      4.988765      9.977530
     -1.176176      3.397989      3.397989      6.795977
     -1.166166      2.326704      2.326704      4.653407
     -1.156156      1.830473      1.830473      3.660945
     -1.146146      1.922654      1.922654      3.845308
     -1.136136      2.594581      2.594581      5.189162
     -1.126126      3.807092      3.807092      7.614184
     -1.116116      5.457093      5.457093     10.914186
     -1.106106      7.344138      7.344138     14.688276
     -1.096096      9.169998      9.169998     18.339996
     -1.086086     10.591890     10.591890     21.183781
     -1.076076     11.321053     11.321053     22.642106
     -1.066066     11.228219     11.228219     22.456437
     -1.056056     10.406045     10.406045     20.812090
     -1.046046      9.155086      9.155086     18.310172
     -1.036036      7.895046      7.895046     15.790091
     -1.026026      7.035188      7.035188     14.070376
     -1.016016      6.850019      6.850019     13.700038
     -1.006006      7.398225      7.398225     14.796449
     -0.995996      8.505628      8.505628     17.011256
     -0.985986      9.816066      9.816066     19.632133
     -0.975976     10.898031     10.898031     21.796063
     -0.965966     11.377213     11.377213     22.754427
     -0.955956     11.050824     11.050824     22.101647
     -0.945946      9.940658      9.940658     19.881317
     -0.935936      8.265224      8.265224     16.530448
     -0.925926      6.347571      6.347571     12.695143
     -0.915916      4.503626      4.503626      9.007252
     -0.905906      2.958777      2.958777      5.917555
     -0.895896      1.819080      1.819080      3.638160
     -0.885886      1.093718      1.093718      2.187436
     -0.875876      0.745105      0.745105      1.490211
     -0.865866      0.739037      0.739037      1.478074
     -0.855856      1.074803      1.074803      2.149607
     -0.845846      1.785744      1.785744      3.571488
     -0.835836      2.910062      2.910062      5.820123
     -0.825826      4.441012      4.441012      8.882024
     -0.815816      6.276066      6.276066     12.552132
     -0.805806      8.192275      8.192275     16.384550
     -0.795796      9.871461      9.871461     19.742922
     -0.785786     10.978970     10.978970     21.957941
     -0.775776     11.270221     11.270221     22.540441
     -0.765766     10.678032     10.678032     21.356063
     -0.755756      9.337670      9.337670     18.675341
     -0.745746      7.536680      7.536680     15.073361
     -0.735736      5.614926      5.614926     11.229852
     -0.725726      3.862485      3.862485      7.724970
     -0.715716      2.457019      2.457019      4.914038
     -0.705706      1.455913      1.455913      2.911826
     -0.695696      0.831120      0.831120      1.662240
     -0.685686      0.521247      0.521247      1.042494
     -0.675676      0.477863      0.477863      0.955725
     -0.665666      0.692985      0.692985      1.385970
     -0.655656      1.203189      1.203189      2.406378
     -0.645646      2.069871      2.069871      4.139742
     -0.635636      3.338422      3.338422      6.676845
     -0.625626      4.985974      4.985974      9.971949
     -0.615616      6.877654      6.877654     13.755309
     -0.605606      8.757464      8.757464     17.514927
     -0.595596     10.292379     10.292379     20.584757
     -0.585586     11.164585     11.164585     22.329171
     -0.575576     11.177813     11.177813     22.355626
     -0.565566     10.328994     10.328994     20.657988
     -0.555556      8.809395      8.809395     17.618791
     -0.545546      6.934594      6.934594     13.869187
     -0.535536      5.038286      5.038286     10.076572
     -0.525526      3.378558      3.378558      6.757117
     -0.515516      2.091062      2.091062      4.182124
     -0.505506      1.194508      1.194508      2.389017
     -0.495495      0.629794      0.629794      1.259588
     -0.485485      0.306475      0.306475      0.612949
     -0.475475      0.137650      0.137650      0.275301
     -0.465465      0.057062      0.057062      0.114124
     -0.455455      0.021833      0.021833      0.043665
     -0.445445      0.007710      0.007710      0.015420
     -0.435435      0.002514      0.002514      0.005027
     -0.425425      0.000759      0.000759      0.001518
     -0.415415      0.000224      0.000224      0.000448
     -0.405405      0.000113      0.000113      0.000226
     -0.395395      0.000242      0.000242      0.000484
     -0.385385      0.000823      0.000823      0.001647
     -0.375375      0.002714      0.002714      0.005428
     -0.365365      0.008281      0.008281      0.016561
     -0.355355      0.023324      0.023324      0.046649
     -0.345345      0.060638      0.060638      0.121277
     -0.335335      0.145503      0.145503      0.291006
     -0.325325      0.322243      0.322243      0.644487
     -0.315315      0.658692      0.658692      1.317385
     -0.305305      1.242705      1.242705      2.485411
     -0.295295      2.163917      2.163917      4.327834
     -0.285285      3.477762      3.477762      6.955524
     -0.275275      5.158768      5.158768     10.317536
     -0.265265      7.062834      7.062834     14.125668
     -0.255255      8.924807      8.924807     17.849614
     -0.245245     10.408916     10.408916     20.817832
     -0.235235     11.204669     11.204669     22.409338
     -0.225225     11.132160     11.132160     22.264319
     -0.215215     10.208141     10.208141     20.416282
     -0.205205      8.639741      8.639741     17.279482
     -0.195195      6.749035      6.749035     13.498070
     -0.185185      4.865970      4.865970      9.731940
     -0.175175      3.238054      3.238054      6.476108
     -0.165165      1.988775      1.988775      3.977549
     -0.155155      1.127389      1.127389      2.254779
     -0.145145      0.589860      0.589860      1.179720
     -0.135135      0.284847      0.284847      0.569693
     -0.125125      0.126958      0.126958      0.253916
     -0.115115      0.052227      0.052227      0.104454
     -0.105105      0.019830      0.019830      0.039660
     -0.095095      0.006949      0.006949      0.013898
     -0.085085      0.002248      0.002248      0.004495
     -0.075075      0.000671      0.000671      0.001342
     -0.065065      0.000185      0.000185      0.000370
     -0.055055      0.000047      0.000047      0.000094
     -0.045045      0.000011      0.000011      0.000022
     -0.035035      0.000002      0.000002      0.000005
     -0.025025      0.000000      0.000000      0.000001
     -0.015015      0.000000      0.000000      0.000000
     -0.005005      0.000000      0.000000      0.000000
      0.005005      0.000000      0.000000      0.000000
      0.015015      0.000000      0.000000      0.000000
      0.025025      0.000000      0.000000      0.000001
      0.035035      0.000002      0.000002      0.000005
      0.045045      0.000011      0.000011      0.000022
      0.055055      0.000047      0.000047      0.000094
      0.065065      0.000185      0.000185      0.000370
      0.075075      0.000671      0.000671      0.001342
      0.085085      0.002248      0.002248      0.004495
      0.095095      0.006949      0.006949      0.013898
      0.105105      0.019830      0.019830      0.039660
      0.115115      0.052227      0.052227      0.104454
      0.125125      0.126958      0.126958      0.253916
      0.135135      0.284846      0.284846      0.569693
      0.145145      0.589860      0.589860      1.179720
      0.155155      1.127389      1.127389      2.254777
      0.165165      1.988774      1.988774      3.977547
      0.175175      3.238053      3.238053      6.476105
      0.185185      4.865968      4.865968      9.731937
      0.195195      6.749033      6.749033     13.498066
      0.205205      8.639739      8.639739     17.279479
      0.215215     10.208140     10.208140     20.416279
      0.225225     11.132159     11.132159     22.264318
      0.235235     11.204670     11.204670     22.409339
      0.245245     10.408917     10.408917     20.817835
      0.255255      8.924809      8.924809     17.849617
      0.265265      7.062836      7.062836     14.125672
      0.275275      5.158770      5.158770     10.317540
      0.285285      3.477764      3.477764      6.955527
      0.295295      2.163918      2.163918      4.327836
      0.305305      1.242706      1.242706      2.485412
      0.315315      0.658693      0.658693      1.317385
      0.325325      0.322244      0.322244      0.644487
      0.335335      0.145503      0.145503      0.291006
      0.345345      0.060638      0.060638      0.121277
      0.355355      0.023324      0.023324      0.046649
      0.365365      0.008281      0.008281      0.016561
      0.375375      0.002714      0.002714      0.005427
      0.385385      0.000822      0.000822      0.001644
      0.395395      0.000236      0.000236      0.000471
      0.405405      0.000088      0.000088      0.000175
      0.415415      0.000130      0.000130      0.000260
      0.425425      0.000437      0.000437      0.000873
      0.435435      0.001494      0.001494      0.002987
      0.445445      0.004746      0.004746      0.009491
      0.455455      0.013923      0.013923      0.027845
      0.465465      0.037700      0.037700      0.075399
      0.475475      0.094221      0.094221      0.188441
      0.485485      0.217340      0.217340      0.434680
      0.495495      0.462723      0.462723      0.925447
      0.505506      0.909263      0.909263      1.818526
      0.515516      1.649091      1.649091      3.298183
      0.525526      2.760493      2.760493      5.520986
      0.535536      4.264965      4.264965      8.529929
      0.545546      6.081786      6.081786     12.163571
      0.555556      8.004490      8.004490     16.008981
      0.565566      9.723517      9.723517     19.447034
      0.575576     10.901868     10.901868     21.803736
      0.585586     11.281557     11.281557     22.563114
      0.595596     10.775521     10.775521     21.551043
      0.605606      9.500550      9.500550     19.001100
      0.615616      7.734867      7.734867     15.469734
      0.625626      5.822770      5.822770     11.645539
      0.635636      4.073453      4.073453      8.146906
      0.645646      2.697599      2.697599      5.395199
      0.655656      1.799028      1.799028      3.598057
      0.665666      1.408351      1.408351      2.816701
      0.675676      1.527903      1.527903      3.055806
      0.685686      2.157862      2.157862      4.315725
      0.695696      3.287988      3.287988      6.575975
      0.705706      4.860094      4.860094      9.720188
      0.715716      6.725246      6.725246     13.450491
      0.725726      8.628754      8.628754     17.257508
      0.735736     10.248257     10.248257     20.496513
      0.745746     11.284666     11.284666     22.569331
      0.755756     11.573468     11.573468     23.146936
      0.765766     11.163935     11.163935     22.327869
      0.775776     10.321436     10.321436     20.642873
      0.785786      9.441742      9.441742     18.883483
      0.795796      8.907685      8.907685     17.815370
      0.805806      8.945620      8.945620     17.891241
      0.815816      9.539572      9.539572     19.079143
      0.825826     10.437303     10.437303     20.874607
      0.835836     11.245905     11.245905     22.491810
      0.845846     11.578705     11.578705     23.157409
      0.855856     11.194146     11.194146     22.388292
      0.865866     10.071138     10.071138     20.142276
      0.875876      8.395087      8.395087     16.790175
      0.885886      6.470462      6.470462     12.940924
      0.895896      4.606716      4.606716      9.213432
      0.905906      3.028319      3.028319      6.056639
      0.915916      1.837746      1.837746      3.675492
      0.925926      1.029588      1.029588      2.059175
      0.935936      0.533017      0.533017      1.066034
      0.945946      0.256704      0.256704      0.513408
      0.955956      0.120237      0.120237      0.240475
      0.965966      0.069073      0.069073      0.138145
      0.975976      0.078375      0.078375      0.156751
      0.985986      0.152925      0.152925      0.305851
      0.995996      0.327286      0.327286      0.654572
      1.006006      0.665453      0.665453      1.330906
      1.016016      1.254644      1.254644      2.509288
      1.026026      2.186272      2.186272      4.372543
      1.036036      3.521126      3.521126      7.042252
      1.046046      5.246104      5.246104     10.492207
      1.056056      7.242375      7.242375     14.484749
      1.066066      9.290255      9.290255     18.580511
      1.076076     11.124908     11.124908     22.249816
      1.086086     12.529446     12.529446     25.058891
      1.096096     13.422965     13.422965     26.845931
      1.106106     13.893067     13.893067     27.786133
      1.116116     14.148048     14.148048     28.296095
      1.126126     14.411372     14.411372     28.822744
      1.136136     14.818122     14.818122     29.636244
      1.146146     15.371384     15.371384     30.742767
      1.156156     15.975049     15.975049     31.950097
      1.166166     16.508981     16.508981     33.017962
      1.176176     16.891079     16.891079     33.782159
      1.186186     17.092780     17.092780     34.185560
      1.196196     17.117883     17.117883     34.235767
      1.206206     16.980476     16.980476     33.960953
      1.216216     16.705576     16.705576     33.411151
      1.226226     16.341765     16.341765     32.683530
      1.236236     15.955016     15.955016     31.910032
      1.246246     15.588671     15.588671     31.177342
      1.256256     15.211999     15.211999     30.423997
      1.266266     14.702159     14.702159     29.404317
      1.276276     13.888004     13.888004     27.776008
      1.286286     12.640172     12.640172     25.280344
      1.296296     10.956688     10.956688     21.913376
      1.306306      8.995270      8.995270     17.990540
      1.316316      7.039505      7.039505     14.079009
      1.326326      5.426086      5.426086     10.852172
      1.336336      4.474661      4.474661      8.949323
      1.346346      4.444215      4.444215      8.888431
      1.356356      5.509466      5.509466     11.018931
      1.366366      7.734165      7.734165     15.468330
      1.376376     11.028795     11.028795     22.057591
      1.386386     15.108765     15.108765     30.217530
      1.396396     19.491155     19.491155     38.982310
      1.406406     23.561487     23.561487     47.122974
      1.416416     26.705752     26.705752     53.411505
      1.426426     28.460675     28.460675     56.921351
      1.436436     28.618859     28.618859     57.237718
      1.446446     27.249141     27.249141     54.498283
      1.456456     24.639034     24.639034     49.278068
      1.466466     21.201287     21.201287     42.402573
      1.476476     17.388646     17.388646     34.777292
      1.486486     13.636996     13.636996     27.273992
      1.496496     10.332170     10.332170     20.664340
      1.506507      7.787172      7.787172     15.574343
      1.516517      6.222228      6.222228     12.444456
      1.526527      5.747615      5.747615     11.495230
      1.536537      6.351887      6.351887     12.703775
      1.546547      7.898905      7.898905     15.797809
      1.556557     10.139555     10.139555     20.279109
      1.566567     12.745512     12.745512     25.491024
      1.576577     15.366893     15.366893     30.733785
      1.586587     17.703625     17.703625     35.407250
      1.596597     19.570368     19.570368     39.140736
      1.606607     20.935061     20.935061     41.870122
      1.616617     21.920464     21.920464     43.840927
      1.626627     22.767849     22.767849     45.535697
      1.636637     23.767432     23.767432     47.534863
      1.646647     25.165614     25.165614     50.331228
      1.656657     27.070765     27.070765     54.141531
      1.666667     29.392831     29.392831     58.785662
      1.676677     31.852422     31.852422     63.704844
      1.686687     34.070554     34.070554     68.141109
      1.696697     35.707544     35.707544     71.415087
      1.706707     36.584199     36.584199     73.168397
      1.716717     36.718335     36.718335     73.436669
      1.726727     36.253766     36.253766     72.507533
      1.736737     35.325767     35.325767     70.651535
      1.746747     33.953320     33.953320     67.906639
      1.756757     32.037667     32.037667     64.075335
      1.766767     29.478795     29.478795     58.957589
      1.776777     26.339487     26.339487     52.678974
      1.786787     22.947669     22.947669     45.895337
      1.796797     19.859278     19.859278     39.718555
      1.806807     17.683594     17.683594     35.367188
      1.816817     16.848543     16.848543     33.697086
      1.826827     17.413533     17.413533     34.827066
      1.836837     19.014368     19.014368     38.028737
      1.846847     20.968213     20.968213     41.936425
      1.856857     22.502496     22.502496     45.004991
      1.866867     23.021674     23.021674     46.043347
      1.876877     22.307176     22.307176     44.614352
      1.886887     20.569745     20.569745     41.139490
      1.896897     18.334970     18.334970     36.669940
      1.906907     16.216479     16.216479     32.432957
      1.916917     14.680681     14.680681     29.361362
      1.926927     13.906496     13.906496     27.812991
      1.936937     13.793663     13.793663     27.587327
      1.946947     14.099218     14.099218     28.198435
      1.956957     14.619520     14.619520     29.239040
      1.966967     15.314990     15.314990     30.629980
      1.976977     16.307626     16.307626     32.615252
      1.986987     17.753521     17.753521     35.507043
      1.996997     19.667503     19.667503     39.335006
      2.007007     21.811604     21.811604     43.623209
      2.017017     23.728178     23.728178     47.456357
      2.027027     24.914373     24.914373     49.828745
      2.037037     25.045954     25.045954     50.091907
      2.047047     24.122413     24.122413     48.244826
      2.057057     22.448972     22.448972     44.897944
      2.067067     20.468936     20.468936     40.937872
      2.077077     18.548334     18.548334     37.096668
      2.087087     16.836580     16.836580     33.673159
      2.097097     15.271611     15.271611     30.543222
      2.107107     13.707209     13.707209     27.414418
      2.117117     12.074549     12.074549     24.149098
      2.127127     10.485400     10.485400     20.970801
      2.137137      9.231575      9.231575     18.463150
      2.147147      8.694803      8.694803     17.389606
      2.157157      9.216743      9.216743     18.433486
      2.167167     10.979970     10.979970     21.959941
      2.177177     13.931771     13.931771     27.863543
      2.187187     17.763109     17.763109     35.526217
      2.197197     21.944093     21.944093     43.888186
      2.207207     25.811244     25.811244     51.622488
      2.217217     28.693928     28.693928     57.387857
      2.227227     30.056012     30.056012     60.112025
      2.237237     29.618430     29.618430     59.236860
      2.247247     27.426263     27.426263     54.852525
      2.257257     23.835385     23.835385     47.670771
      2.267267     19.418529     19.418529     38.837058
      2.277277     14.820539     14.820539     29.641078
      2.287287     10.613352     10.613352     21.226704
      2.297297      7.200525      7.200525     14.401051
      2.307307      4.797731      4.797731      9.595462
      2.317317      3.481424      3.481424      6.962849
      2.327327      3.270250      3.270250      6.540500
      2.337337      4.194394      4.194394      8.388788
      2.347347      6.317983      6.317983     12.635965
      2.357357      9.701619      9.701619     19.403238
      2.367367     14.317367     14.317367     28.634735
      2.377377     19.949649     19.949649     39.899299
      2.387387     26.127142     26.127142     52.254284
      2.397397     32.128108     32.128108     64.256215
      2.407407     37.081858     37.081858     74.163716
      2.417417     40.154414     40.154414     80.308829
      2.427427     40.767169     40.767169     81.534338
      2.437437     38.771362     38.771362     77.542725
      2.447447     34.506356     34.506356     69.012711
      2.457457     28.711138     28.711138     57.422276
      2.467467     22.320077     22.320077     44.640154
      2.477477     16.223691     16.223691     32.447382
      2.487487     11.085268     11.085268     22.170537
      2.497497      7.269948      7.269948     14.539896
      2.507508      4.886085      4.886085      9.772171
      2.517518      3.891200      3.891200      7.782400
      2.527528      4.197886      4.197886      8.395771
      2.537538      5.729944      5.729944     11.459887
      2.547548      8.412032      8.412032     16.824063
      2.557558     12.110277     12.110277     24.220554
      2.567568     16.563865     16.563865     33.127730
      2.577578     21.352168     21.352168     42.704336
      2.587588     25.927850     25.927850     51.855700
      2.597598     29.718292     29.718292     59.436584
      2.607608     32.265840     32.265840     64.531679
      2.617618     33.355039     33.355039     66.710077
      2.627628     33.074273     33.074273     66.148547
      2.637638     31.784215     31.784215     63.568429
      2.647648     30.006864     30.006864     60.013728
      2.657658     28.285169     28.285169     56.570338
      2.667668     27.071958     27.071958     54.143915
      2.677678     26.682015     26.682015     53.364030
      2.687688     27.299274     27.299274     54.598547
      2.697698     29.000560     29.000560     58.001119
      2.707708     31.756743     31.756743     63.513485
      2.717718     35.398466     35.398466     70.796933
      2.727728     39.568394     39.568394     79.136787
      2.737738     43.705401     43.705401     87.410802
      2.747748     47.105504     47.105504     94.211009
      2.757758     49.074892     49.074892     98.149783
      2.767768     49.139544     49.139544     98.279088
      2.777778     47.227491     47.227491     94.454982
      2.787788     43.727883     43.727883     87.455765
      2.797798     39.376251     39.376251     78.752502
      2.807808     35.000799     35.000799     70.001598
      2.817818     31.240033     31.240033     62.480067
      2.827828     28.358239     28.358239     56.716479
      2.837838     26.231961     26.231961     52.463921
      2.847848     24.493419     24.493419     48.986838
      2.857858     22.748061     22.748061     45.496121
      2.867868     20.764831     20.764831     41.529662
      2.877878     18.566374     18.566374     37.132747
      2.887888     16.397732     16.397732     32.795463
      2.897898     14.602007     14.602007     29.204013
      2.907908     13.464940     13.464940     26.929881
      2.917918     13.099517     13.099517     26.199034
      2.927928     13.422153     13.422153     26.844307
      2.937938     14.227254     14.227254     28.454507
      2.947948     15.313975     15.313975     30.627951
      2.957958     16.586342     16.586342     33.172685
      2.967968     18.059631     18.059631     36.119262
      2.977978     19.762909     19.762909     39.525818
      2.987988     21.598801     21.598801     43.197603
      2.997998     23.259677     23.259677     46.519355
      3.008008     24.273366     24.273366     48.546732
      3.018018     24.172545     24.172545     48.345090
      3.028028     22.701045     22.701045     45.402091
      3.038038     19.942901     19.942901     39.885802
      3.048048     16.304725     16.304725     32.609450
      3.058058     12.366806     12.366806     24.733612
      3.068068      8.685815      8.685815     17.371630
      3.078078      5.642911      5.642911     11.285822
      3.088088      3.389186      3.389186      6.778372
      3.098098      1.882148      1.882148      3.764297
      3.108108      0.969383      0.969383      1.938765
      3.118118      0.472235      0.472235      0.944470
      3.128128      0.242483      0.242483      0.484965
      3.138138      0.188647      0.188647      0.377293
      3.148148      0.282349      0.282349      0.564697
      3.158158      0.556229      0.556229      1.112457
      3.168168      1.098061      1.098061      2.196122
      3.178178      2.037261      2.037261      4.074523
      3.188188      3.515524      3.515524      7.031048
      3.198198      5.636530      5.636530     11.273059
      3.208208      8.400988      8.400988     16.801976
      3.218218     11.648290     11.648290     23.296580
      3.228228     15.035482     15.035482     30.070963
      3.238238     18.078729     18.078729     36.157458
      3.248248     20.259454     20.259454     40.518908
      3.258258     21.165914     21.165914     42.331827
      3.268268     20.618231     20.618231     41.236463
      3.278278     18.725697     18.725697     37.451393
      3.288288     15.851824     15.851824     31.703648
      3.298298     12.502262     12.502262     25.004524
      3.308308      9.182331      9.182331     18.364662
      3.318318      6.278805      6.278805     12.557609
      3.328328      4.002826      4.002826      8.005652
      3.338338      2.399985      2.399985      4.799971
      3.348348      1.406951      1.406951      2.813902
      3.358358      0.922801      0.922801      1.845603
      3.368368      0.867264      0.867264      1.734528
      3.378378      1.209553      1.209553      2.419106
      3.388388      1.962726      1.962726      3.925452
      3.398398      3.147309      3.147309      6.294617
      3.408408      4.736770      4.736770      9.473540
      3.418418      6.607238      6.607238     13.214477
      3.428428      8.519817      8.519817     17.039635
      3.438438     10.157453     10.157453     20.314905
      3.448448     11.215620     11.215620     22.431240
      3.458458     11.515655     11.515655     23.031310
      3.468468     11.089663     11.089663     22.179326
      3.478478     10.192268     10.192268     20.384536
      3.488488      9.226415      9.226415     18.452829
      3.498498      8.610476      8.610476     17.220951
      3.508509      8.640108      8.640108     17.280216
      3.518519      9.398882      9.398882     18.797764
      3.528529     10.749402     10.749402     21.498805
      3.538539     12.402608     12.402608     24.805216
      3.548549     14.030411     14.030411     28.060821
      3.558559     15.369042     15.369042     30.738085
      3.568569     16.268085     16.268085     32.536170
      3.578579     16.673040     16.673040     33.346079
      3.588589     16.570004     16.570004     33.140007
      3.598599     15.942011     15.942011     31.884022
      3.608609     14.771482     14.771482     29.542964
      3.618619     13.083062     13.083062     26.166124
      3.628629     10.987622     10.987622     21.975244
      3.638639      8.687229      8.687229     17.374458
      3.648649      6.430757      6.430757     12.861514
      3.658659      4.444864      4.444864      8.889729
      3.668669      2.879170      2.879170      5.758341
      3.678679      1.791509      1.791509      3.583019
      3.688689      1.173095      1.173095      2.346189
      3.698699      0.992988      0.992988      1.985976
      3.708709      1.235575      1.235575      2.471150
      3.718719      1.911549      1.911549      3.823097
      3.728729      3.035840      3.035840      6.071680
      3.738739      4.580628      4.580628      9.161256
      3.748749      6.425340      6.425340     12.850680
      3.758759      8.333369      8.333369     16.666738
      3.768769      9.979716      9.979716     19.959431
      3.778779     11.031835     11.031835     22.063670
      3.788789     11.255769     11.255769     22.511538
      3.798799     10.599664     10.599664     21.199327
      3.808809      9.212903      9.212903     18.425806
      3.818819      7.390740      7.390740     14.781480
      3.828829      5.472254      5.472254     10.944508
      3.838839      3.739656      3.739656      7.479313
      3.848849      2.358771      2.358771      4.717541
      3.858859      1.373217      1.373217      2.746434
      3.868869      0.738025      0.738025      1.476049
      3.878879      0.366651      0.366651      0.733302
      3.888889      0.169982      0.169982      0.339964
      3.898899      0.078442      0.078442      0.156883
      3.908909      0.049392      0.049392      0.098783
      3.918919      0.067029      0.067029      0.134058
      3.928929      0.141425      0.141425      0.282850
      3.938939      0.309760      0.309760      0.619520
      3.948949      0.638350      0.638350      1.276699
      3.958959      1.220237      1.220237      2.440474
      3.968969      2.161751      2.161751      4.323501
      3.978979      3.554718      3.554718      7.109435
      3.988989      5.439602      5.439602     10.879204
      3.998999      7.775170      7.775170     15.550340
      4.009009     10.434112     10.434112     20.868225
      4.019019     13.234082     13.234082     26.468164
      4.029029     15.991503     15.991503     31.983005
      4.039039     18.565809     18.565809     37.131619
      4.049049     20.862876     20.862876     41.725751
      4.059059     22.793986     22.793986     45.587973
      4.069069     24.223904     24.223904     48.447809
      4.079079     24.958681     24.958681     49.917363
      4.089089     24.802845     24.802845     49.605689
      4.099099     23.667453     23.667453     47.334906
      4.109109     21.668804     21.668804     43.337608
      4.119119     19.152732     19.152732     38.305465
      4.129129     16.616081     16.616081     33.232162
      4.139139     14.552303     14.552303     29.104606
      4.149149     13.289600     13.289600     26.579201
      4.159159     12.895527     12.895527     25.791054
      4.169169     13.190071     13.190071     26.380141
      4.179179     13.856597     13.856597     27.713194
      4.189189     14.592836     14.592836     29.185671
      4.199199     15.226991     15.226991     30.453982
      4.209209     15.747593     15.747593     31.495186
      4.219219     16.247521     16.247521     32.495041
      4.229229     16.830928     16.830928     33.661856
      4.239239     17.545362     17.545362     35.090725
      4.249249     18.373234     18.373234     36.746467
      4.259259     19.270788     19.270788     38.541575
      4.269269     20.213871     20.213871     40.427742
      4.279279     21.215197     21.215197     42.430394
      4.289289     22.305243     22.305243     44.610486
      4.299299     23.492698     23.492698     46.985396
      4.309309     24.726767     24.726767     49.453533
      4.319319     25.878761     25.878761     51.757522
      4.329329     26.755633     26.755633     53.511266
      4.339339     27.153384     27.153384     54.306768
      4.349349     26.944140     26.944140     53.888280
      4.359359     26.165164     26.165164     52.330328
      4.369369     25.057410     25.057410     50.114819
      4.379379     24.008940     24.008940     48.017880
      4.389389     23.402692     23.402692     46.805383
      4.399399     23.428096     23.428096     46.856192
      4.409409     23.953044     23.953044     47.906087
      4.419419     24.535838     24.535838     49.071676
      4.429429     24.588149     24.588149     49.176299
      4.439439     23.617265     23.617265     47.234531
      4.449449     21.430294     21.430294     42.860588
      4.459459     18.204052     18.204052     36.408105
      4.469469     14.398736     14.398736     28.797471
      4.479479     10.573575     10.573575     21.147150
      4.489489      7.201080      7.201080     14.402159
      4.499499      4.557859      4.557859      9.115718
      4.509510      2.716696      2.716696      5.433393
      4.519520      1.614204      1.614204      3.228408
      4.529530      1.145874      1.145874      2.291747
      4.539540      1.245866      1.245866      2.491731
      4.549550      1.926781      1.926781      3.853563
      4.559560      3.270632      3.270632      6.541264
      4.569570      5.373206      5.373206     10.746413
      4.579580      8.255880      8.255880     16.511760
      4.589590     11.775457     11.775457     23.550914
      4.599600     15.577282     15.577282     31.154563
      4.609610     19.134033     19.134033     38.268067
      4.619620     21.881110     21.881110     43.762220
      4.629630     23.407367     23.407367     46.814734
      4.639640     23.616858     23.616858     47.233716
      4.649650     22.776309     22.776309     45.552618
      4.659660     21.414264     21.414264     42.828529
      4.669670     20.114461     20.114461     40.228922
      4.679680     19.300518     19.300518     38.601035
      4.689690     19.107271     19.107271     38.214543
      4.699700     19.380568     19.380568     38.761135
      4.709710     19.780472     19.780472     39.560944
      4.719720     19.924493     19.924493     39.848986
      4.729730     19.512332     19.512332     39.024663
      4.739740     18.404376     18.404376     36.808751
      4.749750     16.653354     16.653354     33.306708
      4.759760     14.497077     14.497077     28.994153
      4.769770     12.316761     12.316761     24.633523
      4.779780     10.565022     10.565022     21.130043
      4.789790      9.675961      9.675961     19.351921
      4.799800      9.979449      9.979449     19.958898
      4.809810     11.641839     11.641839     23.283678
      4.819820     14.643224     14.643224     29.286448
      4.829830     18.784304     18.784304     37.568608
      4.839840     23.706014     23.706014     47.412027
      4.849850     28.910880     28.910880     57.821760
      4.859860     33.794192     33.794192     67.588383
      4.869870     37.709402     37.709402     75.418803
      4.879880     40.084992     40.084992     80.169985
      4.889890     40.573301     40.573301     81.146602
      4.899900     39.168262     39.168262     78.336524
      4.909910     36.218505     36.218505     72.437011
      4.919920     32.306885     32.306885     64.613771
      4.929930     28.044704     28.044704     56.089408
      4.939940     23.883140     23.883140     47.766280
      4.949950     20.032751     20.032751     40.065502
      4.959960     16.511921     16.511921     33.023842
      4.969970     13.269008     13.269008     26.538016
      4.979980     10.293407     10.293407     20.586813
      4.989990      7.659995      7.659995     15.319989
      5.000000      5.507551      5.507551     11.015103
