# EIG2DOS: Utility for SIESTA to obtain the electronic density of states
#  E. Artacho, Apr 1999, A. Garcia, Apr 2012
#  Nick R. Papior, Feb 2017
# ------------------------------------------
# Eigenvalues calculated from a non-polarized calculation
# Eigenvalues read from siesta.EIG
# Kpoint weights read from siesta.KP
# Using smearing parameter:   0.0500
# Using 1000 points in the energy range
# Selected bands: 1 to: 2981
# Emin, Emax in file for selected band(s):    -27.2833475    218.4060450
# Nbands, Nspin, Nk   =   2981     1     1
# E_F                 =    -4.1918 eV --> (shifted to ZERO)
# Broadening          =     0.0500 eV
#
#        E            N(up)  (=)   N(down)         Ntot
     -5.000000     33.625393     33.625393     67.250786
     -4.989990     38.655712     38.655712     77.311424
     -4.979980     43.074387     43.074387     86.148774
     -4.969970     46.086016     46.086016     92.172032
     -4.959960     47.123678     47.123678     94.247355
     -4.949950     46.039607     46.039607     92.079214
     -4.939940     43.156554     43.156554     86.313108
     -4.929930     39.180066     39.180066     78.360131
     -4.919920     35.030495     35.030495     70.060990
     -4.909910     31.662420     31.662420     63.324840
     -4.899900     29.904668     29.904668     59.809336
     -4.889890     30.316372     30.316372     60.632744
     -4.879880     33.051726     33.051726     66.103452
     -4.869870     37.760746     37.760746     75.521491
     -4.859860     43.588634     43.588634     87.177269
     -4.849850     49.328481     49.328481     98.656961
     -4.839840     53.719594     53.719594    107.439187
     -4.829830     55.801175     55.801175    111.602350
     -4.819820     55.184173     55.184173    110.368346
     -4.809810     52.129283     52.129283    104.258566
     -4.799800     47.405943     47.405943     94.811886
     -4.789790     42.006238     42.006238     84.012476
     -4.779780     36.843225     36.843225     73.686451
     -4.769770     32.549128     32.549128     65.098256
     -4.759760     29.421487     29.421487     58.842975
     -4.749750     27.488555     27.488555     54.977111
     -4.739740     26.619722     26.619722     53.239443
     -4.729730     26.608739     26.608739     53.217478
     -4.719720     27.196505     27.196505     54.393010
     -4.709710     28.051162     28.051162     56.102325
     -4.699700     28.759014     28.759014     57.518028
     -4.689690     28.879593     28.879593     57.759187
     -4.679680     28.078575     28.078575     56.157150
     -4.669670     26.293850     26.293850     52.587699
     -4.659660     23.850719     23.850719     47.701437
     -4.649650     21.450562     21.450562     42.901123
     -4.639640     20.010083     20.010083     40.020166
     -4.629630     20.393023     20.393023     40.786046
     -4.619620     23.119528     23.119528     46.239056
     -4.609610     28.148640     28.148640     56.297279
     -4.599600     34.813302     34.813302     69.626604
     -4.589590     41.950758     41.950758     83.901517
     -4.579580     48.213170     48.213170     96.426341
     -4.569570     52.471416     52.471416    104.942832
     -4.559560     54.169389     54.169389    108.338777
     -4.549550     53.486170     53.486170    106.972339
     -4.539540     51.234191     51.234191    102.468381
     -4.529530     48.533486     48.533486     97.066971
     -4.519520     46.397218     46.397218     92.794436
     -4.509510     45.393824     45.393824     90.787649
     -4.499499     45.506810     45.506810     91.013619
     -4.489489     46.222632     46.222632     92.445264
     -4.479479     46.784803     46.784803     93.569606
     -4.469469     46.496360     46.496360     92.992721
     -4.459459     44.951246     44.951246     89.902492
     -4.449449     42.122375     42.122375     84.244751
     -4.439439     38.305135     38.305135     76.610269
     -4.429429     33.975715     33.975715     67.951430
     -4.419419     29.646002     29.646002     59.292004
     -4.409409     25.772996     25.772996     51.545991
     -4.399399     22.729606     22.729606     45.459212
     -4.389389     20.800518     20.800518     41.601035
     -4.379379     20.160987     20.160987     40.321974
     -4.369369     20.829117     20.829117     41.658235
     -4.359359     22.624669     22.624669     45.249339
     -4.349349     25.183216     25.183216     50.366431
     -4.339339     28.048442     28.048442     56.096883
     -4.329329     30.815699     30.815699     61.631397
     -4.319319     33.262444     33.262444     66.524889
     -4.309309     35.401385     35.401385     70.802770
     -4.299299     37.427905     37.427905     74.855811
     -4.289289     39.581405     39.581405     79.162810
     -4.279279     41.976226     41.976226     83.952452
     -4.269269     44.471178     44.471178     88.942356
     -4.259259     46.637819     46.637819     93.275637
     -4.249249     47.858523     47.858523     95.717045
     -4.239239     47.537496     47.537496     95.074991
     -4.229229     45.352447     45.352447     90.704894
     -4.219219     41.438605     41.438605     82.877209
     -4.209209     36.409830     36.409830     72.819660
     -4.199199     31.189793     31.189793     62.379585
     -4.189189     26.717816     26.717816     53.435632
     -4.179179     23.656696     23.656696     47.313392
     -4.169169     22.226678     22.226678     44.453356
     -4.159159     22.224892     22.224892     44.449784
     -4.149149     23.201519     23.201519     46.403038
     -4.139139     24.697695     24.697695     49.395389
     -4.129129     26.431660     26.431660     52.863320
     -4.119119     28.350378     28.350378     56.700756
     -4.109109     30.528848     30.528848     61.057695
     -4.099099     32.974942     32.974942     65.949885
     -4.089089     35.452948     35.452948     70.905895
     -4.079079     37.442000     37.442000     74.884000
     -4.069069     38.282072     38.282072     76.564144
     -4.059059     37.454377     37.454377     74.908753
     -4.049049     34.855814     34.855814     69.711629
     -4.039039     30.918130     30.918130     61.836260
     -4.029029     26.503602     26.503602     53.007204
     -4.019019     22.629877     22.629877     45.259754
     -4.009009     20.159995     20.159995     40.319990
     -3.998999     19.592701     19.592701     39.185403
     -3.988989     21.015465     21.015465     42.030930
     -3.978979     24.193337     24.193337     48.386673
     -3.968969     28.714953     28.714953     57.429905
     -3.958959     34.122064     34.122064     68.244128
     -3.948949     39.990847     39.990847     79.981693
     -3.938939     45.973387     45.973387     91.946773
     -3.928929     51.818258     51.818258    103.636517
     -3.918919     57.371934     57.371934    114.743867
     -3.908909     62.544628     62.544628    125.089256
     -3.898899     67.231443     67.231443    134.462886
     -3.888889     71.213032     71.213032    142.426064
     -3.878879     74.092436     74.092436    148.184872
     -3.868869     75.324839     75.324839    150.649678
     -3.858859     74.356628     74.356628    148.713256
     -3.848849     70.831413     70.831413    141.662825
     -3.838839     64.779121     64.779121    129.558243
     -3.828829     56.703807     56.703807    113.407614
     -3.818819     47.525292     47.525292     95.050583
     -3.808809     38.387701     38.387701     76.775402
     -3.798799     30.396831     30.396831     60.793662
     -3.788789     24.369351     24.369351     48.738702
     -3.778779     20.666434     20.666434     41.332869
     -3.768769     19.152188     19.152188     38.304376
     -3.758759     19.278424     19.278424     38.556848
     -3.748749     20.264917     20.264917     40.529835
     -3.738739     21.324761     21.324761     42.649523
     -3.728729     21.878409     21.878409     43.756818
     -3.718719     21.705037     21.705037     43.410075
     -3.708709     20.993430     20.993430     41.986861
     -3.698699     20.275215     20.275215     40.550431
     -3.688689     20.250390     20.250390     40.500780
     -3.678679     21.546314     21.546314     43.092627
     -3.668669     24.479591     24.479591     48.959181
     -3.658659     28.902444     28.902444     57.804888
     -3.648649     34.197715     34.197715     68.395430
     -3.638639     39.436219     39.436219     78.872438
     -3.628629     43.643716     43.643716     87.287433
     -3.618619     46.075753     46.075753     92.151507
     -3.608609     46.397544     46.397544     92.795088
     -3.598599     44.715896     44.715896     89.431792
     -3.588589     41.480005     41.480005     82.960011
     -3.578579     37.314889     37.314889     74.629779
     -3.568569     32.853711     32.853711     65.707423
     -3.558559     28.607481     28.607481     57.214962
     -3.548549     24.884263     24.884263     49.768527
     -3.538539     21.762608     21.762608     43.525215
     -3.528529     19.125616     19.125616     38.251232
     -3.518519     16.752874     16.752874     33.505748
     -3.508509     14.443212     14.443212     28.886424
     -3.498498     12.120234     12.120234     24.240467
     -3.488488      9.876326      9.876326     19.752653
     -3.478478      7.941093      7.941093     15.882187
     -3.468468      6.596288      6.596288     13.192576
     -3.458458      6.077986      6.077986     12.155972
     -3.448448      6.501546      6.501546     13.003093
     -3.438438      7.827763      7.827763     15.655527
     -3.428428      9.873892      9.873892     19.747783
     -3.418418     12.364412     12.364412     24.728824
     -3.408408     15.007978     15.007978     30.015956
     -3.398398     17.576889     17.576889     35.153777
     -3.388388     19.961034     19.961034     39.922068
     -3.378378     22.178184     22.178184     44.356368
     -3.368368     24.343495     24.343495     48.686990
     -3.358358     26.617408     26.617408     53.234817
     -3.348348     29.149232     29.149232     58.298463
     -3.338338     32.018524     32.018524     64.037048
     -3.328328     35.168660     35.168660     70.337321
     -3.318318     38.342450     38.342450     76.684900
     -3.308308     41.058954     41.058954     82.117908
     -3.298298     42.681983     42.681983     85.363965
     -3.288288     42.598088     42.598088     85.196177
     -3.278278     40.454124     40.454124     80.908248
     -3.268268     36.347314     36.347314     72.694628
     -3.258258     30.862627     30.862627     61.725254
     -3.248248     24.921823     24.921823     49.843646
     -3.238238     19.503506     19.503506     39.007011
     -3.228228     15.353335     15.353335     30.706671
     -3.218218     12.796632     12.796632     25.593265
     -3.208208     11.708109     11.708109     23.416219
     -3.198198     11.626926     11.626926     23.253851
     -3.188188     11.960909     11.960909     23.921819
     -3.178178     12.207844     12.207844     24.415687
     -3.168168     12.126221     12.126221     24.252442
     -3.158158     11.806492     11.806492     23.612983
     -3.148148     11.624062     11.624062     23.248124
     -3.138138     12.091396     12.091396     24.182793
     -3.128128     13.657518     13.657518     27.315035
     -3.118118     16.519004     16.519004     33.038008
     -3.108108     20.504287     20.504287     41.008573
     -3.098098     25.074426     25.074426     50.148852
     -3.088088     29.450350     29.450350     58.900701
     -3.078078     32.832476     32.832476     65.664952
     -3.068068     34.636663     34.636663     69.273327
     -3.058058     34.653675     34.653675     69.307349
     -3.048048     33.066471     33.066471     66.132942
     -3.038038     30.325771     30.325771     60.651541
     -3.028028     26.954798     26.954798     53.909597
     -3.018018     23.385370     23.385370     46.770739
     -3.008008     19.898664     19.898664     39.797328
     -2.997998     16.675371     16.675371     33.350743
     -2.987988     13.897543     13.897543     27.795087
     -2.977978     11.825708     11.825708     23.651415
     -2.967968     10.802253     10.802253     21.604507
     -2.957958     11.178478     11.178478     22.356957
     -2.947948     13.197614     13.197614     26.395228
     -2.937938     16.878179     16.878179     33.756359
     -2.927928     21.938400     21.938400     43.876801
     -2.917918     27.793027     27.793027     55.586055
     -2.907908     33.639472     33.639472     67.278943
     -2.897898     38.625726     38.625726     77.251452
     -2.887888     42.059344     42.059344     84.118688
     -2.877878     43.588477     43.588477     87.176955
     -2.867868     43.282341     43.282341     86.564681
     -2.857858     41.570560     41.570560     83.141120
     -2.847848     39.060017     39.060017     78.120035
     -2.837838     36.306039     36.306039     72.612079
     -2.827828     33.639143     33.639143     67.278287
     -2.817818     31.121449     31.121449     62.242898
     -2.807808     28.639703     28.639703     57.279406
     -2.797798     26.071053     26.071053     52.142106
     -2.787788     23.423586     23.423586     46.847173
     -2.777778     20.875521     20.875521     41.751042
     -2.767768     18.700979     18.700979     37.401958
     -2.757758     17.137841     17.137841     34.275682
     -2.747748     16.283968     16.283968     32.567936
     -2.737738     16.084084     16.084084     32.168169
     -2.727728     16.406492     16.406492     32.812983
     -2.717718     17.147406     17.147406     34.294813
     -2.707708     18.282833     18.282833     36.565665
     -2.697698     19.827747     19.827747     39.655494
     -2.687688     21.734318     21.734318     43.468635
     -2.677678     23.813339     23.813339     47.626677
     -2.667668     25.754599     25.754599     51.509198
     -2.657658     27.253643     27.253643     54.507285
     -2.647648     28.171593     28.171593     56.343187
     -2.637638     28.621874     28.621874     57.243749
     -2.627628     28.920071     28.920071     57.840142
     -2.617618     29.421880     29.421880     58.843760
     -2.607608     30.344532     30.344532     60.689064
     -2.597598     31.669551     31.669551     63.339102
     -2.587588     33.162858     33.162858     66.325715
     -2.577578     34.473795     34.473795     68.947591
     -2.567568     35.243168     35.243168     70.486337
     -2.557558     35.176209     35.176209     70.352418
     -2.547548     34.085409     34.085409     68.170817
     -2.537538     31.932374     31.932374     63.864748
     -2.527528     28.878785     28.878785     57.757570
     -2.517518     25.318115     25.318115     50.636230
     -2.507508     21.842643     21.842643     43.685287
     -2.497497     19.123915     19.123915     38.247830
     -2.487487     17.733359     17.733359     35.466717
     -2.477477     17.969223     17.969223     35.938446
     -2.467467     19.762097     19.762097     39.524194
     -2.457457     22.702378     22.702378     45.404755
     -2.447447     26.184499     26.184499     52.368999
     -2.437437     29.614736     29.614736     59.229472
     -2.427427     32.600335     32.600335     65.200670
     -2.417417     35.040496     35.040496     70.080993
     -2.407407     37.077332     37.077332     74.154665
     -2.397397     38.926129     38.926129     77.852259
     -2.387387     40.664262     40.664262     81.328523
     -2.377377     42.087505     42.087505     84.175010
     -2.367367     42.720274     42.720274     85.440548
     -2.357357     41.994378     41.994378     83.988756
     -2.347347     39.521009     39.521009     79.042017
     -2.337337     35.323491     35.323491     70.646981
     -2.327327     29.912703     29.912703     59.825407
     -2.317317     24.168537     24.168537     48.337074
     -2.307307     19.089133     19.089133     38.178265
     -2.297297     15.524341     15.524341     31.048681
     -2.287287     13.994482     13.994482     27.988964
     -2.277277     14.633435     14.633435     29.266870
     -2.267267     17.233605     17.233605     34.467210
     -2.257257     21.342372     21.342372     42.684745
     -2.247247     26.366016     26.366016     52.732031
     -2.237237     31.658217     31.658217     63.316435
     -2.227227     36.588133     36.588133     73.176266
     -2.217217     40.592063     40.592063     81.184126
     -2.207207     43.216341     43.216341     86.432683
     -2.197197     44.159663     44.159663     88.319327
     -2.187187     43.318514     43.318514     86.637028
     -2.177177     40.826701     40.826701     81.653402
     -2.167167     37.063899     37.063899     74.127799
     -2.157157     32.602971     32.602971     65.205943
     -2.147147     28.085600     28.085600     56.171200
     -2.137137     24.057220     24.057220     48.114439
     -2.127127     20.829252     20.829252     41.658504
     -2.117117     18.436858     18.436858     36.873717
     -2.107107     16.713776     16.713776     33.427552
     -2.097097     15.438545     15.438545     30.877090
     -2.087087     14.464565     14.464565     28.929129
     -2.077077     13.760762     13.760762     27.521525
     -2.067067     13.351253     13.351253     26.702505
     -2.057057     13.208876     13.208876     26.417752
     -2.047047     13.184265     13.184265     26.368529
     -2.037037     13.023500     13.023500     26.046999
     -2.027027     12.466005     12.466005     24.932010
     -2.017017     11.362851     11.362851     22.725701
     -2.007007      9.746579      9.746579     19.493159
     -1.996997      7.818350      7.818350     15.636701
     -1.986987      5.869159      5.869159     11.738318
     -1.976977      4.184791      4.184791      8.369583
     -1.966967      2.981920      2.981920      5.963839
     -1.956957      2.393531      2.393531      4.787062
     -1.946947      2.489011      2.489011      4.978023
     -1.936937      3.297891      3.297891      6.595782
     -1.926927      4.812642      4.812642      9.625284
     -1.916917      6.966919      6.966919     13.933838
     -1.906907      9.606703      9.606703     19.213406
     -1.896897     12.480207     12.480207     24.960414
     -1.886887     15.263867     15.263867     30.527734
     -1.876877     17.622566     17.622566     35.245133
     -1.866867     19.284895     19.284895     38.569790
     -1.856857     20.108178     20.108178     40.216356
     -1.846847     20.112873     20.112873     40.225746
     -1.836837     19.474654     19.474654     38.949307
     -1.826827     18.471069     18.471069     36.942139
     -1.816817     17.391240     17.391240     34.782481
     -1.806807     16.434528     16.434528     32.869056
     -1.796797     15.639490     15.639490     31.278980
     -1.786787     14.881378     14.881378     29.762756
     -1.776777     13.946749     13.946749     27.893498
     -1.766767     12.651220     12.651220     25.302440
     -1.756757     10.940048     10.940048     21.880096
     -1.746747      8.921655      8.921655     17.843310
     -1.736737      6.825073      6.825073     13.650146
     -1.726727      4.914811      4.914811      9.829623
     -1.716717      3.413014      3.413014      6.826028
     -1.706707      2.462571      2.462571      4.925142
     -1.696697      2.132140      2.132140      4.264280
     -1.686687      2.438210      2.438210      4.876419
     -1.676677      3.354851      3.354851      6.709701
     -1.666667      4.798024      4.798024      9.596048
     -1.656657      6.596412      6.596412     13.192824
     -1.646647      8.478902      8.478902     16.957804
     -1.636637     10.107843     10.107843     20.215685
     -1.626627     11.164789     11.164789     22.329577
     -1.616617     11.463220     11.463220     22.926440
     -1.606607     11.040644     11.040644     22.081288
     -1.596597     10.185849     10.185849     20.371699
     -1.586587      9.384088      9.384088     18.768177
     -1.576577      9.195819      9.195819     18.391638
     -1.566567     10.104643     10.104643     20.209286
     -1.556557     12.372709     12.372709     24.745419
     -1.546547     15.936666     15.936666     31.873332
     -1.536537     20.373416     20.373416     40.746833
     -1.526527     24.958973     24.958973     49.917945
     -1.516517     28.824103     28.824103     57.648205
     -1.506507     31.174611     31.174611     62.349223
     -1.496496     31.508310     31.508310     63.016620
     -1.486486     29.750573     29.750573     59.501147
     -1.476476     26.258917     26.258917     52.517833
     -1.466466     21.701630     21.701630     43.403260
     -1.456456     16.865916     16.865916     33.731832
     -1.446446     12.470429     12.470429     24.940857
     -1.436436      9.039357      9.039357     18.078714
     -1.426426      6.855683      6.855683     13.711366
     -1.416416      5.974841      5.974841     11.949682
     -1.406406      6.265775      6.265775     12.531550
     -1.396396      7.456911      7.456911     14.913822
     -1.386386      9.186033      9.186033     18.372065
     -1.376376     11.064851     11.064851     22.129702
     -1.366366     12.759532     12.759532     25.519064
     -1.356356     14.065228     14.065228     28.130456
     -1.346346     14.938559     14.938559     29.877118
     -1.336336     15.465847     15.465847     30.931694
     -1.326326     15.782306     15.782306     31.564613
     -1.316316     15.990390     15.990390     31.980779
     -1.306306     16.124847     16.124847     32.249695
     -1.296296     16.174924     16.174924     32.349848
     -1.286286     16.129642     16.129642     32.259285
     -1.276276     15.997891     15.997891     31.995782
     -1.266266     15.783238     15.783238     31.566475
     -1.256256     15.439158     15.439158     30.878315
     -1.246246     14.853026     14.853026     29.706051
     -1.236236     13.886787     13.886787     27.773573
     -1.226226     12.456245     12.456245     24.912490
     -1.216216     10.598291     10.598291     21.196582
     -1.206206      8.481947      8.481947     16.963894
     -1.196196      6.357391      6.357391     12.714781
     -1.186186      4.475994      4.475994      8.951987
     -1.176176      3.026568      3.026568      6.053136
     -1.166166      2.114771      2.114771      4.229543
     -1.156156      1.781425      1.781425      3.562849
     -1.146146      2.033051      2.033051      4.066103
     -1.136136      2.855560      2.855560      5.711120
     -1.126126      4.197629      4.197629      8.395258
     -1.116116      5.933902      5.933902     11.867804
     -1.106106      7.836824      7.836824     15.673648
     -1.096096      9.588892      9.588892     19.177785
     -1.086086     10.849524     10.849524     21.699048
     -1.076076     11.359659     11.359659     22.719318
     -1.066066     11.040411     11.040411     22.080821
     -1.056056     10.037922     10.037922     20.075844
     -1.046046      8.689784      8.689784     17.379569
     -1.036036      7.424649      7.424649     14.849299
     -1.026026      6.633687      6.633687     13.267373
     -1.016016      6.557428      6.557428     13.114855
     -1.006006      7.218913      7.218913     14.437826
     -0.995996      8.417409      8.417409     16.834818
     -0.985986      9.783853      9.783853     19.567707
     -0.975976     10.886682     10.886682     21.773364
     -0.965966     11.360484     11.360484     22.720968
     -0.955956     11.015392     11.015392     22.030784
     -0.945946      9.885553      9.885553     19.771105
     -0.935936      8.197985      8.197985     16.395970
     -0.925926      6.279164      6.279164     12.558329
     -0.915916      4.444217      4.444217      8.888434
     -0.905906      2.915867      2.915867      5.831734
     -0.895896      1.798396      1.798396      3.596791
     -0.885886      1.102200      1.102200      2.204400
     -0.875876      0.794563      0.794563      1.589127
     -0.865866      0.848522      0.848522      1.697045
     -0.855856      1.269439      1.269439      2.538878
     -0.845846      2.090088      2.090088      4.180175
     -0.835836      3.335843      3.335843      6.671686
     -0.825826      4.972501      4.972501      9.945002
     -0.815816      6.860027      6.860027     13.720054
     -0.805806      8.740551      8.740551     17.481102
     -0.795796     10.280208     10.280208     20.560416
     -0.785786     11.160057     11.160057     22.320114
     -0.775776     11.182045     11.182045     22.364090
     -0.765766     10.341043     10.341043     20.682085
     -0.755756      8.826683      8.826683     17.653365
     -0.745746      6.953961      6.953961     13.907922
     -0.735736      5.057360      5.057360     10.114721
     -0.725726      3.397325      3.397325      6.794649
     -0.715716      2.114126      2.114126      4.228252
     -0.705706      1.235399      1.235399      2.470799
     -0.695696      0.719365      0.719365      1.438730
     -0.685686      0.507447      0.507447      1.014894
     -0.675676      0.565606      0.565606      1.131212
     -0.665666      0.903861      0.903861      1.807723
     -0.655656      1.570776      1.570776      3.141553
     -0.645646      2.623700      2.623700      5.247399
     -0.635636      4.080627      4.080627      8.161253
     -0.625626      5.868588      5.868588     11.737176
     -0.615616      7.792852      7.792852     15.585704
     -0.605606      9.551718      9.551718     19.103436
     -0.595596     10.805897     10.805897     21.611794
     -0.585586     11.283103     11.283103     22.566205
     -0.575576     10.873853     10.873853     21.747705
     -0.565566      9.672200      9.672200     19.344399
     -0.555556      7.940611      7.940611     15.881222
     -0.545546      6.016854      6.016854     12.033708
     -0.535536      4.207962      4.207962      8.415925
     -0.525526      2.716196      2.716196      5.432392
     -0.515516      1.618218      1.618218      3.236437
     -0.505506      0.889816      0.889816      1.779631
     -0.495495      0.451596      0.451596      0.903192
     -0.485485      0.211537      0.211537      0.423074
     -0.475475      0.091456      0.091456      0.182911
     -0.465465      0.036494      0.036494      0.072988
     -0.455455      0.013441      0.013441      0.026881
     -0.445445      0.004569      0.004569      0.009138
     -0.435435      0.001434      0.001434      0.002868
     -0.425425      0.000418      0.000418      0.000836
     -0.415415      0.000125      0.000125      0.000250
     -0.405405      0.000087      0.000087      0.000174
     -0.395395      0.000238      0.000238      0.000476
     -0.385385      0.000831      0.000831      0.001662
     -0.375375      0.002741      0.002741      0.005483
     -0.365365      0.008359      0.008359      0.016719
     -0.355355      0.023530      0.023530      0.047059
     -0.345345      0.061129      0.061129      0.122257
     -0.335335      0.146576      0.146576      0.293152
     -0.325325      0.324391      0.324391      0.648782
     -0.315315      0.662615      0.662615      1.325229
     -0.305305      1.249224      1.249224      2.498448
     -0.295295      2.173733      2.173733      4.347466
     -0.285285      3.491074      3.491074      6.982149
     -0.275275      5.174862      5.174862     10.349724
     -0.265265      7.079871      7.079871     14.159742
     -0.255255      8.940025      8.940025     17.880050
     -0.245245     10.419311     10.419311     20.838621
     -0.235235     11.207948     11.207948     22.415895
     -0.225225     11.127562     11.127562     22.255125
     -0.215215     10.196728     10.196728     20.393456
     -0.205205      8.623995      8.623995     17.247990
     -0.195195      6.731983      6.731983     13.463965
     -0.185185      4.850252      4.850252      9.700505
     -0.175175      3.225318      3.225318      6.450636
     -0.165165      1.979555      1.979555      3.959110
     -0.155155      1.121371      1.121371      2.242743
     -0.145145      0.586298      0.586298      1.172596
     -0.135135      0.282927      0.282927      0.565853
     -0.125125      0.126013      0.126013      0.252027
     -0.115115      0.051802      0.051802      0.103604
     -0.105105      0.019654      0.019654      0.039309
     -0.095095      0.006883      0.006883      0.013766
     -0.085085      0.002225      0.002225      0.004449
     -0.075075      0.000664      0.000664      0.001327
     -0.065065      0.000183      0.000183      0.000365
     -0.055055      0.000046      0.000046      0.000093
     -0.045045      0.000011      0.000011      0.000022
     -0.035035      0.000002      0.000002      0.000005
     -0.025025      0.000000      0.000000      0.000001
     -0.015015      0.000000      0.000000      0.000000
     -0.005005      0.000000      0.000000      0.000000
      0.005005      0.000000      0.000000      0.000000
      0.015015      0.000000      0.000000      0.000000
      0.025025      0.000000      0.000000      0.000001
      0.035035      0.000002      0.000002      0.000005
      0.045045      0.000011      0.000011      0.000022
      0.055055      0.000046      0.000046      0.000093
      0.065065      0.000183      0.000183      0.000365
      0.075075      0.000664      0.000664      0.001327
      0.085085      0.002225      0.002225      0.004449
      0.095095      0.006883      0.006883      0.013766
      0.105105      0.019654      0.019654      0.039309
      0.115115      0.051802      0.051802      0.103604
      0.125125      0.126013      0.126013      0.252026
      0.135135      0.282926      0.282926      0.565852
      0.145145      0.586297      0.586297      1.172594
      0.155155      1.121370      1.121370      2.242740
      0.165165      1.979553      1.979553      3.959106
      0.175175      3.225315      3.225315      6.450630
      0.185185      4.850249      4.850249      9.700498
      0.195195      6.731979      6.731979     13.463958
      0.205205      8.623991      8.623991     17.247983
      0.215215     10.196725     10.196725     20.393451
      0.225225     11.127561     11.127561     22.255123
      0.235235     11.207948     11.207948     22.415897
      0.245245     10.419313     10.419313     20.838626
      0.255255      8.940029      8.940029     17.880057
      0.265265      7.079875      7.079875     14.159750
      0.275275      5.174866      5.174866     10.349732
      0.285285      3.491077      3.491077      6.982155
      0.295295      2.173735      2.173735      4.347471
      0.305305      1.249225      1.249225      2.498450
      0.315315      0.662616      0.662616      1.325231
      0.325325      0.324391      0.324391      0.648783
      0.335335      0.146576      0.146576      0.293153
      0.345345      0.061129      0.061129      0.122258
      0.355355      0.023530      0.023530      0.047059
      0.365365      0.008359      0.008359      0.016719
      0.375375      0.002742      0.002742      0.005483
      0.385385      0.000833      0.000833      0.001666
      0.395395      0.000248      0.000248      0.000496
      0.405405      0.000128      0.000128      0.000255
      0.415415      0.000276      0.000276      0.000552
      0.425425      0.000933      0.000933      0.001866
      0.435435      0.003050      0.003050      0.006100
      0.445445      0.009231      0.009231      0.018462
      0.455455      0.025790      0.025790      0.051581
      0.465465      0.066507      0.066507      0.133013
      0.475475      0.158293      0.158293      0.316585
      0.485485      0.347731      0.347731      0.695462
      0.495495      0.705040      0.705040      1.410079
      0.505506      1.319381      1.319381      2.638762
      0.515516      2.278839      2.278839      4.557679
      0.525526      3.632822      3.632822      7.265644
      0.535536      5.345168      5.345168     10.690336
      0.545546      7.258811      7.258811     14.517623
      0.555556      9.098224      9.098224     18.196448
      0.565566     10.525315     10.525315     21.050630
      0.575576     11.238345     11.238345     22.476690
      0.585586     11.075514     11.075514     22.151029
      0.595596     10.074903     10.074903     20.149805
      0.605606      8.460855      8.460855     16.921710
      0.615616      6.564398      6.564398     13.128795
      0.625626      4.718130      4.718130      9.436261
      0.635636      3.174031      3.174031      6.348063
      0.645646      2.073474      2.073474      4.146948
      0.655656      1.467704      1.467704      2.935408
      0.665666      1.363103      1.363103      2.726206
      0.675676      1.759005      1.759005      3.518010
      0.685686      2.655311      2.655311      5.310623
      0.695696      4.025697      4.025697      8.051394
      0.705706      5.772255      5.772255     11.544510
      0.715716      7.691799      7.691799     15.383598
      0.725726      9.485032      9.485032     18.970065
      0.735736     10.822679     10.822679     21.645359
      0.745746     11.452155     11.452155     22.904311
      0.755756     11.300378     11.300378     22.600757
      0.765766     10.521561     10.521561     21.043122
      0.775776      9.460330      9.460330     18.920659
      0.785786      8.539009      8.539009     17.078017
      0.795796      8.111694      8.111694     16.223388
      0.805806      8.340457      8.340457     16.680914
      0.815816      9.138670      9.138670     18.277340
      0.825826     10.201289     10.201289     20.402579
      0.835836     11.111553     11.111553     22.223106
      0.845846     11.485840     11.485840     22.971680
      0.855856     11.102335     11.102335     22.204669
      0.865866      9.964172      9.964172     19.928345
      0.875876      8.275974      8.275974     16.551949
      0.885886      6.351908      6.351908     12.703816
      0.895896      4.502030      4.502030      9.004059
      0.905906      2.945811      2.945811      5.891623
      0.915916      1.779305      1.779305      3.558611
      0.925926      0.992233      0.992233      1.984466
      0.935936      0.511588      0.511588      1.023176
      0.945946      0.246290      0.246290      0.492581
      0.955956      0.117857      0.117857      0.235713
      0.965966      0.074863      0.074863      0.149726
      0.975976      0.096851      0.096851      0.193702
      0.985986      0.194572      0.194572      0.389144
      0.995996      0.410026      0.410026      0.820052
      1.006006      0.814524      0.814524      1.629047
      1.016016      1.498753      1.498753      2.997507
      1.026026      2.548467      2.548467      5.096934
      1.036036      4.005299      4.005299      8.010599
      1.046046      5.823991      5.823991     11.647982
      1.056056      7.848963      7.848963     15.697925
      1.066066      9.834460      9.834460     19.668921
      1.076076     11.515795     11.515795     23.031589
      1.086086     12.708785     12.708785     25.417571
      1.096096     13.388856     13.388856     26.777712
      1.106106     13.702042     13.702042     27.404084
      1.116116     13.894211     13.894211     27.788422
      1.126126     14.193517     14.193517     28.387033
      1.136136     14.710935     14.710935     29.421869
      1.146146     15.411359     15.411359     30.822717
      1.156156     16.160732     16.160732     32.321463
      1.166166     16.807580     16.807580     33.615160
      1.176176     17.244734     17.244734     34.489468
      1.186186     17.425021     17.425021     34.850043
      1.196196     17.345857     17.345857     34.691714
      1.206206     17.035526     17.035526     34.071052
      1.216216     16.555969     16.555969     33.111938
      1.226226     16.005133     16.005133     32.010267
      1.236236     15.491305     15.491305     30.982610
      1.246246     15.075724     15.075724     30.151447
      1.256256     14.716701     14.716701     29.433403
      1.266266     14.262107     14.262107     28.524215
      1.276276     13.510844     13.510844     27.021688
      1.286286     12.316665     12.316665     24.633329
      1.296296     10.677110     10.677110     21.354219
      1.306306      8.760171      8.760171     17.520342
      1.316316      6.862043      6.862043     13.724086
      1.326326      5.328596      5.328596     10.657192
      1.336336      4.483329      4.483329      8.966658
      1.346346      4.583419      4.583419      9.166839
      1.356356      5.794804      5.794804     11.589609
      1.366366      8.163274      8.163274     16.326548
      1.376376     11.572051     11.572051     23.144102
      1.386386     15.705253     15.705253     31.410506
      1.396396     20.055455     20.055455     40.110910
      1.406406     24.002299     24.002299     48.004597
      1.416416     26.950438     26.950438     53.900875
      1.426426     28.475218     28.475218     56.950436
      1.436436     28.414358     28.414358     56.828716
      1.446446     26.873060     26.873060     53.746121
      1.456456     24.157110     24.157110     48.314219
      1.466466     20.679125     20.679125     41.358251
      1.476476     16.879436     16.879436     33.758873
      1.486486     13.176626     13.176626     26.353252
      1.496496      9.939512      9.939512     19.879024
      1.506507      7.467038      7.467038     14.934075
      1.516517      5.970019      5.970019     11.940038
      1.526527      5.555618      5.555618     11.111236
      1.536537      6.216467      6.216467     12.432934
      1.546547      7.826315      7.826315     15.652629
      1.556557     10.147384     10.147384     20.294768
      1.566567     12.858027     12.858027     25.716055
      1.576577     15.605521     15.605521     31.211042
      1.586587     18.076920     18.076920     36.153840
      1.596597     20.068727     20.068727     40.137453
      1.606607     21.532959     21.532959     43.065918
      1.616617     22.584264     22.584264     45.168529
      1.626627     23.463683     23.463683     46.927367
      1.636637     24.464229     24.464229     48.928458
      1.646647     25.832817     25.832817     51.665634
      1.656657     27.674892     27.674892     55.349785
      1.666667     29.897881     29.897881     59.795762
      1.676677     32.225660     32.225660     64.451320
      1.686687     34.290707     34.290707     68.581414
      1.696697     35.770478     35.770478     71.540956
      1.706707     36.502672     36.502672     73.005344
      1.716717     36.515674     36.515674     73.031347
      1.726727     35.954421     35.954421     71.908842
      1.736737     34.947666     34.947666     69.895331
      1.746747     33.506923     33.506923     67.013846
      1.756757     31.533610     31.533610     63.067220
      1.766767     28.940443     28.940443     57.880886
      1.776777     25.811925     25.811925     51.623850
      1.786787     22.494626     22.494626     44.989252
      1.796797     19.545557     19.545557     39.091113
      1.806807     17.549323     17.549323     35.098647
      1.816817     16.887610     16.887610     33.775220
      1.826827     17.568097     17.568097     35.136194
      1.836837     19.190515     19.190515     38.381031
      1.846847     21.067872     21.067872     42.135743
      1.856857     22.458561     22.458561     44.917122
      1.866867     22.821119     22.821119     45.642238
      1.876877     21.992351     21.992351     43.984703
      1.886887     20.218435     20.218435     40.436870
      1.896897     18.029568     18.029568     36.059137
      1.906907     16.016709     16.016709     32.033418
      1.916917     14.611151     14.611151     29.222302
      1.926927     13.962599     13.962599     27.925199
      1.936937     13.960832     13.960832     27.921664
      1.946947     14.374478     14.374478     28.748956
      1.956957     15.022542     15.022542     30.045083
      1.966967     15.879523     15.879523     31.759045
      1.976977     17.053503     17.053503     34.107005
      1.986987     18.651489     18.651489     37.302979
      1.996997     20.617611     20.617611     41.235222
      2.007007     22.653662     22.653662     45.307324
      2.017017     24.287709     24.287709     48.575417
      2.027027     25.066361     25.066361     50.132722
      2.037037     24.764954     24.764954     49.529907
      2.047047     23.491966     23.491966     46.983933
      2.057057     21.624923     21.624923     43.249845
      2.067067     19.616637     19.616637     39.233274
      2.077077     17.786503     17.786503     35.573006
      2.087087     16.213271     16.213271     32.426542
      2.097097     14.777018     14.777018     29.554036
      2.107107     13.308223     13.308223     26.616446
      2.117117     11.748535     11.748535     23.497069
      2.127127     10.236867     10.236867     20.473735
      2.137137      9.088251      9.088251     18.176502
      2.147147      8.690306      8.690306     17.380612
      2.157157      9.370983      9.370983     18.741966
      2.167167     11.286255     11.286255     22.572510
      2.177177     14.354524     14.354524     28.709048
      2.187187     18.244999     18.244999     36.489997
      2.197197     22.417958     22.417958     44.835915
      2.207207     26.211477     26.211477     52.422955
      2.217217     28.964306     28.964306     57.928613
      2.227227     30.154618     30.154618     60.309236
      2.237237     29.522447     29.522447     59.044895
      2.247247     27.137837     27.137837     54.275675
      2.257257     23.385876     23.385876     46.771751
      2.267267     18.866376     18.866376     37.732753
      2.277277     14.240459     14.240459     28.480919
      2.287287     10.080138     10.080138     20.160277
      2.297297      6.774825      6.774825     13.549650
      2.307307      4.520267      4.520267      9.040535
      2.317317      3.376903      3.376903      6.753806
      2.327327      3.356443      3.356443      6.712887
      2.337337      4.489284      4.489284      8.978567
      2.347347      6.839349      6.839349     13.678699
      2.357357     10.457662     10.457662     20.915323
      2.367367     15.291410     15.291410     30.582819
      2.377377     21.085104     21.085104     42.170208
      2.387387     27.319926     27.319926     54.639851
      2.397397     33.232625     33.232625     66.465249
      2.407407     37.933358     37.933358     75.866716
      2.417417     40.604963     40.604963     81.209926
      2.427427     40.725738     40.725738     81.451476
      2.437437     38.233695     38.233695     76.467390
      2.447447     33.561281     33.561281     67.122562
      2.457457     27.518501     27.518501     55.037002
      2.467467     21.068061     21.068061     42.136122
      2.477477     15.082842     15.082842     30.165683
      2.487487     10.176913     10.176913     20.353827
      2.497497      6.657690      6.657690     13.315380
      2.507508      4.586438      4.586438      9.172876
      2.517518      3.890816      3.890816      7.781631
      2.527528      4.464649      4.464649      8.929299
      2.537538      6.212669      6.212669     12.425339
      2.547548      9.033667      9.033667     18.067334
      2.557558     12.766139     12.766139     25.532278
      2.567568     17.135039     17.135039     34.270079
      2.577578     21.734869     21.734869     43.469739
      2.587588     26.067573     26.067573     52.135146
      2.597598     29.631161     29.631161     59.262323
      2.607608     32.033883     32.033883     64.067765
      2.617618     33.095320     33.095320     66.190640
      2.627628     32.895639     32.895639     65.791278
      2.637638     31.751169     31.751169     63.502338
      2.647648     30.124892     30.124892     60.249785
      2.657658     28.509787     28.509787     57.019574
      2.667668     27.332482     27.332482     54.664964
      2.677678     26.906524     26.906524     53.813049
      2.687688     27.430648     27.430648     54.861296
      2.697698     29.001392     29.001392     58.002784
      2.707708     31.607787     31.607787     63.215574
      2.717718     35.097073     35.097073     70.194146
      2.727728     39.130112     39.130112     78.260224
      2.737738     43.166984     43.166984     86.333968
      2.747748     46.524827     46.524827     93.049654
      2.757758     48.524226     48.524226     97.048452
      2.767768     48.692026     48.692026     97.384051
      2.777778     46.940178     46.940178     93.880356
      2.787788     43.626892     43.626892     87.253784
      2.797798     39.449339     39.449339     78.898678
      2.807808     35.200559     35.200559     70.401117
      2.817818     31.497336     31.497336     62.994671
      2.827828     28.602044     28.602044     57.204089
      2.837838     26.409619     26.409619     52.819237
      2.847848     24.585738     24.585738     49.171476
      2.857858     22.775187     22.775187     45.550375
      2.867868     20.781197     20.781197     41.562394
      2.877878     18.644972     18.644972     37.289944
      2.887888     16.606300     16.606300     33.212600
      2.897898     14.977081     14.977081     29.954162
      2.907908     13.993360     13.993360     27.986720
      2.917918     13.717751     13.717751     27.435503
      2.927928     14.038294     14.038294     28.076588
      2.937938     14.758857     14.758857     29.517714
      2.947948     15.723180     15.723180     31.446359
      2.957958     16.890983     16.890983     33.781967
      2.967968     18.310600     18.310600     36.621200
      2.977978     19.998815     19.998815     39.997630
      2.987988     21.805549     21.805549     43.611097
      2.997998     23.362081     23.362081     46.724161
      3.008008     24.166864     24.166864     48.333728
      3.018018     23.777710     23.777710     47.555420
      3.028028     22.009295     22.009295     44.018590
      3.038038     19.028052     19.028052     38.056104
      3.048048     15.296458     15.296458     30.592916
      3.058058     11.403371     11.403371     22.806741
      3.068068      7.871212      7.871212     15.742425
      3.078078      5.026110      5.026110     10.052219
      3.088088      2.967877      2.967877      5.935754
      3.098098      1.621748      1.621748      3.243496
      3.108108      0.824904      0.824904      1.649807
      3.118118      0.404737      0.404737      0.809474
      3.128128      0.228088      0.228088      0.456176
      3.138138      0.222353      0.222353      0.444707
      3.148148      0.379675      0.379675      0.759349
      3.158158      0.753837      0.753837      1.507674
      3.168168      1.451638      1.451638      2.903276
      3.178178      2.612878      2.612878      5.225757
      3.188188      4.371205      4.371205      8.742410
      3.198198      6.794705      6.794705     13.589410
      3.208208      9.819080      9.819080     19.638159
      3.218218     13.200546     13.200546     26.401092
      3.228228     16.519773     16.519773     33.039546
      3.238238     19.254543     19.254543     38.509085
      3.248248     20.909553     20.909553     41.819106
      3.258258     21.160784     21.160784     42.321568
      3.268268     19.957589     19.957589     39.915177
      3.278278     17.539109     17.539109     35.078218
      3.288288     14.357889     14.357889     28.715777
      3.298298     10.943642     10.943642     21.887285
      3.308308      7.762810      7.762810     15.525620
      3.318318      5.124245      5.124245     10.248491
      3.328328      3.154259      3.154259      6.308517
      3.338338      1.832471      1.832471      3.664943
      3.348348      1.059793      1.059793      2.119587
      3.358358      0.727272      0.727272      1.454543
      3.368368      0.764233      0.764233      1.528465
      3.378378      1.156308      1.156308      2.312616
      3.388388      1.932414      1.932414      3.864828
      3.398398      3.125249      3.125249      6.250497
      3.408408      4.716587      4.716587      9.433174
      3.418418      6.588018      6.588018     13.176037
      3.428428      8.504312      8.504312     17.008625
      3.438438     10.150968     10.150968     20.301935
      3.448448     11.225366     11.225366     22.450732
      3.458458     11.550517     11.550517     23.101033
      3.468468     11.160204     11.160204     22.320409
      3.478478     10.310371     10.310371     20.620742
      3.488488      9.403699      9.403699     18.807398
      3.498498      8.855162      8.855162     17.710323
      3.508509      8.953278      8.953278     17.906556
      3.518519      9.772314      9.772314     19.544627
      3.528529     11.166856     11.166856     22.333713
      3.538539     12.844118     12.844118     25.688235
      3.548549     14.476156     14.476156     28.952311
      3.558559     15.798687     15.798687     31.597373
      3.568569     16.654834     16.654834     33.309667
      3.578579     16.977338     16.977338     33.954676
      3.588589     16.740820     16.740820     33.481641
      3.598599     15.930146     15.930146     31.860292
      3.608609     14.550647     14.550647     29.101294
      3.618619     12.667151     12.667151     25.334302
      3.628629     10.432970     10.432970     20.865939
      3.638639      8.077125      8.077125     16.154250
      3.648649      5.849946      5.849946     11.699893
      3.658659      3.956771      3.956771      7.913542
      3.668669      2.515477      2.515477      5.030954
      3.678679      1.555794      1.555794      3.111588
      3.688689      1.053238      1.053238      2.106475
      3.698699      0.974496      0.974496      1.948992
      3.708709      1.309600      1.309600      2.619200
      3.718719      2.074930      2.074930      4.149860
      3.728729      3.284071      3.284071      6.568141
      3.738739      4.897586      4.897586      9.795172
      3.748749      6.775488      6.775488     13.550976
      3.758759      8.661995      8.661995     17.323990
      3.768769     10.223749     10.223749     20.447498
      3.778779     11.138330     11.138330     22.276660
      3.788789     11.200160     11.200160     22.400320
      3.798799     10.394821     10.394821     20.789643
      3.808809      8.904245      8.904245     17.808490
      3.818819      7.039862      7.039862     14.079724
      3.828829      5.137101      5.137101     10.274202
      3.838839      3.459868      3.459868      6.919736
      3.848849      2.150758      2.150758      4.301516
      3.858859      1.234064      1.234064      2.468128
      3.868869      0.653828      0.653828      1.307656
      3.878879      0.320730      0.320730      0.641461
      3.888889      0.148429      0.148429      0.296858
      3.898899      0.072865      0.072865      0.145729
      3.908909      0.058177      0.058177      0.116354
      3.918919      0.096621      0.096621      0.193242
      3.928929      0.208361      0.208361      0.416723
      3.938939      0.442762      0.442762      0.885525
      3.948949      0.878116      0.878116      1.756232
      3.958959      1.613546      1.613546      3.227092
      3.968969      2.747405      2.747405      5.494810
      3.978979      4.342735      4.342735      8.685470
      3.988989      6.391087      6.391087     12.782175
      3.998999      8.794756      8.794756     17.589511
      4.009009     11.384979     11.384979     22.769958
      4.019019     13.975370     13.975370     27.950740
      4.029029     16.423994     16.423994     32.847989
      4.039039     18.663629     18.663629     37.327257
      4.049049     20.674300     20.674300     41.348601
      4.059059     22.411663     22.411663     44.823327
      4.069069     23.742635     23.742635     47.485270
      4.079079     24.444946     24.444946     48.889892
      4.089089     24.290425     24.290425     48.580851
      4.099099     23.175469     23.175469     46.350939
      4.109109     21.224870     21.224870     42.449740
      4.119119     18.802945     18.802945     37.605890
      4.129129     16.414106     16.414106     32.828211
      4.139139     14.534102     14.534102     29.068204
      4.149149     13.449743     13.449743     26.899485
      4.159159     13.180761     13.180761     26.361522
      4.169169     13.516608     13.516608     27.033217
      4.179179     14.144511     14.144511     28.289021
      4.189189     14.801728     14.801728     29.603456
      4.199199     15.377615     15.377615     30.755231
      4.209209     15.924435     15.924435     31.848870
      4.219219     16.589896     16.589896     33.179793
      4.229229     17.524054     17.524054     35.048108
      4.239239     18.812798     18.812798     37.625596
      4.249249     20.454979     20.454979     40.909957
      4.259259     22.363722     22.363722     44.727444
      4.269269     24.367247     24.367247     48.734494
      4.279279     26.211187     26.211187     52.422375
      4.289289     27.590301     27.590301     55.180603
      4.299299     28.228740     28.228740     56.457479
      4.309309     27.986088     27.986088     55.972176
      4.319319     26.930053     26.930053     53.860107
      4.329329     25.325422     25.325422     50.650845
      4.339339     23.542107     23.542107     47.084213
      4.349349     21.938831     21.938831     43.877661
      4.359359     20.786440     20.786440     41.572879
      4.369369     20.250560     20.250560     40.501120
      4.379379     20.399554     20.399554     40.799107
      4.389389     21.190633     21.190633     42.381267
      4.399399     22.426265     22.426265     44.852529
      4.409409     23.726569     23.726569     47.453138
      4.419419     24.578441     24.578441     49.156881
      4.429429     24.478479     24.478479     48.956957
      4.439439     23.116251     23.116251     46.232501
      4.449449     20.503372     20.503372     41.006744
      4.459459     16.976404     16.976404     33.952808
      4.469469     13.072128     13.072128     26.144256
      4.479479      9.342144      9.342144     18.684287
      4.489489      6.196196      6.196196     12.392392
      4.499499      3.833659      3.833659      7.667318
      4.509510      2.268771      2.268771      4.537543
      4.519520      1.413434      1.413434      2.826868
      4.529530      1.169338      1.169338      2.338675
      4.539540      1.492846      1.492846      2.985693
      4.549550      2.415009      2.415009      4.830018
      4.559560      4.014231      4.014231      8.028461
      4.569570      6.350232      6.350232     12.700465
      4.579580      9.379926      9.379926     18.759851
      4.589590     12.888970     12.888970     25.777941
      4.599600     16.478775     16.478775     32.957551
      4.609610     19.635916     19.635916     39.271833
      4.619620     21.876441     21.876441     43.752882
      4.629630     22.914849     22.914849     45.829698
      4.639640     22.782419     22.782419     45.564837
      4.649650     21.832934     21.832934     43.665868
      4.659660     20.624542     20.624542     41.249084
      4.669670     19.727522     19.727522     39.455045
      4.679680     19.542553     19.542553     39.085105
      4.689690     20.201432     20.201432     40.402865
      4.699700     21.572203     21.572203     43.144405
      4.709710     23.337738     23.337738     46.675475
      4.719720     25.094903     25.094903     50.189806
      4.729730     26.438202     26.438202     52.876404
      4.739740     27.025242     27.025242     54.050484
      4.749750     26.639325     26.639325     53.278650
      4.759760     25.252678     25.252678     50.505356
      4.769770     23.067120     23.067120     46.134240
      4.779780     20.496404     20.496404     40.992807
      4.789790     18.073416     18.073416     36.146831
      4.799800     16.306121     16.306121     32.612242
      4.809810     15.539753     15.539753     31.079506
      4.819820     15.883603     15.883603     31.767206
      4.829830     17.225685     17.225685     34.451370
      4.839840     19.310011     19.310011     38.620021
      4.849850     21.822509     21.822509     43.645018
      4.859860     24.442995     24.442995     48.885991
      4.869870     26.861860     26.861860     53.723720
      4.879880     28.795707     28.795707     57.591414
      4.889890     30.033190     30.033190     60.066379
      4.899900     30.501374     30.501374     61.002748
      4.909910     30.301930     30.301930     60.603860
      4.919920     29.667903     29.667903     59.335805
      4.929930     28.842636     28.842636     57.685271
      4.939940     27.943935     27.943935     55.887870
      4.949950     26.897424     26.897424     53.794849
      4.959960     25.484063     25.484063     50.968126
      4.969970     23.476283     23.476283     46.952565
      4.979980     20.785594     20.785594     41.571188
      4.989990     17.543988     17.543988     35.087975
      5.000000     14.085548     14.085548     28.171095
