# EIG2DOS: Utility for SIESTA to obtain the electronic density of states
#  E. Artacho, Apr 1999, A. Garcia, Apr 2012
#  Nick R. Papior, Feb 2017
# ------------------------------------------
# Eigenvalues calculated from a non-polarized calculation
# Eigenvalues read from siesta.EIG
# Kpoint weights read from siesta.KP
# Using smearing parameter:   0.0500
# Using 1000 points in the energy range
# Selected bands: 1 to: 2981
# Emin, Emax in file for selected band(s):    -27.2594386    218.4027350
# Nbands, Nspin, Nk   =   2981     1     1
# E_F                 =    -4.1881 eV --> (shifted to ZERO)
# Broadening          =     0.0500 eV
#
#        E            N(up)  (=)   N(down)         Ntot
     -5.000000     32.614369     32.614369     65.228737
     -4.989990     37.970120     37.970120     75.940241
     -4.979980     42.867500     42.867500     85.735000
     -4.969970     46.410813     46.410813     92.821626
     -4.959960     47.911875     47.911875     95.823750
     -4.949950     47.123845     47.123845     94.247689
     -4.939940     44.325941     44.325941     88.651883
     -4.929930     40.244072     40.244072     80.488144
     -4.919920     35.865038     35.865038     71.730076
     -4.909910     32.223928     32.223928     64.447855
     -4.899900     30.214200     30.214200     60.428399
     -4.889890     30.427545     30.427545     60.855090
     -4.879880     33.019216     33.019216     66.038432
     -4.869870     37.621856     37.621856     75.243713
     -4.859860     43.362311     43.362311     86.724623
     -4.849850     49.027626     49.027626     98.055251
     -4.839840     53.366626     53.366626    106.733251
     -4.829830     55.436084     55.436084    110.872167
     -4.819820     54.859376     54.859376    109.718752
     -4.809810     51.893501     51.893501    103.787003
     -4.799800     47.284825     47.284825     94.569649
     -4.789790     41.987017     41.987017     83.974034
     -4.779780     36.865667     36.865667     73.731334
     -4.769770     32.500793     32.500793     65.001586
     -4.759760     29.136779     29.136779     58.273557
     -4.749750     26.757793     26.757793     53.515586
     -4.739740     25.220726     25.220726     50.441451
     -4.729730     24.370897     24.370897     48.741795
     -4.719720     24.091494     24.091494     48.182987
     -4.709710     24.279763     24.279763     48.559525
     -4.699700     24.784605     24.784605     49.569209
     -4.689690     25.364577     25.364577     50.729155
     -4.679680     25.718483     25.718483     51.436967
     -4.669670     25.600503     25.600503     51.201006
     -4.659660     24.976110     24.976110     49.952219
     -4.649650     24.135376     24.135376     48.270752
     -4.639640     23.682739     23.682739     47.365478
     -4.629630     24.370307     24.370307     48.740613
     -4.619620     26.814639     26.814639     53.629278
     -4.609610     31.201900     31.201900     62.403800
     -4.599600     37.112511     37.112511     74.225021
     -4.589590     43.565522     43.565522     87.131044
     -4.579580     49.298015     49.298015     98.596029
     -4.569570     53.187162     53.187162    106.374325
     -4.559560     54.644933     54.644933    109.289865
     -4.549550     53.814796     53.814796    107.629592
     -4.539540     51.484551     51.484551    102.969101
     -4.529530     48.757433     48.757433     97.514865
     -4.519520     46.627770     46.627770     93.255540
     -4.509510     45.637284     45.637284     91.274569
     -4.499499     45.737774     45.737774     91.475548
     -4.489489     46.388740     46.388740     92.777481
     -4.479479     46.822614     46.822614     93.645228
     -4.469469     46.354141     46.354141     92.708282
     -4.459459     44.611043     44.611043     89.222086
     -4.449449     41.613228     41.613228     83.226455
     -4.439439     37.701791     37.701791     75.403581
     -4.429429     33.382104     33.382104     66.764208
     -4.419419     29.168489     29.168489     58.336979
     -4.409409     25.492713     25.492713     50.985425
     -4.399399     22.683539     22.683539     45.367078
     -4.389389     20.977063     20.977063     41.954127
     -4.379379     20.509339     20.509339     41.018679
     -4.369369     21.276712     21.276712     42.553423
     -4.359359     23.095526     23.095526     46.191053
     -4.349349     25.612373     25.612373     51.224747
     -4.339339     28.391306     28.391306     56.782611
     -4.329329     31.053449     31.053449     62.106897
     -4.319319     33.404466     33.404466     66.808931
     -4.309309     35.483875     35.483875     70.967749
     -4.299299     37.506199     37.506199     75.012398
     -4.289289     39.714122     39.714122     79.428245
     -4.279279     42.202865     42.202865     84.405730
     -4.269269     44.790162     44.790162     89.580325
     -4.259259     46.995696     46.995696     93.991392
     -4.249249     48.159041     48.159041     96.318082
     -4.239239     47.670685     47.670685     95.341369
     -4.229229     45.232816     45.232816     90.465631
     -4.219219     41.035574     41.035574     82.071148
     -4.209209     35.757329     35.757329     71.514657
     -4.199199     30.373265     30.373265     60.746529
     -4.189189     25.847947     25.847947     51.695894
     -4.179179     22.842892     22.842892     45.685785
     -4.169169     21.559028     21.559028     43.118057
     -4.159159     21.765991     21.765991     43.531982
     -4.149149     22.984820     22.984820     45.969641
     -4.139139     24.728701     24.728701     49.457402
     -4.129129     26.690115     26.690115     53.380229
     -4.119119     28.793060     28.793060     57.586120
     -4.109109     31.093033     31.093033     62.186065
     -4.099099     33.583059     33.583059     67.166118
     -4.089089     36.019701     36.019701     72.039401
     -4.079079     37.885122     37.885122     75.770243
     -4.069069     38.535840     38.535840     77.071681
     -4.059059     37.482111     37.482111     74.964222
     -4.049049     34.656370     34.656370     69.312739
     -4.039039     30.523779     30.523779     61.047557
     -4.029029     25.971301     25.971301     51.942603
     -4.019019     22.031028     22.031028     44.062055
     -4.009009     19.572672     19.572672     39.145344
     -3.998999     19.096025     19.096025     38.192050
     -3.988989     20.682415     20.682415     41.364829
     -3.978979     24.079386     24.079386     48.158772
     -3.968969     28.844856     28.844856     57.689712
     -3.958959     34.481571     34.481571     68.963142
     -3.948949     40.529801     40.529801     81.059602
     -3.938939     46.621037     46.621037     93.242074
     -3.928929     52.504564     52.504564    105.009129
     -3.918919     58.045043     58.045043    116.090087
     -3.908909     63.176833     63.176833    126.353666
     -3.898899     67.812195     67.812195    135.624390
     -3.888889     71.734169     71.734169    143.468339
     -3.878879     74.534345     74.534345    149.068690
     -3.868869     75.651504     75.651504    151.303009
     -3.858859     74.523057     74.523057    149.046113
     -3.848849     70.800757     70.800757    141.601515
     -3.838839     64.541684     64.541684    129.083367
     -3.828829     56.288514     56.288514    112.577029
     -3.818819     46.997371     46.997371     93.994743
     -3.808809     37.832672     37.832672     75.665344
     -3.798799     29.897226     29.897226     59.794451
     -3.788789     23.983422     23.983422     47.966845
     -3.778779     20.416388     20.416388     40.832777
     -3.768769     19.024733     19.024733     38.049466
     -3.758759     19.235505     19.235505     38.471011
     -3.748749     20.259521     20.259521     40.519042
     -3.738739     21.316263     21.316263     42.632525
     -3.728729     21.843407     21.843407     43.686814
     -3.718719     21.641826     21.641826     43.283652
     -3.708709     20.920242     20.920242     41.840483
     -3.698699     20.223575     20.223575     40.447151
     -3.688689     20.255394     20.255394     40.510787
     -3.678679     21.635758     21.635758     43.271516
     -3.668669     24.664158     24.664158     49.328316
     -3.658659     29.169516     29.169516     58.339031
     -3.648649     34.511246     34.511246     69.022493
     -3.638639     39.743783     39.743783     79.487566
     -3.628629     43.889273     43.889273     87.778545
     -3.618619     46.214131     46.214131     92.428261
     -3.608609     46.405616     46.405616     92.811233
     -3.598599     44.596779     44.596779     89.193557
     -3.588589     41.259569     41.259569     82.519138
     -3.578579     37.032757     37.032757     74.065515
     -3.568569     32.552306     32.552306     65.104612
     -3.558559     28.322461     28.322461     56.644922
     -3.548549     24.638549     24.638549     49.277099
     -3.538539     21.564850     21.564850     43.129699
     -3.528529     18.972705     18.972705     37.945410
     -3.518519     16.635002     16.635002     33.270003
     -3.508509     14.349268     14.349268     28.698535
     -3.498498     12.041328     12.041328     24.082655
     -3.488488      9.805905      9.805905     19.611810
     -3.478478      7.870967      7.870967     15.741933
     -3.468468      6.508350      6.508350     13.016701
     -3.458458      5.931536      5.931536     11.863073
     -3.448448      6.216967      6.216967     12.433934
     -3.438438      7.270385      7.270385     14.540771
     -3.428428      8.847492      8.847492     17.694984
     -3.418418     10.629403     10.629403     21.258807
     -3.408408     12.339049     12.339049     24.678098
     -3.398398     13.862123     13.862123     27.724246
     -3.388388     15.318626     15.318626     30.637251
     -3.378378     17.038626     17.038626     34.077252
     -3.368368     19.435650     19.435650     38.871300
     -3.358358     22.824276     22.824276     45.648551
     -3.348348     27.260524     27.260524     54.521048
     -3.338338     32.471122     32.471122     64.942243
     -3.328328     37.889570     37.889570     75.779140
     -3.318318     42.768998     42.768998     85.537995
     -3.308308     46.326300     46.326300     92.652599
     -3.298298     47.888964     47.888964     95.777927
     -3.288288     47.034910     47.034910     94.069820
     -3.278278     43.709669     43.709669     87.419339
     -3.268268     38.281765     38.281765     76.563531
     -3.258258     31.491848     31.491848     62.983697
     -3.248248     24.287668     24.287668     48.575337
     -3.238238     17.597103     17.597103     35.194207
     -3.228228     12.128438     12.128438     24.256876
     -3.218218      8.269729      8.269729     16.539457
     -3.208208      6.100559      6.100559     12.201119
     -3.198198      5.473907      5.473907     10.947813
     -3.188188      6.109694      6.109694     12.219388
     -3.178178      7.666575      7.666575     15.333149
     -3.168168      9.795818      9.795818     19.591636
     -3.158158     12.197798     12.197798     24.395595
     -3.148148     14.685507     14.685507     29.371014
     -3.138138     17.227720     17.227720     34.455440
     -3.128128     19.929216     19.929216     39.858432
     -3.118118     22.928906     22.928906     45.857811
     -3.108108     26.250005     26.250005     52.500011
     -3.098098     29.682587     29.682587     59.365173
     -3.088088     32.778489     32.778489     65.556978
     -3.078078     34.982071     34.982071     69.964141
     -3.068068     35.839377     35.839377     71.678753
     -3.058058     35.176565     35.176565     70.353130
     -3.048048     33.153119     33.153119     66.306238
     -3.038038     30.169179     30.169179     60.338359
     -3.028028     26.691068     26.691068     53.382137
     -3.018018     23.099316     23.099316     46.198633
     -3.008008     19.636094     19.636094     39.272188
     -2.997998     16.458011     16.458011     32.916022
     -2.987988     13.736556     13.736556     27.473113
     -2.977978     11.730447     11.730447     23.460895
     -2.967968     10.782967     10.782967     21.565935
     -2.957958     11.244051     11.244051     22.488102
     -2.947948     13.350887     13.350887     26.701773
     -2.937938     17.111575     17.111575     34.223150
     -2.927928     22.231961     22.231961     44.463922
     -2.917918     28.116037     28.116037     56.232074
     -2.907908     33.955736     33.955736     67.911471
     -2.897898     38.901370     38.901370     77.802740
     -2.887888     42.270792     42.270792     84.541585
     -2.877878     43.727619     43.727619     87.455238
     -2.867868     43.356352     43.356352     86.712704
     -2.857858     41.595775     41.595775     83.191550
     -2.847848     39.052120     39.052120     78.104241
     -2.837838     36.271248     36.271248     72.542496
     -2.827828     33.571204     33.571204     67.142407
     -2.817818     31.006504     31.006504     62.013007
     -2.807808     28.466673     28.466673     56.933346
     -2.797798     25.841822     25.841822     51.683643
     -2.787788     23.157236     23.157236     46.314473
     -2.777778     20.604332     20.604332     41.208665
     -2.767768     18.460680     18.460680     36.921360
     -2.757758     16.957698     16.957698     33.915397
     -2.747748     16.181817     16.181817     32.363633
     -2.737738     16.067728     16.067728     32.135457
     -2.727728     16.478447     16.478447     32.956893
     -2.717718     17.307713     17.307713     34.615425
     -2.707708     18.526335     18.526335     37.052670
     -2.697698     20.137033     20.137033     40.274065
     -2.687688     22.074151     22.074151     44.148302
     -2.677678     24.133323     24.133323     48.266647
     -2.667668     26.002386     26.002386     52.004773
     -2.657658     27.393774     27.393774     54.787548
     -2.647648     28.200057     28.200057     56.400115
     -2.637638     28.567770     28.567770     57.135541
     -2.627628     28.833019     28.833019     57.666039
     -2.617618     29.352000     29.352000     58.704000
     -2.607608     30.325159     30.325159     60.650317
     -2.597598     31.709476     31.709476     63.418952
     -2.587588     33.248117     33.248117     66.496235
     -2.577578     34.574396     34.574396     69.148791
     -2.567568     35.320484     35.320484     70.640968
     -2.557558     35.190212     35.190212     70.380425
     -2.547548     34.003114     34.003114     68.006228
     -2.537538     31.737574     31.737574     63.475147
     -2.527528     28.579950     28.579950     57.159900
     -2.517518     24.949918     24.949918     49.899836
     -2.507508     21.458900     21.458900     42.917800
     -2.497497     18.784288     18.784288     37.568575
     -2.487487     17.489367     17.489367     34.978735
     -2.477477     17.854787     17.854787     35.709573
     -2.467467     19.790654     19.790654     39.581308
     -2.457457     22.869271     22.869271     45.738542
     -2.447447     26.471797     26.471797     52.943594
     -2.437437     29.996207     29.996207     59.992413
     -2.427427     33.045461     33.045461     66.090921
     -2.417417     35.516970     35.516970     71.033940
     -2.407407     37.551445     37.551445     75.102889
     -2.397397     39.360904     39.360904     78.721808
     -2.387387     41.016981     41.016981     82.033961
     -2.377377     42.310338     42.310338     84.620677
     -2.367367     42.767698     42.767698     85.535397
     -2.357357     41.837386     41.837386     83.674771
     -2.347347     39.162480     39.162480     78.324960
     -2.337337     34.805908     34.805908     69.611815
     -2.327327     29.311981     29.311981     58.623963
     -2.317317     23.575102     23.575102     47.150204
     -2.307307     18.584446     18.584446     37.168892
     -2.297297     15.162991     15.162991     30.325982
     -2.287287     13.798015     13.798015     27.596031
     -2.277277     14.595591     14.595591     29.191182
     -2.267267     17.331811     17.331811     34.663622
     -2.257257     21.549150     21.549150     43.098301
     -2.247247     26.655661     26.655661     53.311323
     -2.237237     32.007106     32.007106     64.014212
     -2.227227     36.970012     36.970012     73.940023
     -2.217217     40.972108     40.972108     81.944217
     -2.207207     43.548824     43.548824     87.097647
     -2.197197     44.392928     44.392928     88.785856
     -2.187187     43.407365     43.407365     86.814731
     -2.177177     40.747486     40.747486     81.494971
     -2.167167     36.824273     36.824273     73.648546
     -2.157157     32.238987     32.238987     64.477974
     -2.147147     27.643535     27.643535     55.287069
     -2.137137     23.563820     23.563820     47.127641
     -2.127127     20.258126     20.258126     40.516252
     -2.117117     17.679087     17.679087     35.358174
     -2.107107     15.559677     15.559677     31.119354
     -2.097097     13.578353     13.578353     27.156706
     -2.087087     11.519193     11.519193     23.038385
     -2.077077      9.354546      9.354546     18.709092
     -2.067067      7.229110      7.229110     14.458220
     -2.057057      5.378105      5.378105     10.756210
     -2.047047      4.034876      4.034876      8.069753
     -2.037037      3.367930      3.367930      6.735861
     -2.027027      3.453963      3.453963      6.907925
     -2.017017      4.269562      4.269562      8.539124
     -2.007007      5.684859      5.684859     11.369718
     -1.996997      7.461471      7.461471     14.922942
     -1.986987      9.274849      9.274849     18.549697
     -1.976977     10.779341     10.779341     21.558681
     -1.966967     11.709974     11.709974     23.419948
     -1.956957     11.983649     11.983649     23.967298
     -1.946947     11.747974     11.747974     23.495947
     -1.936937     11.342737     11.342737     22.685474
     -1.926927     11.180230     11.180230     22.360461
     -1.916917     11.592119     11.592119     23.184238
     -1.906907     12.707572     12.707572     25.415144
     -1.896897     14.411041     14.411041     28.822082
     -1.886887     16.389834     16.389834     32.779667
     -1.876877     18.243824     18.243824     36.487647
     -1.866867     19.610990     19.610990     39.221979
     -1.856857     20.267031     20.267031     40.534062
     -1.846847     20.175011     20.175011     40.350021
     -1.836837     19.477953     19.477953     38.955907
     -1.826827     18.438373     18.438373     36.876747
     -1.816817     17.339229     17.339229     34.678457
     -1.806807     16.376013     16.376013     32.752026
     -1.796797     15.582764     15.582764     31.165527
     -1.786787     14.829753     14.829753     29.659505
     -1.776777     13.899725     13.899725     27.799449
     -1.766767     12.606889     12.606889     25.213777
     -1.756757     10.897396     10.897396     21.794792
     -1.746747      8.881687      8.881687     17.763375
     -1.736737      6.790626      6.790626     13.581253
     -1.726727      4.889733      4.889733      9.779465
     -1.716717      3.401504      3.401504      6.803008
     -1.706707      2.468984      2.468984      4.937969
     -1.696697      2.160847      2.160847      4.321693
     -1.686687      2.492791      2.492791      4.985581
     -1.676677      3.436213      3.436213      6.872426
     -1.666667      4.901875      4.901875      9.803750
     -1.656657      6.711476      6.711476     13.422952
     -1.646647      8.587606      8.587606     17.175212
     -1.636637     10.190414     10.190414     20.380827
     -1.626627     11.206033     11.206033     22.412065
     -1.616617     11.459533     11.459533     22.919066
     -1.606607     11.004263     11.004263     22.008527
     -1.596597     10.144357     10.144357     20.288714
     -1.586587      9.375054      9.375054     18.750108
     -1.576577      9.257992      9.257992     18.515984
     -1.566567     10.267654     10.267654     20.535307
     -1.556557     12.647222     12.647222     25.294444
     -1.546547     16.307167     16.307167     32.614334
     -1.536537     20.796305     20.796305     41.592610
     -1.526527     25.368377     25.368377     50.736755
     -1.516517     29.145829     29.145829     58.291658
     -1.506507     31.345119     31.345119     62.690238
     -1.496496     31.492537     31.492537     62.985074
     -1.486486     29.551927     29.551927     59.103854
     -1.476476     25.917630     25.917630     51.835260
     -1.466466     21.282537     21.282537     42.565075
     -1.456456     16.440878     16.440878     32.881757
     -1.446446     12.101989     12.101989     24.203979
     -1.436436      8.770324      8.770324     17.540649
     -1.426426      6.705701      6.705701     13.411402
     -1.416416      5.941994      5.941994     11.883988
     -1.406406      6.330447      6.330447     12.660894
     -1.396396      7.586433      7.586433     15.172866
     -1.386386      9.340442      9.340442     18.680884
     -1.376376     11.204459     11.204459     22.408917
     -1.366366     12.853417     12.853417     25.706834
     -1.356356     14.097667     14.097667     28.195335
     -1.346346     14.909973     14.909973     29.819945
     -1.336336     15.387169     15.387169     30.774338
     -1.326326     15.665546     15.665546     31.331091
     -1.316316     15.840711     15.840711     31.681423
     -1.306306     15.938839     15.938839     31.877678
     -1.296296     15.946062     15.946062     31.892124
     -1.286286     15.857762     15.857762     31.715524
     -1.276276     15.697164     15.697164     31.394329
     -1.266266     15.483906     15.483906     30.967812
     -1.256256     15.181372     15.181372     30.362745
     -1.246246     14.674998     14.674998     29.349996
     -1.236236     13.812247     13.812247     27.624494
     -1.226226     12.486708     12.486708     24.973415
     -1.216216     10.713446     10.713446     21.426892
     -1.206206      8.647716      8.647716     17.295432
     -1.196196      6.537787      6.537787     13.075575
     -1.186186      4.643761      4.643761      9.287521
     -1.176176      3.169002      3.169002      6.338004
     -1.166166      2.233883      2.233883      4.467766
     -1.156156      1.889791      1.889791      3.779583
     -1.146146      2.147440      2.147440      4.294880
     -1.136136      2.989991      2.989991      5.979981
     -1.126126      4.357155      4.357155      8.714309
     -1.116116      6.110542      6.110542     12.221085
     -1.106106      8.009406      8.009406     16.018812
     -1.096096      9.727941      9.727941     19.455883
     -1.086086     10.926384     10.926384     21.852768
     -1.076076     11.356553     11.356553     22.713105
     -1.066066     10.956941     10.956941     21.913882
     -1.056056      9.890890      9.890890     19.781779
     -1.046046      8.506558      8.506558     17.013117
     -1.036036      7.233628      7.233628     14.467257
     -1.026026      6.456497      6.456497     12.912993
     -1.016016      6.405873      6.405873     12.811746
     -1.006006      7.096689      7.096689     14.193378
     -0.995996      8.324159      8.324159     16.648319
     -0.985986      9.718633      9.718633     19.437267
     -0.975976     10.849112     10.849112     21.698223
     -0.965966     11.349753     11.349753     22.699506
     -0.955956     11.028578     11.028578     22.057155
     -0.945946      9.916819      9.916819     19.833638
     -0.935936      8.239344      8.239344     16.478689
     -0.925926      6.322354      6.322354     12.644707
     -0.915916      4.482604      4.482604      8.965208
     -0.905906      2.945443      2.945443      5.890885
     -0.895896      1.817526      1.817526      3.635052
     -0.885886      1.110466      1.110466      2.220931
     -0.875876      0.791344      0.791344      1.582688
     -0.865866      0.832005      0.832005      1.664010
     -0.855856      1.236563      1.236563      2.473127
     -0.845846      2.037695      2.037695      4.075390
     -0.835836      3.262873      3.262873      6.525747
     -0.825826      4.882520      4.882520      9.765039
     -0.815816      6.762801      6.762801     13.525601
     -0.805806      8.651347      8.651347     17.302695
     -0.795796     10.216303     10.216303     20.432606
     -0.785786     11.135399     11.135399     22.270798
     -0.775776     11.202327     11.202327     22.404655
     -0.765766     10.401572     10.401572     20.803145
     -0.755756      8.914146      8.914146     17.828291
     -0.745746      7.051174      7.051174     14.102349
     -0.735736      5.148697      5.148697     10.297394
     -0.725726      3.472487      3.472487      6.944974
     -0.715716      2.169170      2.169170      4.338340
     -0.705706      1.271399      1.271399      2.542799
     -0.695696      0.739977      0.739977      1.479954
     -0.685686      0.516622      0.516622      1.033243
     -0.675676      0.566159      0.566159      1.132318
     -0.665666      0.897032      0.897032      1.794064
     -0.655656      1.556602      1.556602      3.113204
     -0.645646      2.601931      2.601931      5.203862
     -0.635636      4.051870      4.051870      8.103739
     -0.625626      5.835258      5.835258     11.670515
     -0.615616      7.759465      7.759465     15.518931
     -0.605606      9.524194      9.524194     19.048388
     -0.595596     10.789951     10.789951     21.579902
     -0.585586     11.282341     11.282341     22.564683
     -0.575576     10.888453     10.888453     21.776906
     -0.565566      9.698846      9.698846     19.397692
     -0.555556      7.973717      7.973717     15.947433
     -0.545546      6.050460      6.050460     12.100920
     -0.535536      4.237433      4.237433      8.474866
     -0.525526      2.739076      2.739076      5.478153
     -0.515516      1.634151      1.634151      3.268303
     -0.505506      0.899844      0.899844      1.799688
     -0.495495      0.457329      0.457329      0.914659
     -0.485485      0.214525      0.214525      0.429050
     -0.475475      0.092878      0.092878      0.185756
     -0.465465      0.037114      0.037114      0.074228
     -0.455455      0.013688      0.013688      0.027376
     -0.445445      0.004660      0.004660      0.009319
     -0.435435      0.001465      0.001465      0.002929
     -0.425425      0.000428      0.000428      0.000855
     -0.415415      0.000128      0.000128      0.000257
     -0.405405      0.000090      0.000090      0.000179
     -0.395395      0.000244      0.000244      0.000489
     -0.385385      0.000852      0.000852      0.001704
     -0.375375      0.002806      0.002806      0.005613
     -0.365365      0.008544      0.008544      0.017087
     -0.355355      0.024009      0.024009      0.048019
     -0.345345      0.062274      0.062274      0.124548
     -0.335335      0.149080      0.149080      0.298159
     -0.325325      0.329395      0.329395      0.658789
     -0.315315      0.671741      0.671741      1.343482
     -0.305305      1.264369      1.264369      2.528737
     -0.295295      2.196506      2.196506      4.393013
     -0.285285      3.521909      3.521909      7.043817
     -0.275275      5.212074      5.212074     10.424148
     -0.265265      7.119179      7.119179     14.238358
     -0.255255      8.975034      8.975034     17.950068
     -0.245245     10.443093     10.443093     20.886185
     -0.235235     11.215251     11.215251     22.430503
     -0.225225     11.116696     11.116696     22.233393
     -0.215215     10.170196     10.170196     20.340392
     -0.205205      8.587559      8.587559     17.175119
     -0.195195      6.692633      6.692633     13.385267
     -0.185185      4.814056      4.814056      9.628113
     -0.175175      3.196040      3.196040      6.392079
     -0.165165      1.958394      1.958394      3.916787
     -0.155155      1.107579      1.107579      2.215158
     -0.145145      0.578144      0.578144      1.156288
     -0.135135      0.278538      0.278538      0.557076
     -0.125125      0.123857      0.123857      0.247714
     -0.115115      0.050833      0.050833      0.101665
     -0.105105      0.019255      0.019255      0.038511
     -0.095095      0.006732      0.006732      0.013464
     -0.085085      0.002172      0.002172      0.004345
     -0.075075      0.000647      0.000647      0.001294
     -0.065065      0.000178      0.000178      0.000356
     -0.055055      0.000045      0.000045      0.000090
     -0.045045      0.000011      0.000011      0.000021
     -0.035035      0.000002      0.000002      0.000005
     -0.025025      0.000000      0.000000      0.000001
     -0.015015      0.000000      0.000000      0.000000
     -0.005005      0.000000      0.000000      0.000000
      0.005005      0.000000      0.000000      0.000000
      0.015015      0.000000      0.000000      0.000000
      0.025025      0.000000      0.000000      0.000001
      0.035035      0.000002      0.000002      0.000005
      0.045045      0.000011      0.000011      0.000021
      0.055055      0.000045      0.000045      0.000090
      0.065065      0.000178      0.000178      0.000356
      0.075075      0.000647      0.000647      0.001294
      0.085085      0.002172      0.002172      0.004345
      0.095095      0.006732      0.006732      0.013464
      0.105105      0.019255      0.019255      0.038511
      0.115115      0.050832      0.050832      0.101665
      0.125125      0.123857      0.123857      0.247713
      0.135135      0.278538      0.278538      0.557075
      0.145145      0.578143      0.578143      1.156287
      0.155155      1.107578      1.107578      2.215155
      0.165165      1.958392      1.958392      3.916783
      0.175175      3.196037      3.196037      6.392073
      0.185185      4.814053      4.814053      9.628106
      0.195195      6.692630      6.692630     13.385259
      0.205205      8.587556      8.587556     17.175112
      0.215215     10.170193     10.170193     20.340387
      0.225225     11.116695     11.116695     22.233390
      0.235235     11.215252     11.215252     22.430504
      0.245245     10.443095     10.443095     20.886190
      0.255255      8.975037      8.975037     17.950075
      0.265265      7.119183      7.119183     14.238366
      0.275275      5.212078      5.212078     10.424155
      0.285285      3.521912      3.521912      7.043824
      0.295295      2.196509      2.196509      4.393017
      0.305305      1.264370      1.264370      2.528740
      0.315315      0.671742      0.671742      1.343483
      0.325325      0.329395      0.329395      0.658790
      0.335335      0.149080      0.149080      0.298160
      0.345345      0.062274      0.062274      0.124548
      0.355355      0.024010      0.024010      0.048019
      0.365365      0.008544      0.008544      0.017088
      0.375375      0.002807      0.002807      0.005613
      0.385385      0.000854      0.000854      0.001707
      0.395395      0.000252      0.000252      0.000503
      0.405405      0.000119      0.000119      0.000238
      0.415415      0.000238      0.000238      0.000476
      0.425425      0.000804      0.000804      0.001608
      0.435435      0.002652      0.002652      0.005305
      0.445445      0.008106      0.008106      0.016212
      0.455455      0.022869      0.022869      0.045737
      0.465465      0.059548      0.059548      0.119096
      0.475475      0.143114      0.143114      0.286228
      0.485485      0.317456      0.317456      0.634911
      0.495495      0.649937      0.649937      1.299874
      0.505506      1.228136      1.228136      2.456271
      0.515516      2.141945      2.141945      4.283889
      0.525526      3.447918      3.447918      6.895836
      0.535536      5.122625      5.122625     10.245250
      0.545546      7.024493      7.024493     14.048987
      0.555556      8.890464      8.890464     17.780927
      0.565566     10.385348     10.385348     20.770697
      0.575576     11.197113     11.197113     22.394226
      0.585586     11.142527     11.142527     22.285055
      0.595596     10.234593     10.234593     20.469186
      0.605606      8.678220      8.678220     17.356440
      0.615616      6.796897      6.796897     13.593795
      0.625626      4.927876      4.927876      9.855752
      0.635636      3.334927      3.334927      6.669854
      0.645646      2.171394      2.171394      4.342788
      0.655656      1.495635      1.495635      2.991269
      0.665666      1.315432      1.315432      2.630864
      0.675676      1.629104      1.629104      3.258208
      0.685686      2.438661      2.438661      4.877322
      0.695696      3.727763      3.727763      7.455526
      0.705706      5.417166      5.417166     10.834332
      0.715716      7.325988      7.325988     14.651976
      0.725726      9.171004      9.171004     18.342008
      0.735736     10.622491     10.622491     21.244982
      0.745746     11.406238     11.406238     22.812476
      0.755756     11.411294     11.411294     22.822588
      0.765766     10.751080     10.751080     21.502159
      0.775776      9.742019      9.742019     19.484038
      0.785786      8.801012      8.801012     17.602025
      0.795796      8.300008      8.300008     16.600015
      0.805806      8.433786      8.433786     16.867571
      0.815816      9.150504      9.150504     18.301008
      0.825826     10.170182     10.170182     20.340363
      0.835836     11.084485     11.084485     22.168969
      0.845846     11.501185     11.501185     23.002371
      0.855856     11.178340     11.178340     22.356680
      0.865866     10.096287     10.096287     20.192573
      0.875876      8.442647      8.442647     16.885294
      0.885886      6.525133      6.525133     13.050266
      0.895896      4.657578      4.657578      9.315155
      0.905906      3.069323      3.069323      6.138646
      0.915916      1.867168      1.867168      3.734335
      0.925926      1.048688      1.048688      2.097375
      0.935936      0.544564      0.544564      1.089128
      0.945946      0.263986      0.263986      0.527971
      0.955956      0.126939      0.126939      0.253878
      0.965966      0.080158      0.080158      0.160316
      0.975976      0.101937      0.101937      0.203875
      0.985986      0.202696      0.202696      0.405392
      0.995996      0.424884      0.424884      0.849768
      1.006006      0.840537      0.840537      1.681075
      1.016016      1.540525      1.540525      3.081049
      1.026026      2.609255      2.609255      5.218509
      1.036036      4.084811      4.084811      8.169622
      1.046046      5.916401      5.916401     11.832802
      1.056056      7.942466      7.942466     15.884931
      1.066066      9.913381      9.913381     19.826763
      1.076076     11.565124     11.565124     23.130247
      1.086086     12.719538     12.719538     25.439076
      1.096096     13.361857     13.361857     26.723714
      1.106106     13.648294     13.648294     27.296588
      1.116116     13.831722     13.831722     27.663443
      1.126126     14.142161     14.142161     28.284322
      1.136136     14.687508     14.687508     29.375016
      1.146146     15.426181     15.426181     30.852363
      1.156156     16.215926     16.215926     32.431853
      1.166166     16.896540     16.896540     33.793080
      1.176176     17.352745     17.352745     34.705490
      1.186186     17.531696     17.531696     35.063393
      1.196196     17.429868     17.429868     34.859735
      1.206206     17.080748     17.080748     34.161495
      1.216216     16.556555     16.556555     33.113110
      1.226226     15.966769     15.966769     31.933538
      1.236236     15.427642     15.427642     30.855283
      1.246246     15.001779     15.001779     30.003558
      1.256256     14.642825     14.642825     29.285650
      1.266266     14.191607     14.191607     28.383213
      1.276276     13.441936     13.441936     26.883873
      1.286286     12.246856     12.246856     24.493713
      1.296296     10.607175     10.607175     21.214350
      1.306306      8.695887      8.695887     17.391775
      1.316316      6.813684      6.813684     13.627368
      1.326326      5.309354      5.309354     10.618708
      1.336336      4.507631      4.507631      9.015262
      1.346346      4.665002      4.665002      9.330004
      1.356356      5.943601      5.943601     11.887201
      1.366366      8.380626      8.380626     16.761253
      1.376376     11.845428     11.845428     23.690856
      1.386386     16.005424     16.005424     32.010847
      1.396396     20.339272     20.339272     40.678545
      1.406406     24.222076     24.222076     48.444152
      1.416416     27.067197     27.067197     54.134394
      1.426426     28.470300     28.470300     56.940601
      1.436436     28.294148     28.294148     56.588297
      1.446446     26.665050     26.665050     53.330100
      1.456456     23.899910     23.899910     47.799821
      1.466466     20.411501     20.411501     40.823003
      1.476476     16.632701     16.632701     33.265403
      1.486486     12.971953     12.971953     25.943905
      1.496496      9.789007      9.789007     19.578014
      1.506507      7.376263      7.376263     14.752526
      1.516517      5.939967      5.939967     11.879935
      1.526527      5.583197      5.583197     11.166393
      1.536537      6.293679      6.293679     12.587358
      1.546547      7.939194      7.939194     15.878387
      1.556557     10.276146     10.276146     20.552292
      1.566567     12.979524     12.979524     25.959049
      1.576577     15.697916     15.697916     31.395833
      1.586587     18.125184     18.125184     36.250368
      1.596597     20.068937     20.068937     40.137874
      1.606607     21.493903     21.493903     42.987805
      1.616617     22.525979     22.525979     45.051958
      1.626627     23.413429     23.413429     46.826858
      1.636637     24.450596     24.450596     48.901191
      1.646647     25.878791     25.878791     51.757582
      1.656657     27.791432     27.791432     55.582863
      1.666667     30.080564     30.080564     60.161128
      1.676677     32.456892     32.456892     64.913783
      1.686687     34.547561     34.547561     69.095122
      1.696697     36.034360     36.034360     72.068720
      1.706707     36.764478     36.764478     73.528956
      1.716717     36.771956     36.771956     73.543912
      1.726727     36.196242     36.196242     72.392484
      1.736737     35.150230     35.150230     70.300460
      1.746747     33.629429     33.629429     67.258858
      1.756757     31.532877     31.532877     63.065753
      1.766767     28.792331     28.792331     57.584661
      1.776777     25.528293     25.528293     51.056585
      1.786787     22.125323     22.125323     44.250646
      1.796797     19.163496     19.163496     38.326992
      1.806807     17.225927     17.225927     34.451855
      1.816817     16.670087     16.670087     33.340174
      1.826827     17.467590     17.467590     34.935181
      1.836837     19.184105     19.184105     38.368210
      1.846847     21.111692     21.111692     42.223384
      1.856857     22.506051     22.506051     45.012102
      1.866867     22.839687     22.839687     45.679373
      1.876877     21.972845     21.972845     43.945690
      1.886887     20.174416     20.174416     40.348832
      1.896897     17.987202     17.987202     35.974404
      1.906907     15.999967     15.999967     31.999935
      1.916917     14.629233     14.629233     29.258466
      1.926927     14.005523     14.005523     28.011046
      1.936937     14.005156     14.005156     28.010313
      1.946947     14.395912     14.395912     28.791824
      1.956957     15.008557     15.008557     30.017115
      1.966967     15.835185     15.835185     31.670371
      1.976977     16.997644     16.997644     33.995289
      1.986987     18.605895     18.605895     37.211791
      1.996997     20.595782     20.595782     41.191565
      2.007007     22.655586     22.655586     45.311171
      2.017017     24.303054     24.303054     48.606108
      2.027027     25.083186     25.083186     50.166371
      2.037037     24.777712     24.777712     49.555423
      2.047047     23.503455     23.503455     47.006910
      2.057057     21.641126     21.641126     43.282253
      2.067067     19.638361     19.638361     39.276722
      2.077077     17.803871     17.803871     35.607742
      2.087087     16.207192     16.207192     32.414384
      2.097097     14.727009     14.727009     29.454018
      2.107107     13.201857     13.201857     26.403713
      2.117117     11.587080     11.587080     23.174160
      2.127127     10.034633     10.034633     20.069265
      2.137137      8.867353      8.867353     17.734705
      2.147147      8.474933      8.474933     16.949866
      2.157157      9.184208      9.184208     18.368417
      2.167167     11.149253     11.149253     22.298506
      2.177177     14.285491     14.285491     28.570982
      2.187187     18.255339     18.255339     36.510677
      2.197197     22.506281     22.506281     45.012562
      2.207207     26.359195     26.359195     52.718389
      2.217217     29.137202     29.137202     58.274404
      2.227227     30.311781     30.311781     60.623562
      2.237237     29.629260     29.629260     59.258519
      2.247247     27.176811     27.176811     54.353622
      2.257257     23.360211     23.360211     46.720421
      2.267267     18.795324     18.795324     37.590648
      2.277277     14.149925     14.149925     28.299850
      2.287287      9.993677      9.993677     19.987353
      2.297297      6.708752      6.708752     13.417503
      2.307307      4.483607      4.483607      8.967215
      2.317317      3.374408      3.374408      6.748815
      2.327327      3.392018      3.392018      6.784035
      2.337337      4.567701      4.567701      9.135402
      2.347347      6.965328      6.965328     13.930655
      2.357357     10.632621     10.632621     21.265241
      2.367367     15.509234     15.509234     31.018468
      2.377377     21.328870     21.328870     42.657739
      2.387387     27.561589     27.561589     55.123178
      2.397397     33.436892     33.436892     66.873785
      2.407407     38.065398     38.065398     76.130796
      2.417417     40.639769     40.639769     81.279538
      2.427427     40.655735     40.655735     81.311470
      2.437437     38.071415     38.071415     76.142829
      2.447447     33.335784     33.335784     66.671568
      2.457457     27.266881     27.266881     54.533761
      2.467467     20.825432     20.825432     41.650865
      2.477477     14.874564     14.874564     29.749129
      2.487487     10.015408     10.015408     20.030816
      2.497497      6.544028      6.544028     13.088057
      2.507508      4.515149      4.515149      9.030297
      2.517518      3.855708      3.855708      7.711416
      2.527528      4.463732      4.463732      8.927464
      2.537538      6.250766      6.250766     12.501532
      2.547548      9.121776      9.121776     18.243552
      2.557558     12.917143     12.917143     25.834285
      2.567568     17.356532     17.356532     34.713063
      2.577578     22.021580     22.021580     44.043159
      2.587588     26.397200     26.397200     52.794399
      2.597598     29.966914     29.966914     59.933829
      2.607608     32.334134     32.334134     64.668267
      2.617618     33.326712     33.326712     66.653424
      2.627628     33.043551     33.043551     66.087103
      2.637638     31.822589     31.822589     63.645179
      2.647648     30.143063     30.143063     60.286126
      2.657658     28.504496     28.504496     57.008992
      2.667668     27.331553     27.331553     54.663106
      2.677678     26.932111     26.932111     53.864223
      2.687688     27.500173     27.500173     55.000345
      2.697698     29.129929     29.129929     58.259858
      2.707708     31.807891     31.807891     63.615782
      2.717718     35.373644     35.373644     70.747289
      2.727728     39.471332     39.471332     78.942665
      2.737738     43.536356     43.536356     87.072711
      2.747748     46.861426     46.861426     93.722852
      2.757758     48.755896     48.755896     97.511793
      2.767768     48.759118     48.759118     97.518237
      2.777778     46.819522     46.819522     93.639045
      2.787788     43.342958     43.342958     86.685916
      2.797798     39.065254     39.065254     78.130508
      2.807808     34.792704     34.792704     69.585408
      2.817818     31.126302     31.126302     62.252604
      2.827828     28.293746     28.293746     56.587492
      2.837838     26.153455     26.153455     52.306910
      2.847848     24.347191     24.347191     48.694382
      2.857858     22.514224     22.514224     45.028448
      2.867868     20.467705     20.467705     40.935411
      2.877878     18.266415     18.266415     36.532829
      2.887888     16.167124     16.167124     32.334247
      2.897898     14.491415     14.491415     28.982830
      2.907908     13.471765     13.471765     26.943530
      2.917918     13.147092     13.147092     26.294183
      2.927928     13.354305     13.354305     26.708610
      2.937938     13.815919     13.815919     27.631838
      2.947948     14.274544     14.274544     28.549088
      2.957958     14.600535     14.600535     29.201071
      2.967968     14.816771     14.816771     29.633542
      2.977978     15.036299     15.036299     30.072598
      2.987988     15.361491     15.361491     30.722982
      2.997998     15.811228     15.811228     31.622457
      3.008008     16.313986     16.313986     32.627972
      3.018018     16.753205     16.753205     33.506410
      3.028028     17.017937     17.017937     34.035875
      3.038038     17.020780     17.020780     34.041560
      3.048048     16.684167     16.684167     33.368334
      3.058058     15.927985     15.927985     31.855969
      3.068068     14.688117     14.688117     29.376234
      3.078078     12.962480     12.962480     25.924961
      3.088088     10.850299     10.850299     21.700598
      3.098098      8.549670      8.549670     17.099340
      3.108108      6.307197      6.307197     12.614395
      3.118118      4.346545      4.346545      8.693090
      3.128128      2.814711      2.814711      5.629422
      3.138138      1.770599      1.770599      3.541197
      3.148148      1.214351      1.214351      2.428702
      3.158158      1.136114      1.136114      2.272229
      3.168168      1.557468      1.557468      3.114937
      3.178178      2.544757      2.544757      5.089515
      3.188188      4.184724      4.184724      8.369449
      3.198198      6.526125      6.526125     13.052250
      3.208208      9.505658      9.505658     19.011316
      3.218218     12.889497     12.889497     25.778994
      3.228228     16.265266     16.265266     32.530531
      3.238238     19.105873     19.105873     38.211746
      3.248248     20.896867     20.896867     41.793733
      3.258258     21.285607     21.285607     42.571214
      3.268268     20.192900     20.192900     40.385800
      3.278278     17.838879     17.838879     35.677759
      3.288288     14.671580     14.671580     29.343160
      3.298298     11.229540     11.229540     22.459080
      3.308308      7.995684      7.995684     15.991367
      3.318318      5.296187      5.296187     10.592374
      3.328328      3.270561      3.270561      6.541122
      3.338338      1.905660      1.905660      3.811320
      3.348348      1.104467      1.104467      2.208934
      3.358358      0.756998      0.756998      1.513996
      3.368368      0.790388      0.790388      1.580776
      3.378378      1.187926      1.187926      2.375853
      3.388388      1.975998      1.975998      3.951996
      3.398398      3.183938      3.183938      6.367876
      3.408408      4.788834      4.788834      9.577669
      3.418418      6.666634      6.666634     13.333269
      3.428428      8.576983      8.576983     17.153967
      3.438438     10.202805     10.202805     20.405609
      3.448448     11.242909     11.242909     22.485818
      3.458458     11.525575     11.525575     23.051149
      3.468468     11.091804     11.091804     22.183608
      3.478478     10.204150     10.204150     20.408299
      3.488488      9.269661      9.269661     18.539322
      3.498498      8.705594      8.705594     17.411188
      3.508509      8.802076      8.802076     17.604151
      3.518519      9.635369      9.635369     19.270738
      3.528529     11.061812     11.061812     22.123625
      3.538539     12.787864     12.787864     25.575729
      3.548549     14.480053     14.480053     28.960105
      3.558559     15.863514     15.863514     31.727028
      3.568569     16.768377     16.768377     33.536754
      3.578579     17.116529     17.116529     34.233057
      3.588589     16.878064     16.878064     33.756128
      3.598599     16.041288     16.041288     32.082575
      3.608609     14.621272     14.621272     29.242544
      3.618619     12.694909     12.694909     25.389818
      3.628629     10.425614     10.425614     20.851228
      3.638639      8.047821      8.047821     16.095642
      3.648649      5.812178      5.812178     11.624356
      3.658659      3.920777      3.920777      7.841555
      3.668669      2.486967      2.486967      4.973933
      3.678679      1.536577      1.536577      3.073154
      3.688689      1.042798      1.042798      2.085596
      3.698699      0.971551      0.971551      1.943103
      3.708709      1.313065      1.313065      2.626131
      3.718719      2.084135      2.084135      4.168269
      3.728729      3.298392      3.298392      6.596783
      3.738739      4.915831      4.915831      9.831662
      3.748749      6.795429      6.795429     13.590859
      3.758759      8.680396      8.680396     17.360791
      3.768769     10.237007     10.237007     20.474013
      3.778779     11.143537     11.143537     22.287075
      3.788789     11.196110     11.196110     22.392220
      3.798799     10.382449     10.382449     20.764899
      3.808809      8.886275      8.886275     17.772550
      3.818819      7.019831      7.019831     14.039661
      3.828829      5.118238      5.118238     10.236475
      3.838839      3.444304      3.444304      6.888609
      3.848849      2.139304      2.139304      4.278608
      3.858859      1.226456      1.226456      2.452912
      3.868869      0.649194      0.649194      1.298388
      3.878879      0.317984      0.317984      0.635968
      3.888889      0.146414      0.146414      0.292828
      3.898899      0.070163      0.070163      0.140326
      3.908909      0.052530      0.052530      0.105060
      3.918919      0.083964      0.083964      0.167929
      3.928929      0.181608      0.181608      0.363217
      3.938939      0.390815      0.390815      0.781631
      3.948949      0.786056      0.786056      1.572111
      3.958959      1.465220      1.465220      2.930440
      3.968969      2.531187      2.531187      5.062374
      3.978979      4.059691      4.059691      8.119382
      3.988989      6.062556      6.062556     12.125111
      3.998999      8.464829      8.464829     16.929658
      4.009009     11.114228     11.114228     22.228455
      4.019019     13.825847     13.825847     27.651693
      4.029029     16.440419     16.440419     32.880838
      4.039039     18.858439     18.858439     37.716879
      4.049049     21.022788     21.022788     42.045575
      4.059059     22.858502     22.858502     45.717004
      4.069069     24.216089     24.216089     48.432177
      4.079079     24.872896     24.872896     49.745791
      4.089089     24.613575     24.613575     49.227150
      4.099099     23.355650     23.355650     46.711300
      4.109109     21.248333     21.248333     42.496666
      4.119119     18.679438     18.679438     37.358876
      4.129129     16.172967     16.172967     32.345933
      4.139139     14.218775     14.218775     28.437551
      4.149149     13.111680     13.111680     26.223361
      4.159159     12.872583     12.872583     25.745166
      4.169169     13.283623     13.283623     26.567246
      4.179179     14.014224     14.014224     28.028447
      4.189189     14.772325     14.772325     29.544649
      4.199199     15.406940     15.406940     30.813880
      4.209209     15.919757     15.919757     31.839513
      4.219219     16.397257     16.397257     32.794515
      4.229229     16.917624     16.917624     33.835247
      4.239239     17.491388     17.491388     34.982776
      4.249249     18.061895     18.061895     36.123791
      4.259259     18.549481     18.549481     37.098962
      4.269269     18.903594     18.903594     37.807187
      4.279279     19.137417     19.137417     38.274834
      4.289289     19.339676     19.339676     38.679351
      4.299299     19.664788     19.664788     39.329576
      4.309309     20.295111     20.295111     40.590222
      4.319319     21.369503     21.369503     42.739005
      4.329329     22.896330     22.896330     45.792660
      4.339339     24.701036     24.701036     49.402072
      4.349349     26.461467     26.461467     52.922933
      4.359359     27.837747     27.837747     55.675494
      4.369369     28.632275     28.632275     57.264551
      4.379379     28.876588     28.876588     57.753176
      4.389389     28.776864     28.776864     57.553729
      4.399399     28.543083     28.543083     57.086166
      4.409409     28.211842     28.211842     56.423684
      4.419419     27.583708     27.583708     55.167415
      4.429429     26.321458     26.321458     52.642916
      4.439439     24.149132     24.149132     48.298264
      4.449449     21.029137     21.029137     42.058273
      4.459459     17.215753     17.215753     34.431506
      4.469469     13.165808     13.165808     26.331616
      4.479479      9.369682      9.369682     18.739364
      4.489489      6.196986      6.196986     12.393972
      4.499499      3.823454      3.823454      7.646907
      4.509510      2.249997      2.249997      4.499994
      4.519520      1.380558      1.380558      2.761116
      4.529530      1.111557      1.111557      2.223114
      4.539540      1.396502      1.396502      2.793004
      4.549550      2.267695      2.267695      4.535389
      4.559560      3.811265      3.811265      7.622531
      4.569570      6.102044      6.102044     12.204087
      4.579580      9.116695      9.116695     18.233390
      4.589590     12.658322     12.658322     25.316644
      4.599600     16.334650     16.334650     32.669300
      4.609610     19.621545     19.621545     39.243090
      4.619620     22.008542     22.008542     44.017084
      4.629630     23.176276     23.176276     46.352552
      4.639640     23.125355     23.125355     46.250709
      4.649650     22.187295     22.187295     44.374590
      4.659660     20.901663     20.901663     41.803325
      4.669670     19.811013     19.811013     39.622027
      4.679680     19.266051     19.266051     38.532101
      4.689690     19.323189     19.323189     38.646379
      4.699700     19.764635     19.764635     39.529269
      4.709710     20.212161     20.212161     40.424322
      4.719720     20.274137     20.274137     40.548275
      4.729730     19.670935     19.670935     39.341870
      4.739740     18.310508     18.310508     36.621016
      4.749750     16.309964     16.309964     32.619927
      4.759760     13.969382     13.969382     27.938763
      4.769770     11.706594     11.706594     23.413188
      4.779780      9.966122      9.966122     19.932244
      4.789790      9.124065      9.124065     18.248130
      4.799800      9.416225      9.416225     18.832449
      4.809810     10.911219     10.911219     21.822438
      4.819820     13.532108     13.532108     27.064215
      4.829830     17.105967     17.105967     34.211934
      4.839840     21.404482     21.404482     42.808963
      4.849850     26.144719     26.144719     52.289439
      4.859860     30.952192     30.952192     61.904384
      4.869870     35.330476     35.330476     70.660953
      4.879880     38.697879     38.697879     77.395758
      4.889890     40.516748     40.516748     81.033497
      4.899900     40.470133     40.470133     80.940266
      4.909910     38.587654     38.587654     77.175309
      4.919920     35.237478     35.237478     70.474956
      4.929930     30.981424     30.981424     61.962849
      4.939940     26.376093     26.376093     52.752187
      4.949950     21.828366     21.828366     43.656731
      4.959960     17.563661     17.563661     35.127322
      4.969970     13.685521     13.685521     27.371042
      4.979980     10.257733     10.257733     20.515467
      4.989990      7.351421      7.351421     14.702841
      5.000000      5.045768      5.045768     10.091536
