# EIG2DOS: Utility for SIESTA to obtain the electronic density of states
#  E. Artacho, Apr 1999, A. Garcia, Apr 2012
#  Nick R. Papior, Feb 2017
# ------------------------------------------
# Eigenvalues calculated from a non-polarized calculation
# Eigenvalues read from siesta.EIG
# Kpoint weights read from siesta.KP
# Using smearing parameter:   0.0500
# Using 1000 points in the energy range
# Selected bands: 1 to: 2981
# Emin, Emax in file for selected band(s):    -27.1518941    218.3674960
# Nbands, Nspin, Nk   =   2981     1     1
# E_F                 =    -4.2346 eV --> (shifted to ZERO)
# Broadening          =     0.0500 eV
#
#        E            N(up)  (=)   N(down)         Ntot
     -5.000000     32.771239     32.771239     65.542478
     -4.989990     37.159138     37.159138     74.318276
     -4.979980     41.108598     41.108598     82.217196
     -4.969970     43.990124     43.990124     87.980249
     -4.959960     45.296231     45.296231     90.592462
     -4.949950     44.806392     44.806392     89.612785
     -4.939940     42.667463     42.667463     85.334926
     -4.929930     39.370694     39.370694     78.741388
     -4.919920     35.653184     35.653184     71.306368
     -4.909910     32.368574     32.368574     64.737149
     -4.899900     30.353164     30.353164     60.706328
     -4.889890     30.283514     30.283514     60.567028
     -4.879880     32.515429     32.515429     65.030858
     -4.869870     36.926837     36.926837     73.853674
     -4.859860     42.834672     42.834672     85.669344
     -4.849850     49.070366     49.070366     98.140732
     -4.839840     54.248006     54.248006    108.496011
     -4.829830     57.160074     57.160074    114.320149
     -4.819820     57.149076     57.149076    114.298151
     -4.809810     54.292720     54.292720    108.585439
     -4.799800     49.322722     49.322722     98.645443
     -4.789790     43.326365     43.326365     86.652730
     -4.779780     37.377136     37.377136     74.754272
     -4.769770     32.250996     32.250996     64.501992
     -4.759760     28.313861     28.313861     56.627721
     -4.749750     25.569168     25.569168     51.138335
     -4.739740     23.791245     23.791245     47.582489
     -4.729730     22.663426     22.663426     45.326853
     -4.719720     21.872383     21.872383     43.744766
     -4.709710     21.150616     21.150616     42.301231
     -4.699700     20.286927     20.286927     40.573855
     -4.689690     19.134114     19.134114     38.268229
     -4.679680     17.635467     17.635467     35.270934
     -4.669670     15.871563     15.871563     31.743125
     -4.659660     14.106317     14.106317     28.212634
     -4.649650     12.799414     12.799414     25.598827
     -4.639640     12.557936     12.557936     25.115872
     -4.629630     14.018955     14.018955     28.037910
     -4.619620     17.677617     17.677617     35.355234
     -4.609610     23.697283     23.697283     47.394567
     -4.599600     31.758522     31.758522     63.517045
     -4.589590     41.015153     41.015153     82.030305
     -4.579580     50.211758     50.211758    100.423516
     -4.569570     57.966562     57.966562    115.933123
     -4.559560     63.148521     63.148521    126.297042
     -4.549550     65.216049     65.216049    130.432098
     -4.539540     64.378019     64.378019    128.756038
     -4.529530     61.499884     61.499884    122.999768
     -4.519520     57.783333     57.783333    115.566665
     -4.509510     54.345629     54.345629    108.691258
     -4.499499     51.866125     51.866125    103.732249
     -4.489489     50.432276     50.432276    100.864551
     -4.479479     49.624088     49.624088     99.248177
     -4.469469     48.771559     48.771559     97.543119
     -4.459459     47.255732     47.255732     94.511465
     -4.449449     44.727887     44.727887     89.455773
     -4.439439     41.182641     41.182641     82.365282
     -4.429429     36.899685     36.899685     73.799370
     -4.419419     32.321586     32.321586     64.643173
     -4.409409     27.938476     27.938476     55.876952
     -4.399399     24.213328     24.213328     48.426656
     -4.389389     21.536604     21.536604     43.073208
     -4.379379     20.180065     20.180065     40.360129
     -4.369369     20.237476     20.237476     40.474951
     -4.359359     21.575694     21.575694     43.151388
     -4.349349     23.839507     23.839507     47.679014
     -4.339339     26.536990     26.536990     53.073980
     -4.329329     29.188032     29.188032     58.376065
     -4.319319     31.477918     31.477918     62.955835
     -4.309309     33.348469     33.348469     66.696938
     -4.299299     34.985806     34.985806     69.971613
     -4.289289     36.707797     36.707797     73.415594
     -4.279279     38.792121     38.792121     77.584243
     -4.269269     41.305888     41.305888     82.611777
     -4.259259     44.001086     44.001086     88.002171
     -4.249249     46.328180     46.328180     92.656359
     -4.239239     47.587517     47.587517     95.175034
     -4.229229     47.182730     47.182730     94.365460
     -4.219219     44.880498     44.880498     89.760996
     -4.209209     40.954924     40.954924     81.909849
     -4.199199     36.133350     36.133350     72.266700
     -4.189189     31.354605     31.354605     62.709210
     -4.179179     27.448177     27.448177     54.896354
     -4.169169     24.882524     24.882524     49.765049
     -4.159159     23.688806     23.688806     47.377613
     -4.149149     23.571899     23.571899     47.143798
     -4.139139     24.131120     24.131120     48.262240
     -4.129129     25.072944     25.072944     50.145887
     -4.119119     26.316144     26.316144     52.632288
     -4.109109     27.947668     27.947668     55.895335
     -4.099099     30.058784     30.058784     60.117567
     -4.089089     32.551081     32.551081     65.102161
     -4.079079     35.026458     35.026458     70.052915
     -4.069069     36.844528     36.844528     73.689055
     -4.059059     37.347164     37.347164     74.694328
     -4.049049     36.151820     36.151820     72.303640
     -4.039039     33.363262     33.363262     66.726524
     -4.029029     29.587878     29.587878     59.175756
     -4.019019     25.739991     25.739991     51.479982
     -4.009009     22.739859     22.739859     45.479718
     -3.998999     21.249308     21.249308     42.498616
     -3.988989     21.550416     21.550416     43.100832
     -3.978979     23.581038     23.581038     47.162076
     -3.968969     27.061492     27.061492     54.122985
     -3.958959     31.624767     31.624767     63.249534
     -3.948949     36.897990     36.897990     73.795980
     -3.938939     42.537307     42.537307     85.074614
     -3.928929     48.247434     48.247434     96.494868
     -3.918919     53.804458     53.804458    107.608917
     -3.908909     59.066867     59.066867    118.133734
     -3.898899     63.943145     63.943145    127.886289
     -3.888889     68.305752     68.305752    136.611505
     -3.878879     71.887162     71.887162    143.774324
     -3.868869     74.227081     74.227081    148.454161
     -3.858859     74.730687     74.730687    149.461375
     -3.848849     72.844884     72.844884    145.689768
     -3.838839     68.292317     68.292317    136.584634
     -3.828829     61.260954     61.260954    122.521908
     -3.818819     52.455978     52.455978    104.911955
     -3.808809     42.977374     42.977374     85.954748
     -3.798799     34.061054     34.061054     68.122108
     -3.788789     26.775574     26.775574     53.551147
     -3.778779     21.776648     21.776648     43.553297
     -3.768769     19.189964     19.189964     38.379928
     -3.758759     18.641726     18.641726     37.283452
     -3.748749     19.411231     19.411231     38.822463
     -3.738739     20.653922     20.653922     41.307843
     -3.728729     21.636293     21.636293     43.272586
     -3.718719     21.928436     21.928436     43.856872
     -3.708709     21.510383     21.510383     43.020766
     -3.698699     20.764082     20.764082     41.528165
     -3.688689     20.345621     20.345621     40.691242
     -3.678679     20.962819     20.962819     41.925638
     -3.668669     23.116906     23.116906     46.233812
     -3.658659     26.891476     26.891476     53.782951
     -3.648649     31.870564     31.870564     63.741128
     -3.638639     37.229203     37.229203     74.458407
     -3.628629     41.971729     41.971729     83.943459
     -3.618619     45.226519     45.226519     90.453039
     -3.608609     46.480274     46.480274     92.960549
     -3.598599     45.669373     45.669373     91.338746
     -3.588589     43.119702     43.119702     86.239404
     -3.578579     39.391821     39.391821     78.783641
     -3.568569     35.107852     35.107852     70.215704
     -3.558559     30.811673     30.811673     61.623345
     -3.548549     26.878362     26.878362     53.756724
     -3.538539     23.472597     23.472597     46.945195
     -3.528529     20.559061     20.559061     41.118122
     -3.518519     17.968469     17.968469     35.936937
     -3.508509     15.505363     15.505363     31.010727
     -3.498498     13.058625     13.058625     26.117249
     -3.488488     10.667265     10.667265     21.334530
     -3.478478      8.514389      8.514389     17.028777
     -3.468468      6.857937      6.857937     13.715874
     -3.458458      5.933036      5.933036     11.866073
     -3.448448      5.863931      5.863931     11.727861
     -3.438438      6.610692      6.610692     13.221384
     -3.428428      7.962687      7.962687     15.925374
     -3.418418      9.583571      9.583571     19.167143
     -3.408408     11.104490     11.104490     22.208981
     -3.398398     12.245346     12.245346     24.490692
     -3.388388     12.923414     12.923414     25.846827
     -3.378378     13.301482     13.301482     26.602965
     -3.368368     13.747183     13.747183     27.494366
     -3.358358     14.714613     14.714613     29.429227
     -3.348348     16.594072     16.594072     33.188144
     -3.338338     19.582619     19.582619     39.165239
     -3.328328     23.606721     23.606721     47.213442
     -3.318318     28.301040     28.301040     56.602079
     -3.308308     33.038923     33.038923     66.077847
     -3.298298     37.021136     37.021136     74.042272
     -3.288288     39.434684     39.434684     78.869368
     -3.278278     39.668353     39.668353     79.336706
     -3.268268     37.522805     37.522805     75.045610
     -3.258258     33.321402     33.321402     66.642804
     -3.248248     27.851765     27.851765     55.703529
     -3.238238     22.143919     22.143919     44.287837
     -3.228228     17.170869     17.170869     34.341737
     -3.218218     13.589307     13.589307     27.178614
     -3.208208     11.608097     11.608097     23.216193
     -3.198198     11.009379     11.009379     22.018758
     -3.188188     11.292145     11.292145     22.584289
     -3.178178     11.880304     11.880304     23.760609
     -3.168168     12.331592     12.331592     24.663183
     -3.158158     12.489221     12.489221     24.978442
     -3.148148     12.532997     12.532997     25.065994
     -3.138138     12.913442     12.913442     25.826884
     -3.128128     14.187997     14.187997     28.375994
     -3.118118     16.810043     16.810043     33.620086
     -3.108108     20.937068     20.937068     41.874136
     -3.098098     26.319507     26.319507     52.639013
     -3.088088     32.309951     32.309951     64.619902
     -3.078078     37.998535     37.998535     75.997070
     -3.068068     42.439844     42.439844     84.879689
     -3.058058     44.900334     44.900334     89.800667
     -3.048048     45.040212     45.040212     90.080424
     -3.038038     42.965124     42.965124     85.930249
     -3.028028     39.138105     39.138105     78.276210
     -3.018018     34.204928     34.204928     68.409856
     -3.008008     28.819569     28.819569     57.639137
     -2.997998     23.540631     23.540631     47.081261
     -2.987988     18.817031     18.817031     37.634062
     -2.977978     15.028295     15.028295     30.056589
     -2.967968     12.523161     12.523161     25.046322
     -2.957958     11.615008     11.615008     23.230016
     -2.947948     12.525472     12.525472     25.050943
     -2.937938     15.297089     15.297089     30.594178
     -2.927928     19.712105     19.712105     39.424211
     -2.917918     25.258376     25.258376     50.516751
     -2.907908     31.175075     31.175075     62.350150
     -2.897898     36.588041     36.588041     73.176082
     -2.887888     40.708505     40.708505     81.417011
     -2.877878     43.032810     43.032810     86.065619
     -2.867868     43.465531     43.465531     86.931062
     -2.857858     42.309620     42.309620     84.619240
     -2.847848     40.120981     40.120981     80.241962
     -2.837838     37.486880     37.486880     74.973759
     -2.827828     34.824784     34.824784     69.649569
     -2.817818     32.288317     32.288317     64.576635
     -2.807808     29.812587     29.812587     59.625173
     -2.797798     27.260172     27.260172     54.520345
     -2.787788     24.579840     24.579840     49.159679
     -2.777778     21.889624     21.889624     43.779248
     -2.767768     19.444040     19.444040     38.888081
     -2.757758     17.513967     17.513967     35.027934
     -2.747748     16.257632     16.257632     32.515264
     -2.737738     15.662968     15.662968     31.325936
     -2.727728     15.594185     15.594185     31.188370
     -2.717718     15.907272     15.907272     31.814543
     -2.707708     16.553107     16.553107     33.106213
     -2.697698     17.594236     17.594236     35.188472
     -2.687688     19.120078     19.120078     38.240155
     -2.677678     21.118157     21.118157     42.236314
     -2.667668     23.395778     23.395778     46.791555
     -2.657658     25.618356     25.618356     51.236713
     -2.647648     27.452967     27.452967     54.905933
     -2.637638     28.730955     28.730955     57.461909
     -2.627628     29.525799     29.525799     59.051598
     -2.617618     30.096404     30.096404     60.192809
     -2.607608     30.733733     30.733733     61.467467
     -2.597598     31.606524     31.606524     63.213049
     -2.587588     32.690026     32.690026     65.380053
     -2.577578     33.795414     33.795414     67.590828
     -2.567568     34.653000     34.653000     69.306000
     -2.557558     34.988204     34.988204     69.976407
     -2.547548     34.566429     34.566429     69.132858
     -2.537538     33.228191     33.228191     66.456382
     -2.527528     30.943935     30.943935     61.887870
     -2.517518     27.883464     27.883464     55.766928
     -2.507508     24.453781     24.453781     48.907563
     -2.497497     21.253409     21.253409     42.506818
     -2.487487     18.930737     18.930737     37.861474
     -2.477477     17.991169     17.991169     35.982337
     -2.467467     18.633547     18.633547     37.267095
     -2.457457     20.689519     20.689519     41.379038
     -2.447447     23.695739     23.695739     47.391478
     -2.437437     27.070926     27.070926     54.141851
     -2.427427     30.323100     30.323100     60.646201
     -2.417417     33.196859     33.196859     66.393718
     -2.407407     35.694874     35.694874     71.389748
     -2.397397     37.964618     37.964618     75.929237
     -2.387387     40.106797     40.106797     80.213593
     -2.377377     42.005006     42.005006     84.010012
     -2.367367     43.272874     43.272874     86.545747
     -2.357357     43.361931     43.361931     86.723863
     -2.347347     41.792758     41.792758     83.585517
     -2.337337     38.403880     38.403880     76.807759
     -2.327327     33.496945     33.496945     66.993889
     -2.317317     27.805656     27.805656     55.611313
     -2.307307     22.303070     22.303070     44.606140
     -2.297297     17.935731     17.935731     35.871462
     -2.287287     15.392975     15.392975     30.785950
     -2.277277     14.983438     14.983438     29.966877
     -2.267267     16.630932     16.630932     33.261865
     -2.257257     19.956120     19.956120     39.912240
     -2.247247     24.395496     24.395496     48.790992
     -2.237237     29.317636     29.317636     58.635271
     -2.227227     34.113025     34.113025     68.226049
     -2.217217     38.249022     38.249022     76.498045
     -2.207207     41.295002     41.295002     82.590004
     -2.197197     42.934206     42.934206     85.868412
     -2.187187     42.983016     42.983016     85.966032
     -2.177177     41.427876     41.427876     82.855752
     -2.167167     38.465663     38.465663     76.931326
     -2.157157     34.509965     34.509965     69.019930
     -2.147147     30.125836     30.125836     60.251671
     -2.137137     25.889625     25.889625     51.779250
     -2.127127     22.221603     22.221603     44.443205
     -2.117117     19.270341     19.270341     38.540683
     -2.107107     16.910496     16.910496     33.820992
     -2.097097     14.855543     14.855543     29.711085
     -2.087087     12.823386     12.823386     25.646772
     -2.077077     10.668370     10.668370     21.336739
     -2.067067      8.421737      8.421737     16.843474
     -2.057057      6.240357      6.240357     12.480714
     -2.047047      4.310534      4.310534      8.621069
     -2.037037      2.764236      2.764236      5.528473
     -2.027027      1.642081      1.642081      3.284162
     -2.017017      0.903830      0.903830      1.807660
     -2.007007      0.465135      0.465135      0.930271
     -1.996997      0.236574      0.236574      0.473149
     -1.986987      0.151228      0.151228      0.302457
     -1.976977      0.179023      0.179023      0.358045
     -1.966967      0.332344      0.332344      0.664688
     -1.956957      0.666779      0.666779      1.333559
     -1.946947      1.276246      1.276246      2.552493
     -1.936937      2.277788      2.277788      4.555575
     -1.926927      3.781945      3.781945      7.563890
     -1.916917      5.851408      5.851408     11.702816
     -1.906907      8.460832      8.460832     16.921664
     -1.896897     11.477374     11.477374     22.954748
     -1.886887     14.677386     14.677386     29.354772
     -1.876877     17.798841     17.798841     35.597682
     -1.866867     20.609645     20.609645     41.219290
     -1.856857     22.961746     22.961746     45.923492
     -1.846847     24.807224     24.807224     49.614448
     -1.836837     26.171516     26.171516     52.343031
     -1.826827     27.099042     27.099042     54.198085
     -1.816817     27.597742     27.597742     55.195484
     -1.806807     27.608319     27.608319     55.216639
     -1.796797     27.013706     27.013706     54.027413
     -1.786787     25.688038     25.688038     51.376076
     -1.776777     23.566886     23.566886     47.133772
     -1.766767     20.708256     20.708256     41.416513
     -1.756757     17.314394     17.314394     34.628787
     -1.746747     13.700552     13.700552     27.401103
     -1.736737     10.222027     10.222027     20.444055
     -1.726727      7.191192      7.191192     14.382383
     -1.716717      4.819730      4.819730      9.639460
     -1.706707      3.205773      3.205773      6.411546
     -1.696697      2.360650      2.360650      4.721299
     -1.686687      2.250109      2.250109      4.500217
     -1.676677      2.820482      2.820482      5.640963
     -1.666667      3.992817      3.992817      7.985634
     -1.656657      5.630665      5.630665     11.261329
     -1.646647      7.508235      7.508235     15.016469
     -1.636637      9.312890      9.312890     18.625780
     -1.626627     10.702450     10.702450     21.404899
     -1.616617     11.407930     11.407930     22.815859
     -1.606607     11.342463     11.342463     22.684926
     -1.596597     10.666405     10.666405     21.332810
     -1.586587      9.774934      9.774934     19.549868
     -1.576577      9.207118      9.207118     18.414237
     -1.566567      9.504079      9.504079     19.008157
     -1.556557     11.055405     11.055405     22.110810
     -1.546547     13.970636     13.970636     27.941273
     -1.536537     18.007382     18.007382     36.014764
     -1.526527     22.583107     22.583107     45.166213
     -1.516517     26.885010     26.885010     53.770021
     -1.506507     30.063500     30.063500     60.127000
     -1.496496     31.456885     31.456885     62.913771
     -1.486486     30.771176     30.771176     61.542351
     -1.476476     28.149645     28.149645     56.299290
     -1.466466     24.111178     24.111178     48.222357
     -1.456456     19.390367     19.390367     38.780735
     -1.446446     14.746375     14.746375     29.492750
     -1.436436     10.806367     10.806367     21.612733
     -1.426426      7.979353      7.979353     15.958706
     -1.416416      6.438493      6.438493     12.876987
     -1.406406      6.145756      6.145756     12.291511
     -1.396396      6.892352      6.892352     13.784705
     -1.386386      8.345510      8.345510     16.691020
     -1.376376     10.109077     10.109077     20.218154
     -1.366366     11.805187     11.805187     23.610374
     -1.356356     13.164401     13.164401     26.328802
     -1.346346     14.089270     14.089270     28.178539
     -1.336336     14.654748     14.654748     29.309496
     -1.326326     15.037890     15.037890     30.075780
     -1.316316     15.411623     15.411623     30.823245
     -1.306306     15.860599     15.860599     31.721198
     -1.296296     16.360384     16.360384     32.720768
     -1.286286     16.815937     16.815937     33.631875
     -1.276276     17.117430     17.117430     34.234861
     -1.266266     17.170727     17.170727     34.341454
     -1.256256     16.893609     16.893609     33.787218
     -1.246246     16.204391     16.204391     32.408783
     -1.236236     15.034858     15.034858     30.069717
     -1.226226     13.371811     13.371811     26.743622
     -1.216216     11.298678     11.298678     22.597356
     -1.206206      9.001211      9.001211     18.002423
     -1.196196      6.725134      6.725134     13.450267
     -1.186186      4.707293      4.707293      9.414585
     -1.176176      3.118207      3.118207      6.236414
     -1.166166      2.043138      2.043138      4.086276
     -1.156156      1.502486      1.502486      3.004971
     -1.146146      1.489713      1.489713      2.979426
     -1.136136      1.998237      1.998237      3.996475
     -1.126126      3.018059      3.018059      6.036118
     -1.116116      4.501775      4.501775      9.003549
     -1.106106      6.319547      6.319547     12.639094
     -1.096096      8.234867      8.234867     16.469735
     -1.086086      9.929465      9.929465     19.858930
     -1.076076     11.083802     11.083802     22.167603
     -1.066066     11.487697     11.487697     22.975394
     -1.056056     11.131945     11.131945     22.263889
     -1.046046     10.233137     10.233137     20.466274
     -1.036036      9.172189      9.172189     18.344379
     -1.026026      8.366528      8.366528     16.733056
     -1.016016      8.124809      8.124809     16.249619
     -1.006006      8.538766      8.538766     17.077532
     -0.995996      9.451079      9.451079     18.902158
     -0.985986     10.510485     10.510485     21.020970
     -0.975976     11.294777     11.294777     22.589554
     -0.965966     11.456915     11.456915     22.913830
     -0.955956     10.838740     10.838740     21.677479
     -0.945946      9.509099      9.509099     19.018197
     -0.935936      7.716702      7.716702     15.433403
     -0.925926      5.786520      5.786520     11.573040
     -0.915916      4.010464      4.010464      8.020927
     -0.905906      2.577040      2.577040      5.154079
     -0.895896      1.557979      1.557979      3.115957
     -0.885886      0.940996      0.940996      1.881993
     -0.875876      0.682272      0.682272      1.364543
     -0.865866      0.752635      0.752635      1.505271
     -0.855856      1.160729      1.160729      2.321458
     -0.845846      1.946432      1.946432      3.892863
     -0.835836      3.146287      3.146287      6.292573
     -0.825826      4.741638      4.741638      9.483275
     -0.815816      6.610451      6.610451     13.220902
     -0.805806      8.510217      8.510217     17.020434
     -0.795796     10.113141     10.113141     20.226282
     -0.785786     11.092495     11.092495     22.184990
     -0.775776     11.229535     11.229535     22.459070
     -0.765766     10.492571     10.492571     20.985143
     -0.755756      9.048786      9.048786     18.097572
     -0.745746      7.202642      7.202642     14.405283
     -0.735736      5.291894      5.291894     10.583788
     -0.725726      3.589812      3.589812      7.179623
     -0.715716      2.251575      2.251575      4.503150
     -0.705706      1.314860      1.314860      2.629720
     -0.695696      0.738976      0.738976      1.477951
     -0.685686      0.456723      0.456723      0.913446
     -0.675676      0.418013      0.418013      0.836025
     -0.665666      0.614850      0.614850      1.229701
     -0.655656      1.084959      1.084959      2.169919
     -0.645646      1.893856      1.893856      3.787711
     -0.635636      3.096816      3.096816      6.193631
     -0.625626      4.687950      4.687950      9.375899
     -0.615616      6.553927      6.553927     13.107854
     -0.605606      8.457854      8.457854     16.915708
     -0.595596     10.074333     10.074333     20.148665
     -0.585586     11.075450     11.075450     22.150900
     -0.575576     11.238122     11.238122     22.476244
     -0.565566     10.524781     10.524781     21.049561
     -0.555556      9.097440      9.097440     18.194881
     -0.545546      7.257921      7.257921     14.515842
     -0.535536      5.344316      5.344316     10.688632
     -0.525526      3.632109      3.632109      7.264218
     -0.515516      2.278308      2.278308      4.556616
     -0.505506      1.319024      1.319024      2.638049
     -0.495495      0.704823      0.704823      1.409646
     -0.485485      0.347612      0.347612      0.695223
     -0.475475      0.158232      0.158232      0.316465
     -0.465465      0.066479      0.066479      0.132958
     -0.455455      0.025779      0.025779      0.051557
     -0.445445      0.009226      0.009226      0.018452
     -0.435435      0.003048      0.003048      0.006096
     -0.425425      0.000932      0.000932      0.001864
     -0.415415      0.000274      0.000274      0.000548
     -0.405405      0.000122      0.000122      0.000243
     -0.395395      0.000226      0.000226      0.000451
     -0.385385      0.000758      0.000758      0.001516
     -0.375375      0.002509      0.002509      0.005018
     -0.365365      0.007697      0.007697      0.015394
     -0.355355      0.021799      0.021799      0.043598
     -0.345345      0.056981      0.056981      0.113962
     -0.335335      0.137472      0.137472      0.274944
     -0.325325      0.306115      0.306115      0.612231
     -0.315315      0.629133      0.629133      1.258267
     -0.305305      1.193403      1.193403      2.386806
     -0.295295      2.089386      2.089386      4.178771
     -0.285285      3.376267      3.376267      6.752535
     -0.275275      5.035492      5.035492     10.070984
     -0.265265      6.931605      6.931605     13.863211
     -0.255255      8.806688      8.806688     17.613376
     -0.245245     10.327096     10.327096     20.654193
     -0.235235     11.177140     11.177140     22.354281
     -0.225225     11.165291     11.165291     22.330581
     -0.215215     10.294285     10.294285     20.588571
     -0.205205      8.760103      8.760103     17.520207
     -0.195195      6.880328      6.880328     13.760655
     -0.185185      4.987648      4.987648      9.975297
     -0.175175      3.337101      3.337101      6.674203
     -0.165165      2.060772      2.060772      4.121543
     -0.155155      1.174565      1.174565      2.349130
     -0.145145      0.617890      0.617890      1.235780
     -0.135135      0.300008      0.300008      0.600015
     -0.125125      0.134444      0.134444      0.268887
     -0.115115      0.055608      0.055608      0.111215
     -0.105105      0.021228      0.021228      0.042457
     -0.095095      0.007480      0.007480      0.014959
     -0.085085      0.002432      0.002432      0.004865
     -0.075075      0.000730      0.000730      0.001460
     -0.065065      0.000202      0.000202      0.000405
     -0.055055      0.000052      0.000052      0.000103
     -0.045045      0.000012      0.000012      0.000024
     -0.035035      0.000003      0.000003      0.000005
     -0.025025      0.000001      0.000001      0.000001
     -0.015015      0.000000      0.000000      0.000000
     -0.005005      0.000000      0.000000      0.000000
      0.005005      0.000000      0.000000      0.000000
      0.015015      0.000000      0.000000      0.000000
      0.025025      0.000001      0.000001      0.000001
      0.035035      0.000003      0.000003      0.000005
      0.045045      0.000012      0.000012      0.000024
      0.055055      0.000052      0.000052      0.000103
      0.065065      0.000202      0.000202      0.000405
      0.075075      0.000730      0.000730      0.001460
      0.085085      0.002432      0.002432      0.004865
      0.095095      0.007480      0.007480      0.014959
      0.105105      0.021228      0.021228      0.042457
      0.115115      0.055608      0.055608      0.111215
      0.125125      0.134444      0.134444      0.268887
      0.135135      0.300008      0.300008      0.600016
      0.145145      0.617891      0.617891      1.235781
      0.155155      1.174566      1.174566      2.349132
      0.165165      2.060773      2.060773      4.121545
      0.175175      3.337103      3.337103      6.674206
      0.185185      4.987650      4.987650      9.975301
      0.195195      6.880329      6.880329     13.760659
      0.205205      8.760105      8.760105     17.520210
      0.215215     10.294287     10.294287     20.588573
      0.225225     11.165291     11.165291     22.330582
      0.235235     11.177140     11.177140     22.354280
      0.245245     10.327095     10.327095     20.654190
      0.255255      8.806686      8.806686     17.613372
      0.265265      6.931603      6.931603     13.863207
      0.275275      5.035490      5.035490     10.070980
      0.285285      3.376266      3.376266      6.752532
      0.295295      2.089384      2.089384      4.178769
      0.305305      1.193403      1.193403      2.386805
      0.315315      0.629133      0.629133      1.258266
      0.325325      0.306115      0.306115      0.612230
      0.335335      0.137472      0.137472      0.274944
      0.345345      0.056981      0.056981      0.113962
      0.355355      0.021799      0.021799      0.043598
      0.365365      0.007697      0.007697      0.015394
      0.375375      0.002509      0.002509      0.005017
      0.385385      0.000756      0.000756      0.001512
      0.395395      0.000216      0.000216      0.000432
      0.405405      0.000083      0.000083      0.000166
      0.415415      0.000131      0.000131      0.000262
      0.425425      0.000444      0.000444      0.000888
      0.435435      0.001519      0.001519      0.003038
      0.445445      0.004821      0.004821      0.009643
      0.455455      0.014129      0.014129      0.028258
      0.465465      0.038215      0.038215      0.076429
      0.475475      0.095399      0.095399      0.190798
      0.485485      0.219808      0.219808      0.439616
      0.495495      0.467445      0.467445      0.934891
      0.505506      0.917497      0.917497      1.834994
      0.515516      1.662132      1.662132      3.324264
      0.525526      2.779157      2.779157      5.558314
      0.535536      4.288916      4.288916      8.577832
      0.545546      6.108982      6.108982     12.217965
      0.555556      8.031140      8.031140     16.062280
      0.565566      9.744798      9.744798     19.489596
      0.575576     10.913324     10.913324     21.826648
      0.585586     11.280658     11.280658     22.561315
      0.595596     10.762718     10.762718     21.525435
      0.605606      9.479430      9.479430     18.958860
      0.615616      7.711622      7.711622     15.423245
      0.625626      5.805762      5.805762     11.611524
      0.635636      4.073814      4.073814      8.147627
      0.645646      2.731268      2.731268      5.462535
      0.655656      1.889477      1.889477      3.778954
      0.665666      1.587780      1.587780      3.175559
      0.675676      1.833682      1.833682      3.667365
      0.685686      2.621584      2.621584      5.243167
      0.695696      3.917676      3.917676      7.835353
      0.705706      5.621487      5.621487     11.242974
      0.715716      7.532824      7.532824     15.065649
      0.725726      9.357121      9.357121     18.714242
      0.735736     10.766778     10.766778     21.533557
      0.745746     11.505420     11.505420     23.010840
      0.755756     11.491845     11.491845     22.983689
      0.765766     10.870621     10.870621     21.741242
      0.775776      9.975978      9.975978     19.951956
      0.785786      9.215620      9.215620     18.431240
      0.795796      8.919228      8.919228     17.838456
      0.805806      9.213167      9.213167     18.426335
      0.815816      9.972119      9.972119     19.944238
      0.825826     10.867039     10.867039     21.734079
      0.835836     11.490193     11.490193     22.980387
      0.845846     11.506604     11.506604     23.013208
      0.855856     10.770314     10.770314     21.540627
      0.865866      9.360372      9.360372     18.720745
      0.875876      7.529389      7.529389     15.058778
      0.885886      5.597293      5.597293     11.194586
      0.895896      3.842776      3.842776      7.685553
      0.905906      2.435685      2.435685      4.871370
      0.915916      1.425104      1.425104      2.850208
      0.925926      0.769723      0.769723      1.539447
      0.935936      0.384055      0.384055      0.768110
      0.945946      0.177998      0.177998      0.355996
      0.955956      0.079735      0.079735      0.159470
      0.965966      0.043422      0.043422      0.086844
      0.975976      0.048652      0.048652      0.097304
      0.985986      0.098552      0.098552      0.197105
      0.995996      0.220210      0.220210      0.440421
      1.006006      0.466911      0.466911      0.933822
      1.016016      0.917679      0.917679      1.835357
      1.026026      1.667126      1.667126      3.334251
      1.036036      2.799948      2.799948      5.599896
      1.046046      4.351656      4.351656      8.703311
      1.056056      6.269020      6.269020     12.538041
      1.066066      8.393451      8.393451     16.786903
      1.076076     10.487909     10.487909     20.975819
      1.086086     12.307983     12.307983     24.615966
      1.096096     13.688581     13.688581     27.377163
      1.106106     14.599851     14.599851     29.199703
      1.116116     15.137705     15.137705     30.275410
      1.126126     15.453738     15.453738     30.907477
      1.136136     15.669955     15.669955     31.339910
      1.146146     15.833290     15.833290     31.666580
      1.156156     15.933339     15.933339     31.866679
      1.166166     15.957760     15.957760     31.915520
      1.176176     15.933421     15.933421     31.866841
      1.186186     15.919119     15.919119     31.838238
      1.196196     15.961086     15.961086     31.922173
      1.206206     16.055061     16.055061     32.110122
      1.216216     16.149984     16.149984     32.299969
      1.226226     16.187663     16.187663     32.375326
      1.236236     16.138362     16.138362     32.276725
      1.246246     15.996302     15.996302     31.992603
      1.256256     15.737903     15.737903     31.475805
      1.266266     15.283674     15.283674     30.567349
      1.276276     14.506909     14.506909     29.013818
      1.286286     13.296200     13.296200     26.592400
      1.296296     11.635289     11.635289     23.270578
      1.306306      9.649083      9.649083     19.298167
      1.316316      7.588992      7.588992     15.177985
      1.326326      5.771728      5.771728     11.543456
      1.336336      4.510446      4.510446      9.020892
      1.346346      4.069485      4.069485      8.138971
      1.356356      4.645045      4.645045      9.290090
      1.366366      6.349779      6.349779     12.699559
      1.376376      9.179275      9.179275     18.358549
      1.386386     12.962408     12.962408     25.924817
      1.396396     17.326641     17.326641     34.653282
      1.406406     21.718882     21.718882     43.437765
      1.416416     25.500662     25.500662     51.001325
      1.426426     28.094317     28.094317     56.188635
      1.436436     29.123528     29.123528     58.247055
      1.446446     28.491679     28.491679     56.983358
      1.456456     26.375181     26.375181     52.750363
      1.466466     23.151029     23.151029     46.302058
      1.476476     19.300007     19.300007     38.600014
      1.486486     15.320482     15.320482     30.640963
      1.496496     11.666763     11.666763     23.333526
      1.506507      8.709808      8.709808     17.419616
      1.516517      6.713520      6.713520     13.427039
      1.526527      5.821654      5.821654     11.643307
      1.536537      6.052078      6.052078     12.104156
      1.546547      7.297129      7.297129     14.594259
      1.556557      9.333411      9.333411     18.666822
      1.566567     11.848873     11.848873     23.697746
      1.576577     14.492736     14.492736     28.985473
      1.586587     16.942861     16.942861     33.885721
      1.596597     18.972886     18.972886     37.945772
      1.606607     20.498185     20.498185     40.996369
      1.616617     21.587607     21.587607     43.175214
      1.626627     22.439288     22.439288     44.878576
      1.636637     23.325059     23.325059     46.650118
      1.646647     24.510381     24.510381     49.020761
      1.656657     26.163172     26.163172     52.326344
      1.666667     28.277915     28.277915     56.555830
      1.676677     30.650674     30.650674     61.301348
      1.686687     32.930952     32.930952     65.861905
      1.696697     34.743035     34.743035     69.486070
      1.706707     35.827314     35.827314     71.654628
      1.716717     36.128988     36.128988     72.257976
      1.726727     35.780238     35.780238     71.560476
      1.736737     34.981154     34.981154     69.962308
      1.746747     33.851658     33.851658     67.703315
      1.756757     32.354262     32.354262     64.708523
      1.766767     30.348303     30.348303     60.696606
      1.776777     27.749901     27.749901     55.499802
      1.786787     24.696398     24.696398     49.392797
      1.796797     21.603115     21.603115     43.206230
      1.806807     19.061380     19.061380     38.122760
      1.816817     17.617763     17.617763     35.235527
      1.826827     17.538770     17.538770     35.077541
      1.836837     18.671952     18.671952     37.343905
      1.846847     20.469302     20.469302     40.938603
      1.856857     22.168841     22.168841     44.337683
      1.866867     23.064550     23.064550     46.129100
      1.876877     22.756724     22.756724     45.513447
      1.886887     21.280641     21.280641     42.561282
      1.896897     19.062360     19.062360     38.124720
      1.906907     16.726612     16.726612     33.453224
      1.916917     14.846804     14.846804     29.693607
      1.926927     13.748771     13.748771     27.497541
      1.936937     13.448446     13.448446     26.896892
      1.946947     13.736306     13.736306     27.472612
      1.956957     14.351019     14.351019     28.702038
      1.966967     15.143671     15.143671     30.287342
      1.976977     16.142075     16.142075     32.284150
      1.986987     17.480586     17.480586     34.961172
      1.996997     19.239076     19.239076     38.478152
      2.007007     21.292976     21.292976     42.585952
      2.017017     23.277102     23.277102     46.554205
      2.027027     24.701968     24.701968     49.403935
      2.037037     25.166872     25.166872     50.333744
      2.047047     24.548628     24.548628     49.097256
      2.057057     23.053913     23.053913     46.107826
      2.067067     21.104526     21.104526     42.209053
      2.077077     19.125921     19.125921     38.251842
      2.087087     17.363851     17.363851     34.727702
      2.097097     15.828486     15.828486     31.656972
      2.107107     14.381848     14.381848     28.763697
      2.117117     12.900936     12.900936     25.801871
      2.127127     11.416225     11.416225     22.832450
      2.137137     10.154083     10.154083     20.308165
      2.147147      9.472742      9.472742     18.945483
      2.157157      9.733273      9.733273     19.466547
      2.167167     11.164979     11.164979     22.329958
      2.177177     13.771739     13.771739     27.543478
      2.187187     17.300655     17.300655     34.601311
      2.197197     21.273211     21.273211     42.546421
      2.207207     25.067494     25.067494     50.134988
      2.217217     28.034667     28.034667     56.069334
      2.227227     29.628828     29.628828     59.257655
      2.237237     29.524514     29.524514     59.049029
      2.247247     27.692531     27.692531     55.385062
      2.257257     24.408369     24.408369     48.816737
      2.267267     20.183724     20.183724     40.367449
      2.277277     15.638480     15.638480     31.276959
      2.287287     11.356008     11.356008     22.712016
      2.297297      7.773092      7.773092     15.546183
      2.307307      5.139799      5.139799     10.279597
      2.317317      3.552265      3.552265      7.104531
      2.327327      3.029973      3.029973      6.059945
      2.337337      3.593719      3.593719      7.187438
      2.347347      5.305016      5.305016     10.610032
      2.357357      8.246449      8.246449     16.492899
      2.367367     12.446989     12.446989     24.893979
      2.377377     17.779185     17.779185     35.558369
      2.387387     23.871162     23.871162     47.742324
      2.397397     30.079995     30.079995     60.159989
      2.407407     35.559513     35.559513     71.119026
      2.417417     39.424365     39.424365     78.848731
      2.427427     40.970855     40.970855     81.941711
      2.437437     39.880908     39.880908     79.761815
      2.447447     36.328710     36.328710     72.657421
      2.457457     30.941044     30.941044     61.882088
      2.467467     24.622075     24.622075     49.244150
      2.477477     18.311910     18.311910     36.623820
      2.487487     12.773208     12.773208     25.546415
      2.497497      8.478347      8.478347     16.956693
      2.507508      5.615887      5.615887     11.231774
      2.517518      4.180879      4.180879      8.361758
      2.527528      4.085868      4.085868      8.171735
      2.537538      5.235906      5.235906     10.471811
      2.547548      7.540881      7.540881     15.081761
      2.557558     10.873788     10.873788     21.747575
      2.567568     15.008997     15.008997     30.017994
      2.577578     19.582231     19.582231     39.164463
      2.587588     24.103636     24.103636     48.207271
      2.597598     28.032482     28.032482     56.064964
      2.607608     30.895362     30.895362     61.790725
      2.617618     32.408629     32.408629     64.817258
      2.627628     32.558681     32.558681     65.117362
      2.637638     31.605922     31.605922     63.211844
      2.647648     30.008323     30.008323     60.016645
      2.657658     28.296176     28.296176     56.592352
      2.667668     26.950712     26.950712     53.901425
      2.677678     26.330727     26.330727     52.661453
      2.687688     26.657632     26.657632     53.315265
      2.697698     28.033634     28.033634     56.067269
      2.707708     30.454530     30.454530     60.909060
      2.717718     33.794489     33.794489     67.588978
      2.727728     37.770806     37.770806     75.541611
      2.737738     41.921428     41.921428     83.842857
      2.747748     45.634015     45.634015     91.268029
      2.757758     48.249371     48.249371     96.498743
      2.767768     49.227885     49.227885     98.455770
      2.777778     48.326177     48.326177     96.652354
      2.787788     45.704766     45.704766     91.409532
      2.797798     41.900296     41.900296     83.800592
      2.807808     37.653273     37.653273     75.306545
      2.817818     33.656989     33.656989     67.313977
      2.827828     30.338645     30.338645     60.677290
      2.837838     27.768347     27.768347     55.536694
      2.847848     25.724812     25.724812     51.449623
      2.857858     23.870189     23.870189     47.740379
      2.867868     21.942675     21.942675     43.885350
      2.877878     19.880460     19.880460     39.760920
      2.887888     17.831965     17.831965     35.663930
      2.897898     16.061266     16.061266     32.122532
      2.907908     14.802525     14.802525     29.605050
      2.917918     14.137545     14.137545     28.275091
      2.927928     13.957364     13.957364     27.914728
      2.937938     14.024910     14.024910     28.049821
      2.947948     14.100404     14.100404     28.200809
      2.957958     14.055086     14.055086     28.110172
      2.967968     13.906167     13.906167     27.812335
      2.977978     13.755249     13.755249     27.510498
      2.987988     13.673918     13.673918     27.347835
      2.997998     13.613546     13.613546     27.227092
      3.008008     13.399061     13.399061     26.798121
      3.018018     12.810747     12.810747     25.621493
      3.028028     11.702315     11.702315     23.404630
      3.038038     10.084170     10.084170     20.168341
      3.048048      8.127496      8.127496     16.254992
      3.058058      6.095155      6.095155     12.190309
      3.068068      4.244501      4.244501      8.489001
      3.078078      2.753361      2.753361      5.506722
      3.088088      1.697314      1.697314      3.394628
      3.098098      1.074737      1.074737      2.149474
      3.108108      0.855399      0.855399      1.710797
      3.118118      1.025000      1.025000      2.050000
      3.128128      1.606493      1.606493      3.212987
      3.138138      2.651250      2.651250      5.302500
      3.148148      4.205001      4.205001      8.410003
      3.158158      6.264168      6.264168     12.528336
      3.168168      8.745080      8.745080     17.490159
      3.178178     11.485878     11.485878     22.971756
      3.188188     14.284853     14.284853     28.569705
      3.198198     16.955524     16.955524     33.911049
      3.208208     19.364023     19.364023     38.728045
      3.218218     21.422955     21.422955     42.845910
      3.228228     23.046574     23.046574     46.093148
      3.238238     24.103681     24.103681     48.207361
      3.248248     24.411920     24.411920     48.823840
      3.258258     23.791555     23.791555     47.583109
      3.268268     22.155449     22.155449     44.310899
      3.278278     19.584337     19.584337     39.168675
      3.288288     16.341578     16.341578     32.683156
      3.298298     12.815090     12.815090     25.630180
      3.308308      9.413128      9.413128     18.826255
      3.318318      6.461483      6.461483     12.922966
      3.328328      4.143166      4.143166      8.286333
      3.338338      2.496033      2.496033      4.992066
      3.348348      1.456555      1.456555      2.913110
      3.358358      0.922903      0.922903      1.845806
      3.368368      0.810674      0.810674      1.621348
      3.378378      1.083806      1.083806      2.167612
      3.388388      1.753650      1.753650      3.507301
      3.398398      2.847629      2.847629      5.695259
      3.408408      4.357270      4.357270      8.714540
      3.418418      6.185337      6.185337     12.370673
      3.428428      8.119586      8.119586     16.239172
      3.438438      9.857779      9.857779     19.715558
      3.448448     11.089156     11.089156     22.178312
      3.458458     11.607087     11.607087     23.214173
      3.468468     11.403259     11.403259     22.806517
      3.478478     10.693710     10.693710     21.387420
      3.488488      9.855461      9.855461     19.710922
      3.498498      9.295142      9.295142     18.590283
      3.508509      9.304264      9.304264     18.608527
      3.518519      9.962541      9.962541     19.925082
      3.528529     11.128696     11.128696     22.257391
      3.538539     12.518333     12.518333     25.036667
      3.548549     13.828325     13.828325     27.656650
      3.558559     14.845498     14.845498     29.690995
      3.568569     15.487749     15.487749     30.975498
      3.578579     15.766072     15.766072     31.532144
      3.588589     15.704401     15.704401     31.408803
      3.598599     15.278711     15.278711     30.557421
      3.608609     14.418968     14.418968     28.837935
      3.618619     13.069595     13.069595     26.139191
      3.628629     11.261657     11.261657     22.523314
      3.638639      9.143768      9.143768     18.287537
      3.648649      6.950286      6.950286     13.900573
      3.658659      4.927886      4.927886      9.855773
      3.668669      3.264411      3.264411      6.528821
      3.678679      2.055500      2.055500      4.111001
      3.688689      1.317182      1.317182      2.634363
      3.698699      1.027166      1.027166      2.054332
      3.708709      1.167099      1.167099      2.334199
      3.718719      1.742351      1.742351      3.484702
      3.728729      2.768591      2.768591      5.537183
      3.738739      4.229734      4.229734      8.459468
      3.748749      6.026645      6.026645     12.053291
      3.758759      7.945862      7.945862     15.891723
      3.768769      9.675345      9.675345     19.350690
      3.778779     10.875408     10.875408     21.750817
      3.788789     11.283085     11.283085     22.566169
      3.798799     10.804407     10.804407     21.608815
      3.808809      9.549088      9.549088     19.098175
      3.818819      7.789506      7.789506     15.579012
      3.828829      5.864688      5.864688     11.729376
      3.838839      4.075373      4.075373      8.150746
      3.848849      2.613848      2.613848      5.227697
      3.858859      1.547411      1.547411      3.094822
      3.868869      0.845845      0.845845      1.691690
      3.878879      0.427895      0.427895      0.855790
      3.888889      0.203446      0.203446      0.406893
      3.898899      0.099941      0.099941      0.199883
      3.908909      0.073493      0.073493      0.146987
      3.918919      0.111330      0.111330      0.222659
      3.928929      0.232048      0.232048      0.464096
      3.938939      0.486137      0.486137      0.972274
      3.948949      0.954131      0.954131      1.908262
      3.958959      1.736294      1.736294      3.472588
      3.968969      2.928510      2.928510      5.857021
      3.978979      4.585790      4.585790      9.171581
      3.988989      6.685709      6.685709     13.371418
      3.998999      9.112268      9.112268     18.224536
      4.009009     11.677100     11.677100     23.354199
      4.019019     14.176219     14.176219     28.352437
      4.029029     16.455783     16.455783     32.911567
      4.039039     18.448060     18.448060     36.896119
      4.049049     20.152862     20.152862     40.305723
      4.059059     21.575020     21.575020     43.150040
      4.069069     22.661111     22.661111     45.322221
      4.079079     23.283991     23.283991     46.567981
      4.089089     23.295861     23.295861     46.591722
      4.099099     22.627381     22.627381     45.254763
      4.109109     21.379029     21.379029     42.758059
      4.119119     19.849434     19.849434     39.698869
      4.129129     18.473752     18.473752     36.947505
      4.139139     17.688435     17.688435     35.376869
      4.149149     17.776199     17.776199     35.552398
      4.159159     18.758569     18.758569     37.517139
      4.169169     20.385144     20.385144     40.770289
      4.179179     22.225926     22.225926     44.451852
      4.189189     23.825988     23.825988     47.651975
      4.199199     24.854603     24.854603     49.709205
      4.209209     25.188010     25.188010     50.376020
      4.219219     24.901738     24.901738     49.803475
      4.229229     24.193487     24.193487     48.386975
      4.239239     23.285180     23.285180     46.570360
      4.249249     22.349508     22.349508     44.699015
      4.259259     21.480135     21.480135     42.960270
      4.269269     20.697902     20.697902     41.395804
      4.279279     19.975657     19.975657     39.951314
      4.289289     19.270205     19.270205     38.540409
      4.299299     18.555721     18.555721     37.111442
      4.309309     17.849037     17.849037     35.698074
      4.319319     17.211568     17.211568     34.423135
      4.329329     16.721135     16.721135     33.442270
      4.339339     16.430488     16.430488     32.860977
      4.349349     16.347127     16.347127     32.694253
      4.359359     16.457764     16.457764     32.915528
      4.369369     16.781793     16.781793     33.563586
      4.379379     17.402784     17.402784     34.805569
      4.389389     18.430989     18.430989     36.861978
      4.399399     19.899148     19.899148     39.798296
      4.409409     21.654735     21.654735     43.309470
      4.419419     23.334626     23.334626     46.669253
      4.429429     24.467781     24.467781     48.935562
      4.439439     24.669654     24.669654     49.339309
      4.449449     23.824408     23.824408     47.648816
      4.459459     22.146995     22.146995     44.293989
      4.469469     20.083383     20.083383     40.166766
      4.479479     18.101585     18.101585     36.203169
      4.489489     16.488094     16.488094     32.976188
      4.499499     15.256388     15.256388     30.512775
      4.509510     14.205459     14.205459     28.410919
      4.519520     13.082918     13.082918     26.165835
      4.529530     11.758613     11.758613     23.517226
      4.539540     10.323019     10.323019     20.646038
      4.549550      9.074408      9.074408     18.148815
      4.559560      8.414069      8.414069     16.828138
      4.569570      8.699696      8.699696     17.399393
      4.579580     10.108511     10.108511     20.217022
      4.589590     12.548476     12.548476     25.096952
      4.599600     15.643450     15.643450     31.286900
      4.609610     18.806769     18.806769     37.613538
      4.619620     21.396990     21.396990     42.793980
      4.629630     22.915531     22.915531     45.831061
      4.639640     23.174141     23.174141     46.348281
      4.649650     22.356868     22.356868     44.713737
      4.659660     20.940582     20.940582     41.881165
      4.669670     19.504566     19.504566     39.009132
      4.679680     18.514619     18.514619     37.029238
      4.689690     18.175679     18.175679     36.351359
      4.699700     18.404624     18.404624     36.809248
      4.709710     18.910708     18.910708     37.821417
      4.719720     19.326171     19.326171     38.652343
      4.729730     19.326629     19.326629     38.653258
      4.739740     18.710217     18.710217     37.420435
      4.749750     17.436089     17.436089     34.872178
      4.759760     15.633771     15.633771     31.267541
      4.769770     13.586416     13.586416     27.172833
      4.779780     11.682108     11.682108     23.364216
      4.789790     10.333558     10.333558     20.667116
      4.799800      9.885117      9.885117     19.770233
      4.809810     10.540393     10.540393     21.080785
      4.819820     12.339096     12.339096     24.678193
      4.829830     15.186604     15.186604     30.373208
      4.839840     18.908180     18.908180     37.816360
      4.849850     23.283997     23.283997     46.567994
      4.859860     28.037621     28.037621     56.075242
      4.869870     32.794929     32.794929     65.589857
      4.879880     37.071170     37.071170     74.142341
      4.889890     40.341532     40.341532     80.683064
      4.899900     42.193128     42.193128     84.386256
      4.909910     42.481235     42.481235     84.962470
      4.919920     41.383999     41.383999     82.767999
      4.929930     39.303058     39.303058     78.606116
      4.939940     36.660178     36.660178     73.320356
      4.949950     33.713523     33.713523     67.427046
      4.959960     30.502720     30.502720     61.005440
      4.969970     26.941210     26.941210     53.882420
      4.979980     22.977874     22.977874     45.955749
      4.989990     18.716436     18.716436     37.432872
      5.000000     14.424881     14.424881     28.849761
